8075.149902
8164.899902
8181.350098
8165.450195
8175.850098
8215.599609
8273.75
8329.900391
8349.599609
8384.849609
8354.5
8369.450195
8380.349609
8340.099609
8287.599609
8223.849609
8242.849609
8255.599609
8295.150391
8244.599609
8301.900391
8280.799805
8248.799805
8068
7953.25
7910.850098
7963.549805
7937.549805
8096
8098.299805
7968.049805
8016.25
7925.299805
7924.100098
7943.399902
7806.950195
7692.100098
7804.700195
7973.399902
7869.399902
7938.950195
8119.549805
8153.549805
8102.200195
7932.899902
8018.899902
7929.350098
8462.400391
8535.099609
8657.700195
8632.099609
8634.5
8661.950195
8493.950195
8493.25
8623.700195
8686.25
8719.099609
8744.5
8720.650391
8664.400391
8666.049805
8535.25
8485.5
8446.75
8470.650391
8624.650391
8692.950195
8729.25
8626.150391
8711.099609
8716
8706.700195
8618.049805
8558.549805
8560.450195
8460.200195
8433.700195
8465
8606.150391
8609.700195
8568.950195
8536.25
8528.849609
8440.950195
8382.650391
8450.950195
8467.25
8428.599609
8453.400391
8427.450195
8298.700195
8248.650391
8172.200195
8114.5
8078.25
8049.950195
8032.350098
8187.149902
8087.649902
8109
8186.25
8196.549805
8197.900391
8300.849609
8495.549805
8499.849609
8383.450195
8406.5
8419.599609
8447.599609
8489.5
8495.900391
8445.25
8452.549805
8305.200195
8298.5
8179.200195
8372.049805
8089.350098
8156.75
8393.549805
8389.900391
8287.400391
8323.450195
8241.299805
8441.099609
8463.599609
8418.700195
8487
8753.900391
8799.849609
8815
8759
8702.75
8688.400391
8519.5
8518.349609
8370.900391
8546.299805
8556
8567.450195
8596.299805
8671.299805
8719.75
8748.099609
8651.099609
8673.900391
8802.799805
8713.799805
8727.599609
8763.299805
8933.599609
8913
8991.400391
8948.5
8836.349609
8670.950195
8756
8754.200195
8749.150391
8826.349609
8874.849609
8854.299805
8800.200195
8714.75
8623.849609
8547.700195
8500.400391
8637.75
8688.450195
8713.950195
8751.299805
8798.200195
8924.299805
8893.299805
8881
8734.599609
8705
8673.099609
8548.299805
8512
8486.200195
8286.450195
8305.299805
8327.049805
8248.799805
8112.350098
8133.899902
8383.349609
8399.900391
8290.450195
8251.099609
8237.650391
8188.450195
8159.649902
8240.349609
8298.900391
8203.950195
8145.799805
7995.850098
8031.049805
8193.849609
8202.650391
8276.450195
8340.5
8313.75
8417.849609
8517.150391
8548.5
8522.75
8493.849609
8513
8540.599609
8448.150391
8425.900391
8415.75
8491.799805
8443
8379.25
8358.200195
8405.400391
8395.75
8351.900391
8318.099609
8344.049805
8312.950195
8289.950195
8281.75
8274.5
8265.849609
8256.849609
8108
8032.799805
7973.149902
7939.200195
7964.799805
7942.950195
7872.649902
7822.299805
7719.850098
7678.5
7808.950195
7822.399902
7796.149902
7902.450195
7780.549805
7789.299805
7884.25
7905.700195
7900.600098
7902.149902
7835.75
7931.850098
7949.649902
8083.799805
8062.799805
8065.700195
7923.5
7879.799805
8008.899902
8066.5
8047.299805
8048.549805
8110.450195
8122.399902
8034.049805
8041.100098
8058.75
8023.25
7968.049805
7880.399902
7868.299805
7839.799805
7841.799805
7860.899902
7840.350098
7818.899902
7835.149902
7802.899902
7715.049805
7658.850098
7657.450195
7563.25
7504.100098
7592.5
7614.149902
7682.950195
7624.850098
7542.450195
7650.350098
7711.299805
7665.899902
7701.899902
7751.950195
7720.75
7701.799805
7625.600098
7608.700195
7593.950195
7568.049805
7473.950195
7388.350098
7385.799805
7510.25
7517.850098
7564
7750.549805
7720.299805
7686.350098
7699.049805
7599.299805
7571
7461.649902
7443.950195
7513.5
7523.399902
7435.75
7446.799805
7474.75
7497.75
7568.100098
7469.299805
7474.399902
7596.450195
7578
7618.899902
7622.799805
7554.799805
7440.299805
7363.5
7365.850098
7311.350098
7181.299805
7182.899902
7275.200195
7259.799805
7308.75
7334.899902
7239.25
7201.950195
7221
7208.25
7115.399902
7024.049805
7017.149902
6999.450195
6898.700195
6756.100098
6566.5
6561.950195
6621.200195
6605.350098
6602
6598.549805
6626.799805
6674.899902
6691.600098
6737.200195
6715.850098
6716.100098
6673.649902
6572.799805
6628.75
6681.850098
6703.450195
6691.899902
6591.100098
6589.950195
6625.049805
6646.350098
6608.149902
6597.049805
6578.299805
6513.299805
6474.450195
6463.600098
6453.649902
6370
6356.25
6397.799805
6387.25
6362.299805
6351.450195
6377.5
6372.700195
6402
6388.100098
6273.850098
6202.5
6171.600098
6099.049805
6146.299805
6103.649902
6072.299805
6059.100098
6034
5974
6027.549805
6002.5
5949.5
5928.350098
5887.450195
5969.549805
5953.25
5945.25
5958.25
5934.350098
5919.200195
5896.350098
5893.5
5976
5943
5999.200195
5999.100098
6008.450195
6144.549805
6226.049805
6222.649902
6199.850098
6190.649902
6145.350098
6204.549805
6215.350098
6145.649902
6171.25
6087.75
6087.75
6100.899902
6087.950195
6122
6136.850098
6140.25
6225.450195
6210.75
6231.350098
6194.450195
6183.399902
6195.299805
6181.5
6077.950195
6119.799805
6041.399902
6051.950195
6054.100098
6122.649902
6189.149902
6216.049805
6248.350098
6151.549805
6133.649902
6060.299805
6100.899902
6117.549805
6075.950195
5994.299805
5959.700195
5961.25
6011.200195
5897.549805
5898
6016.950195
6093.450195
6081.899902
5956.25
5883.549805
5911.649902
5966.549805
6025.149902
6062.25
6100.149902
6136.25
6179.700195
6166.700195
6117.899902
6086.899902
5971.850098
6019.200195
6043.299805
6057.25
6078.299805
6076.5
6049.299805
5916.450195
5956.899902
5984.799805
5968.950195
5904.899902
5887.25
5811.649902
5793.549805
5789.549805
5788
5665.100098
5621.649902
5714.5
5753.75
5746.350098
5758.200195
5755.350098
5868.549805
5960
5750.299805
5704.549805
5699.100098
5708.600098
5705.450195
5769.350098
5745.600098
5543.350098
5543.350098
5465.450195
5328.049805
5227.700195
5425.899902
5348.399902
5288.299805
5170.899902
5182.5
5365.450195
5357.350098
5293.450195
5196.700195
5290.149902
5309.100098
5406.5
5635.450195
5635.450195
5593.350098
5504.399902
5455.549805
5455.549805
5410.850098
5419.049805
5558.200195
5545.850098
5598.450195
5623.799805
5633.75
5715.399902
5771.5
5797.149902
5873
5962.850098
5919.549805
5919.399902
5932.950195
5865.149902
5856.200195
5930.799805
5905
5838
5732.399902
5771.850098
5720.75
5767.799805
5741.149902
5681.5
5768.299805
5809
5736.299805
5583.950195
5500.149902
5518.549805
5504.049805
5588.649902
5589.149902
5751.350098
5738.049805
5764.700195
5719.649902
5615.600098
5680.25
5716.700195
5808.049805
5822.200195
5866.600098
5872.049805
5867
5877.850098
5912.600098
6035.549805
6019.850098
6030.649902
6005.950195
5911.649902
5890.850098
6013.149902
6034.350098
6076.700195
6112.350098
6090.850098
6065.049805
5921.600098
5906.149902
6012.399902
5968
5986.75
5967.200195
5897.450195
5868.799805
5917.350098
5846.200195
5846.200195
5816.399902
5779.450195
5820.549805
5747.799805
5747.799805
5749.600098
5693.600098
5693.600098
5603.75
5601.25
5488.549805
5457.299805
5506.899902
5475.149902
5414.100098
5460.75
5466.649902
5485
5580.600098
5653.299805
5604.950195
5578.899902
5531.25
5531.25
5523.399902
5543.100098
5549.549805
5585.25
5644.899902
5737.049805
5768.700195
5803.149902
5746.649902
5812.799805
5844.350098
5845.850098
5767.600098
5727.049805
5693.899902
5609.899902
5635.049805
5605.049805
5711.950195
5672.350098
5761.350098
5762.350098
5760.899902
5855.299805
5853.850098
5810.950195
5798.100098
5804.049805
5846.5
5844.049805
5821
5826.25
5861.899902
5885.799805
5880.049805
5909.649902
5923.450195
5950.950195
5961.450195
5957.75
5985.399902
5984
5923.700195
5968.399902
5967.5
6005.100098
5988
5970.649902
5938.399902
5996.850098
5966.899902
5892.700195
5918.850098
5922.850098
5949.899902
5939.25
5961.25
5956.549805
5938.200195
5847.5
5845.700195
5806.850098
5839.75
5793.200195
5785.299805
5854.799805
5864.799805
5830.950195
5786.200195
5799.549805
5769.5
5808.149902
5816.450195
5829.149902
5824.450195
5848.649902
5816.299805
5805.25
5785.649902
5786.149902
5734.549805
5644.350098
5644.350098
5554.25
5534.799805
5532.200195
5515.700195
5475.649902
5479.299805
5489.950195
5546.700195
5575.549805
5575.549805
5589.200195
5577.950195
5627.799805
5644.950195
5605.25
5586.100098
5581.799805
5531.600098
5503.200195
5476.149902
5539.25
5543.149902
5587.850098
5576.399902
5576.399902
5601.299805
5572.600098
5606.25
5549.899902
5538.700195
5578.950195
5573.100098
5599.799805
5543.700195
5596.600098
5567.700195
5633.299805
5671.649902
5617.899902
5602
5602
5583.75
5527.149902
5532.200195
5540.600098
5532.649902
5545.5
5417.700195
5456.799805
5456.799805
5454.350098
5415.799805
5290.450195
5290.700195
5256.049805
5233.350098
5208.399902
5114.850098
5100.75
5145.649902
5121.049805
5126.299805
5173.75
5149.450195
5210.549805
5248.850098
5274.899902
5275.549805
5286.200195
5238.700195
5238.700195
5237.200195
5253.75
5253.75
5224.350098
5191.850098
5196
5211.25
5214.450195
5166.25
5106.200195
5119.450195
5125.799805
5112.25
5084.149902
4986.200195
4941.299805
5009
5029.149902
5016.299805
5099.700195
5131.100098
5107.600098
5088.399902
5096.049805
5122.899902
5132.600098
5196
5231.25
5165.200195
5208.75
5222.049805
5196.850098
5180.899902
5163.700195
5159.149902
5034.950195
5027.149902
5006.75
4995.75
5024.350098
5041.5
4996.75
4975.75
4940.700195
5014
4937.350098
5003.450195
4997.350098
4939.350098
4956.100098
4937.399902
4887.200195
4760.899902
4746.950195
4745.399902
4823.450195
4841.200195
4883.399902
4881.049805
4816.850098
4813.299805
4736.450195
4762.899902
4789.649902
4773.450195
4763.450195
4846.299805
4814.399902
4835.049805
4872.549805
4878.649902
4910.950195
5019.399902
4988.049805
5082.600098
5135.049805
5143.350098
5143.350098
5086.100098
5088.350098
5104.25
5123.700195
5109.299805
5197
5236
5211.700195
5204.5
5145.049805
5124.950195
5187.450195
5141.149902
5160.649902
5152.049805
5238.649902
5238.649902
5269.549805
5225.299805
5200.149902
5081.25
5089.149902
5138.100098
5084.100098
5173.700195
5124.5
5260.049805
5168.149902
5146.299805
5208.600098
5270.799805
5356.299805
5319.549805
5254.549805
5224.700195
5110.350098
5110.350098
5116.700195
5170.350098
5246.799805
5229.950195
5273.100098
5261.549805
5155.100098
5300.899902
5351.75
5371.049805
5491.649902
5451.950195
5413.649902
5414.149902
5299.350098
5272.299805
5263.700195
5286.850098
5241.700195
5204.200195
5237.5
5191.899902
5142.600098
5108.25
5069.700195
4959.75
5074.100098
5031.049805
5031.049805
4994.25
4911.149902
4913.649902
4883
4819.399902
4834.450195
4747.600098
4738.149902
4703.850098
4721.600098
4704.200195
4598.549805
4602.5
4602.899902
4601.149902
4612.049805
4477.350098
4495.5
4547.100098
4590.549805
4562
4584.399902
4543.149902
4408.399902
4481.549805
4527.950195
4619.5
4634.5
4671.200195
4642.899902
4742.5
4814.299805
4925.149902
4907.100098
4907.100098
4914.75
4802.25
4709.25
4691.200195
4739.100098
4608.299805
4592.549805
4694.399902
4664.850098
4784.350098
4811.799805
4902.200195
4937.299805
5027
5049.799805
5102.450195
5102.450195
5170.100098
5169.149902
5169.149902
5145.75
5133.850098
5132.649902
5193.399902
5217.5
5068.299805
5068.299805
5054.25
4974.399902
4936.399902
4978.950195
5024.899902
4934.049805
5010.399902
5021.25
4976.350098
4992.100098
4875.799805
4874.350098
4789.950195
4665.75
4665.75
4688.049805
4766.100098
4860.100098
4927.049805
4867.450195
4892.350098
4765.600098
4804.200195
4855.850098
5056.049805
5054
4956.700195
5004.049805
4995.399902
4931.100098
4867.200195
4873.350098
4986.350098
5074.549805
5050.799805
4986.450195
4947.600098
4963.350098
4921.149902
4921.149902
4921.149902
4844.799805
4681.399902
4774.549805
4825.100098
4881.75
4835.299805
4783.5
4870.549805
4980.75
4969.649902
5009.200195
5009.200195
5070.25
5093.149902
5003.899902
5052.5
5138.950195
5250.75
5313.950195
5361
5417.549805
5391.25
5412.950195
5470.5
5493.100098
5588.600098
5546.049805
5458.950195
5489.100098
5540.600098
5502.350098
5511.850098
5527.200195
5506.600098
5447.850098
5531.450195
5574.399902
5645.700195
5550.299805
5554.25
5571
5541.600098
5553.5
5512.149902
5465.049805
5451.299805
5389.350098
5246.649902
5210.899902
5215.149902
5202.799805
5307.950195
5339.149902
5389.100098
5441.299805
5423.149902
5424.5
5458.600098
5465.799805
5490.850098
5464.299805
5452.350098
5485.950195
5529.450195
5411.049805
5406.049805
5343
5287.600098
5325.649902
5311.25
5402.450195
5349.799805
5347.350098
5372.450195
5424.549805
5465.450195
5407.350098
5476.350098
5451.450195
5460.549805
5455.399902
5362.350098
5436.25
5466.350098
5597.899902
5649.25
5690.549805
5736.649902
5761.799805
5767.850098
5773.100098
5751.600098
5650.700195
5640.049805
5729.399902
5802.450195
5802.450195
5684.100098
5684.100098
5739.100098
5788.450195
5787.549805
5801.75
5790.399902
5711.649902
5711.700195
5672.950195
5615.649902
5570.75
5536.799805
5417
5376.450195
5315.399902
5268.299805
5278.700195
5347.149902
5402.399902
5340.350098
5421.850098
5344.200195
5392.350098
5426
5413.450195
5358.399902
5430.549805
5428.049805
5416.5
5416.5
5232.299805
5204.399902
5165.299805
5337.100098
5369.549805
5419.350098
5364.149902
5452
5388.100098
5386.600098
5361.149902
5209.700195
5123.75
5144
5215.350098
5302.799805
5305.649902
5425.399902
5336.799805
5324.149902
5411.549805
5412.049805
5509
5598.25
5598.25
5652.399902
5607.399902
5615.950195
5596.899902
5618.850098
5557.799805
5564.100098
5657.799805
5753.350098
5648.899902
5656.899902
5798.5
5935.649902
5976.399902
6042.549805
6056.200195
6034.75
5996.700195
5956.649902
5895.350098
5898
5913.700195
5889.75
5899.450195
5913.100098
5858.799805
5862.049805
5862.049805
5812.75
5869.799805
5826.149902
5768.600098
5682.200195
5827.549805
5904.899902
5930
5937.75
5967.600098
5921.899902
5817.299805
5768.5
5687.399902
5748.950195
5832.75
5908.399902
5980.600098
5865.950195
5974.149902
5962
5962
6090.600098
6043.049805
6168
6251.600098
6275.399902
6245.799805
6280.450195
6251.399902
6142.75
6104.850098
6095.950195
5999.350098
5975
6001.149902
6061.899902
6083.149902
6051.25
6079.350098
5961.850098
6000.5
6041.899902
6030.700195
6143.600098
6191.850098
6063.25
6111.25
6073.25
6091.850098
6151.5
6106.25
6114.450195
6089.600098
5975.25
5952.799805
5987.350098
5990.950195
5973.899902
5917.399902
5944.899902
5962.600098
5943
5855
5794
5831.700195
5773.149902
5745.75
5629.700195
5597.950195
5594.850098
5573
5479.600098
5482.149902
5466
5394.049805
5407.25
5401.399902
5468.149902
5453.950195
5499.75
5537.950195
5524.25
5532.700195
5473.549805
5411.649902
5411.850098
5442
5402.799805
5401
5441.700195
5465.450195
5416.200195
5425
5443.899902
5421.100098
5410.75
5347.200195
5384.75
5373.549805
5398.450195
5386.75
5416.100098
5414.649902
5376.200195
5345.600098
5364.600098
5366.899902
5349.200195
5355.149902
5368.350098
5349.700195
5322.149902
5272.200195
5219.299805
5262.350098
5212.350098
5213.899902
5228.149902
5281.549805
5230.899902
5301.450195
5236
5281.950195
5282.5
5272.200195
5307.549805
5218.450195
5233.450195
5197.299805
5185.549805
5160.549805
5091.100098
5058.399902
4982.5
4963.450195
5008.350098
5105.100098
5082.399902
4994.299805
4945.5
5056.600098
5029.450195
4959.799805
4880.5
4775.100098
4913.450195
4903.5
4926.149902
4901.100098
5044.5
5040.700195
5068.149902
5150.149902
5120.549805
5094.5
5151.399902
4985.75
5067.649902
5100.600098
5111.049805
5188.450195
5235.799805
5203.450195
5166.200195
5252.850098
5267.549805
5250.200195
5220.450195
5198.200195
5179.299805
5148.049805
5206.149902
5218.25
5262.850098
5276.700195
5300.899902
5252.5
5314.25
5304.100098
5304.450195
5226.700195
5188.049805
5197.850098
5229.549805
5209
5181.899902
5151
5131.399902
5186.549805
5168.950195
5155.899902
5125.200195
5063
5074.600098
5071.299805
5060.700195
5052.100098
5078.799805
5046.600098
5035
5033.399902
4959.25
4864.799805
4798.850098
4799.350098
4808.200195
4798.450195
4794
4838.450195
4866.450195
4809.899902
4759.25
4782.649902
4719.299805
4750.399902
4720.649902
4674.850098
4797.850098
4884.600098
4783.850098
4850.049805
4822.649902
4804.149902
4784.399902
4941.149902
4978.600098
5033.299805
5159.799805
5163.649902
5212.350098
5189.600098
5198.100098
5169.100098
5145.100098
5186
5175.75
5191.700195
5214
5203.799805
5153.549805
5118.049805
5118.049805
5089.700195
5103
5097.350098
5063.450195
4919.75
4884.549805
4916.799805
4967.049805
4961.450195
4951.5
5024.649902
5036.200195
5054.200195
5032.149902
5069.950195
4988.399902
5033.149902
5051.950195
5039.149902
5033.899902
4943.600098
4854.799805
4917.25
5010.700195
4996.25
5003.399902
4959.149902
4901.899902
4968.25
4974.600098
4969.399902
4911.549805
4867.149902
4924.100098
4806.450195
4822.299805
4717.799805
4679.700195
4618.399902
4473.850098
4617.149902
4647.549805
4725.299805
4741.75
4869.149902
4898.549805
4885.299805
4959.700195
5015.299805
5038.299805
5002.549805
5001.950195
4933.149902
4828.450195
4878.75
4859.549805
4886.950195
4861.899902
4943
4941.100098
4869.100098
4825.799805
4845.049805
4827.799805
4877.649902
4838.149902
4821.75
4812.799805
4749.899902
4662.75
4674.950195
4670.600098
4666.649902
4658.049805
4642.049805
4540
4460.299805
4470.899902
4489.399902
4527.899902
4586.850098
4544.350098
4540.25
4516.25
4502
4393.850098
4326.350098
4271.950195
4338.399902
4265.049805
4451.600098
4476.149902
4329.850098
4341.950195
4309.350098
4353.350098
4455.549805
4563.850098
4547.549805
4576.850098
4501.299805
4438.600098
4381.299805
4433.399902
4434.75
4425.75
4380
4264.600098
4334.200195
4362.549805
4236.950195
4103
4107.850098
3983.75
3840.75
3878.649902
3956.850098
3952.350098
4073
4036.600098
4287.950195
4213.75
4207.600098
4162.25
4268.100098
4245.950195
4120.850098
4162.799805
4109.799805
4101.600098
4171.25
4109.649902
4208.350098
4370.600098
4325
4412.950195
4463.950195
4480.350098
4382.700195
4254.450195
4413.25
4399.649902
4347.049805
4343.350098
4356.549805
4262.549805
4161.100098
4113.75
3951.449951
4078.600098
4065
4039.399902
4077.75
4102.5
4087.300049
3485
3413.899902
3440.699951
3477.300049
3363.75
3423.550049
3480.600098
3422.800049
3463.649902
3449.449951
3283.800049
3180.25
3285.699951
3298.350098
3242
3154.699951
3186.899902
3200.149902
3196.800049
3175.550049
3289.149902
3187.949951
3143.199951
3135.699951
3058.550049
3009.300049
3009.300049
2870.100098
2833.550049
2791.050049
2909.649902
2878.649902
2791.050049
2745.100098
2749.399902
2627.649902
2630.300049
2617.899902
2581.25
2599.050049
2541.850098
2445.149902
2405
2405
2405
2451.300049
2414.949951
2479.949951
2461.5
2509.300049
2593.050049
2609.399902
2590.300049
2563.449951
2570.899902
2570.899902
2620.25
2607.699951
2604.550049
2677.949951
2771.449951
2719.850098
2749.75
2757.850098
2744
2671.199951
2612.149902
2632.800049
2616.350098
2606.100098
2704.800049
2656
2677.449951
2605.300049
2524.149902
2524.149902
2565.550049
2563.100098
2645.600098
2689.550049
2673.649902
2594.100098
2686.25
2600.050049
2629.850098
2718.25
2768.300049
2768.300049
2959.5
2965.149902
2890.699951
2871.399902
2801.050049
2817.850098
2762.050049
2698.300049
2753.600098
2795.899902
2868.199951
2901.649902
2881.300049
2780.050049
2864.199951
2805.899902
2750.550049
2746.600098
2746
2616.600098
2557.25
2622.699951
2499.100098
2492.350098
2512.350098
2574.75
2570.899902
2486.550049
2533.5
2523.800049
2407.550049
2487.050049
2537.149902
2643.25
2664.75
2703.25
2786.899902
2978.25
2816.449951
2743.25
2836.899902
2967.350098
2866.149902
2718.550049
2545.800049
2540.199951
2388.600098
2456.5
2787.600098
2901.350098
3054.850098
2947.600098
2904.699951
3077.75
3135.5
3305.449951
3273.850098
3076.300049
3305.149902
3403.850098
3407.100098
3615
3741.600098
3712.149902
3640.699951
3774.550049
3894.149902
3940.300049
3908.399902
4001.199951
4023.100098
3829.949951
3806.649902
3877.25
3875.899902
4030.699951
4095
4192.25
4254.399902
4271.200195
4153.549805
4249.899902
4300.049805
4151.100098
4162.700195
4021.899902
4090.800049
4133.549805
4130.100098
4121.049805
4080.399902
4205.350098
4160.5
4185.100098
4223.600098
4326.149902
4351.25
4418.850098
4328.700195
4322.200195
4315.200195
4311
4201.5
4208.899902
4123.950195
4107.100098
3983.050049
4130.5
4110.700195
4221.299805
4260.600098
4024.050049
3940.350098
3882
3747.449951
3624.5
3669.699951
3837.850098
3850.800049
3963.75
3960.25
3795.050049
3828.100098
3804.949951
3711.449951
3873.100098
3682.25
3826.25
3926.100098
4095.550049
4046.149902
3988.199951
4057.949951
4150
4303.350098
4383.049805
4453.100098
4365.5
4313.5
4332.700195
4316.700195
4243.899902
4296.450195
4424.049805
4472.649902
4385.100098
4516.399902
4539.25
4669.200195
4639.600098
4713.600098
4652.149902
4675.149902
4757.399902
4835.450195
4926.549805
4915.450195
4969
4925.75
4827.649902
4776.350098
4820.850098
4796.549805
4902.25
4962
4977.149902
5030.450195
5054.549805
4988
5013.149902
4911.299805
4926.950195
4824.549805
4848.049805
4874.950195
4850.25
4769.649902
4692.75
4679.200195
4583.350098
4543.450195
4559.049805
4517.450195
4560.5
4449.799805
4567.600098
4553.700195
4535.700195
4537.850098
4734.549805
4617.350098
4620.5
4654.450195
4385.049805
4362.549805
4331.950195
4315.399902
4565.5
4448.149902
4699.399902
4696.549805
4613.149902
4589.450195
4746.25
4706.700195
4803.75
5072.149902
5124.75
5121.700195
5121.549805
5051.700195
4972.899902
5053
5019.200195
5146.149902
5141.25
5160.600098
5062.75
4795.75
4717.049805
4735.600098
4994.5
5022.25
5207.950195
5360.700195
5339.799805
5194.350098
5037.75
5070.75
5189.549805
5193.399902
5285
4932.399902
5099.399902
4785.25
5093.600098
5613.100098
5842.700195
5865.799805
5998.450195
6127.600098
6097.799805
6056.299805
6187.25
6192
6205.100098
6204.75
6118.350098
6113.899902
6064.299805
6048.200195
5989.950195
5970.25
5973.100098
5877.75
5675.399902
5664.25
5657.649902
5688.049805
5957.649902
5962.399902
6043.200195
5981.799805
5862.450195
5870
5851.700195
5845.899902
5764.850098
5763.100098
5655.950195
5520.899902
5513.049805
5585.649902
5607.299805
5492.5
5408.899902
5442.200195
5669.5
5790
5757.049805
5753.549805
5764
5538.899902
5455.399902
5502.200195
5535.149902
5603.75
5609.700195
5670.299805
5742
5677.299805
5718.299805
5687.350098
5705.549805
5524.950195
5389.700195
5324.549805
5299.299805
5011.100098
5034.100098
5177.450195
5380.350098
5497.700195
5496.799805
5276.299805
5371.149902
5288.649902
5175.950195
4944.100098
5054.100098
5090.899902
5098.299805
4972.799805
4918.950195
4886.25
4838.5
4833.049805
4828.850098
4732.600098
4652.549805
4637.700195
4466.799805
4415.299805

