4094.71
4111.63
4079.31
4073.53
4015.22
3989.5
3931.82
4010.62
4123.73
4154.88
4156.67
4168.52
4187.76
4170.65
4179.29
4128.86
4152.31
4204.99
4184.17
4144.63
4195.55
4235.93
4267.8
4259.38
4299.67
4298.54
4255.7
4127.33
4097.86
4074.88
4181.6
4190.96
4147.79
4132.2
4080.72
3967.12
3977.47
3938.74
3785.73
3836.19
3762.11
3609.41
3684.43
3646.01
3784
3738.99
3754.75
3787.87
3667.9
3673.08
3638.39
3695.88
3720.5
3779.75
3877.97
3876.6
3835.44
3766.94
3790.06
3820.58
3646.86
3687.85
3730.48
3758.41
3855.07
3867.38
3868.05
3843.1
3921.98
4008.18
3983.49
4001.36
3988.51
4063.47
4063.83
4128.41
4156.42
4159.37
4076.73
4079.1
4143.12
4115.65
4103.23
4068.91
4078.62
4072.87
4083.04
4139.11
4135.19
4190.55
4242.62
4241.7
4282.88
4304.05
4273.25
4237.27
4276.75
4297.96
4329.46
4289.81
4331.85
4346
4321.04
4340.33
4253.46
4235.27
4192.89
4200.72
4204.1
4169.26
4234.7
4234.5
4213.36
4276.98
4316.62
4344.53
4339.64
4343.32
4358.1
4340.82
4361.88
4411.11
4422.91
4464.33
4475.86
4465.85
4492.44
4518.32
4505.17
4491.02
4553.12
4605.14
4618.44
4605.73
4607.7
4669.87
4672.49
4723.04
4730.07
4694.81
4713.99
4546.57
4550.34
4642.35
4450.97
4471.49
4524.78
4457.34
4475.38
4580.79
4512.09
4443.27
4486.61
4481.53
4283.53
4212.07
4304.09
4164.05
4232.74
4204.36
4275.39
4407.14
4433.72
4458.56
4492.47
4557.41
4596.09
4612.39
4608.51
4657.87
4643
4653.95
4644.3
4648.2
4686.38
4677.09
4661.44
4712.75
4886.76
4918.78
4986
5076.06
5084.37
5093.25
5146.86
5201.1
5236.47
5374.88
5361.77
5331.33
5219.19
5446.23
5563.34
5636.67
5525.06
5728.24
5750.7
5628.14
5405.5
5246.18
5264.76
5552.57
5585.32
5654.39
5801.6
6002.85
5994.47
6026.89
5980.22
6059.65
5983.61
5916.27
5894.2
5825.86
5790.08
5731.91
5829.82
6082.25
6078.81
6078.95
6108.37
5990.44
5745.48
5723.87
5827.65
5952.14
5935.4
5863.7
5877.15
6022.95
6133.18
6145.62
6222.66
6238.45
6274.32
6276.49
6378
6439.71
6371.44
6357.52
6077.47
6044.85
6046.91
6052.7
6253.97
6379.6
6381.69
6420.21
6469.48
6499.85
6574.54
6554.6
6647.79
6675.78
6649.98
6640.97
6500.32
6560.93
6584.57
6450.97
6322.69
6285.85
6033.52
5477.02
5159.47
5486.1
5329.53
5708.15
5652.27
5637.55
5515.84
5475.75
5617.01
5765.5
5782.36
5627.22
5441.06
5392.1
5112.36
5095.81
5191.7
5469.93
5588.4
5573.87
5574.87
5436.8
5466.87
5359.73
5437.81
5506.07
5514.94
5516.33
5454.89
5166.19
5054.22
5089.33
4900.23
4896.62
4993.85
4995.19
4720.72
4846.33
4543.13
4540.25
4568.97
4606.7
4894.2
4873.94
4860.32
4990.54
4775.04
4771.35
4805.72
4826.1
4695.11
4818.37
4774.87
4834.93
4814.23
4854.86
4958.74
4987.31
5069.59
5155.01
5185.97
5162.1
5159.77
5265.63
5245.2
5359.53
5335.69
5422.21
5402.46
5353.61
5339.75
5264.62
5141.73
5169.17
5133.31
5201.08
5308.53
5351.82
5300.27
5312.26
5207.59
5128.55
5029.09
5000.67
5074.21
5016.26
5036.3
4923.4
4895.87
4737.13
4817.66
4769.19
4626.74
4577.43
4652.46
4676.83
4650.21
4716.11
4815.76
4733.95
4637.48
4475.42
4361.7
4287.89
4330.89
4378.97
4192.73
4077.25
3915.67
4120.99
3937.75
4046.25
4074.98
4033.4
4217.08
4216.52
4089.38
4057.16
3862.78
3816.79
3952.41
4093.84
4146.43
4237.68
4500.99
4455.83
4325.81
4345.09
4177.36
4329.58
4343.32
4443.7
4452.2
4564.1
4572.59
4585.23
4598.09
4698.86
4616.13
4589.6
4474.28
4437.27
4409.51
4453.5
4323.63
4364.1
4378.07
4385.74
4337.83
4270.24
4420.41
4404.86
4559.3
4516.02
4400.66
4523.21
4506.1
4443.21
4347.46
4259.73
4106.32
4098.62
4010.11
4022.29
4225.75
4210.68
4104.96
4138.78
4095.84
3963.8
3807.15
3881.11
3930.58
3778.57
3551.81
3514.86
3391.82
3140.1
3365.7
3414.43
3232.28
3175.02
3004.89
3065.07
3188.54
3031.65
2906.88
2586.19
2519.06
2672.15
2678.96
2873.31
3029.4
3129.73
2993.66
2889.58
2959.25
3119.39
2924.79
2839.62
2794.14
2754.68
2654.09
2605.99
2512.66
2626.26
2626.58
2572.69
2655.13
2668.26
2602.78
2577.23
2584.66
2715.95
2648.02
2700.87
2834.43
2838.8
2850.98
2908.08
2959.5
2877.37
2986.8
3005.53
2962.71
2886.42
2856.53
2794.26
2856.66
2909.56
2893.06
2969.05
2989.77
3074.21
3090.79
2870.8
2809.92
2725.22
2703.89
2789.44
2696.37
2768.79
2775.65
2714.62
2626
2623.2
2576.27
2658.91
2737.7
2724.35
2778.39
2679.81
2692.26
2704.44
2679.37
2737.48
2815.41
2835.79
2829.41
2794.22
2842.43
2745.05
2668.05
2664.36
2669.96
2613.62
2600.89
2621.84
2631.54
2619.5
2538.77
2490.25
2500.36
2432.22
2460.45
2413.05
2463.16
2573.47
2634.01
2612.67
2646.22
2653.72
2643.99
2769.82
2775.2
2833.87
2921.09
2953.13
2819.36
2866.66
2916.47
3046.8
3101.98
3171.04
3190.46
3243.99
3352.38
3241.1
3268.96
3275.52
3250.17
3223.14
3312.48
3370.88
3372.5
3259.73
3366.3
3563.4
3576.91
3523.5
3577.39
3515.43
3460.09
3586.04
3556.15
3529.35
3607.23
4211.6
4247.66
4225.44
4152.36
4200.18
4222.09
4115.04
4274.26
4320.32
4419.68
4500.19
4500.47
4514.84
4566.75
4589.28
4429.44
4569.11
4669.45
4652.06
4598.62
4507.73
4552.79
4402.83
4312.4
4390.79
4327.31
4324.38
4368.88
4345.36
4472.36
4501.92
4391.46
4441.47
4448.08
4523.66
4263.41
4294.96
4168.91
4177.36
4096.3
4050.21
4201.04
4335.4
4339.14
4478.2
4600.37
4568.07
4500.85
4617.3
4666.07
4675.04
4673.98
4617.56
4671.82
4742.39
4819.99
4792.82
4808.74
4695.73
4586.34
4530.78
4564.12
4555.13
4707.92
4680.1
4487.99
4561.55
4487.89
4547.89
4619.2
4731.22
4747.43
4775.64
4783.19
4826.89
4770.79
4726.37
4708.46
4694.45
4774.12
4882.56
4899.93
4906.82
4910.63
4914.24
4910.22
4993.5
5058.12
5059.5
5075.46
5115.94
5066.61
5084.98
5068.74
5106.35
5179.58
5186.02
5104.9
5126.47
5105.11
5129.45
5077.82
5184.32
5255.8
5256.31
5290.23
5294.44
5261.7
5198.77
5128.38
5138.25
5098.88
4967.33
4952.32
4871.43
4833.24
4679.47
4833.53
4896.69
4943.38
5048.12
5037.26
5158.64
5100.71
5142.07
5201.02
5207.15
5203.7
5134.82
5194.29
5237.78
5223.72
5244.49
5148.74
5081.99
5170.57
5265.08
5269.33
5285.32
5267.28
5223.5
5302.53
5268.45
5286.9
5262.9
5256.41
5180.45
5190.32
5193.75
5144.12
5109.3
5149.6
5294.9
5329.45
5338.53
5323.91
5353.23
5392.73
5448.4
5458.57
5434.1
5418.88
5433.86
5390.36
5416.55
5443.22
5436.6
5463.29
5414.46
5405.85
5272.32
5213.68
5175.06
5007.52
5031.43
5050.54
5074.75
5004.04
5106.99
5021.13
4887.94
4932.56
4936.41
4969.6
4935.7
4999.09
4970.65
5025.97
5084.19
5054.25
5008.54
5011.65
5020.11
5014.03
5014.16
5079.94
5177.17
5250.64
5252.02
5265.81
5297.23
5267.66
5277.78
5288.85
5287.02
5275.01
5337.86
5368.86
5379.53
5395.61
5341.07
5356.86
5384.73
5415.31
5433.62
5402.5
5394.12
5436.98
5508.53
5512.1
5527.07
5458.17
5512.19
5486.68
5474.82
5428.83
5411.41
5353.09
5385.87
5407.37
5428.52
5451.89
5472.9
5461.89
5374.78
5407.23
5439.84
5396.55
5313.41
5301.47
5271.42
5183.84
5352.15
5290.46
5312.2
5340.25
5261.13
5230.4
5233.53
5088.24
5113.41
5089.63
5095.33
4952.96
5059.57
5141.76
5207.99
5243.91
5134.1
5184.85
5270.25
5294.87
5195.15
5145.93
5168.09
5245.06
5273.52
5348.05
5374.27
5383
5422.79
5404.54
5498.51
5464.05
5475.47
5469.81
5434.58
5498.54
5429.55
5476.7
5426.73
5411.32
5407.78
5454.82
5411.34
5464.2
5514.95
5541.52
5564.08
5548.56
5540.25
5560.11
5555.31
5537.16
5568.14
5608.8
5607.87
5577.34
5594.33
5565.4
5578.39
5542.87
5606.45
5617.17
5637.07
5619.43
5610.97
5659
5637.07
5592.44
5599.55
5634.06
5596.84
5600.65
5659.25
5717.12
5713.48
5726.95
5695.65
5649.44
5660.02
5595.61
5604.38
5584.08
5660.46
5675.4
5674.96
5771.28
5794.8
5797.23
5830.52
5947.02
5978.49
6028.3
5998.35
6059.24
6145.17
6161.07
6141.66
6114.76
6168.85
6191.09
6189.75
6149.08
6163.86
6286.02
6308.31
6301.86
6349.6
6286.54
6265.18
6298.16
6251.7
6383.14
6330.79
6221.27
6229.94
6182.98
6143.92
6258.96
6231.68
6267.28
6243
6181.02
6158.6
6171.18
6270.22
6279.11
6315.8
6429.08
6461.88
6427.17
6453.8
6432.12
6349.36
6218.02
6258.55
6127.78
6139.09
6026.63
6135.5
6062.2
5986.29
5910.6
5831.53
5910.25
5962.87
6072.22
6114.54
6089.97
6083.47
6061.96
5984.5
5835.19
5923.73
5983.28
6021.6
5965.02
6015.91
6010.6
6063.42
6054.7
6042.63
6067.91
6050.1
6049.56
6109.46
6147.87
6191.51
6214.83
6197.58
6141.47
6094.98
5954.08
5810.65
5806.46
5905.87
5813.44
5712.65
5706.03
5767.66
5748.39
5764.56
5757.27
5801.22
5751.29
5659.81
5558.01
5550.03
5457.02
5474.21
5570.98
5447.87
5448.77
5359.76
5282.67
5259.71
5343.6
5496.31
5520.17
5528.32
5587.47
5495.87
5555.32
5506.27
5474.46
5311.47
5343.26
5370.5
5555.29
5563.07
5567.98
5492.52
5553.08
5566.71
5532.56
5485.8
5563.95
5479.82
5543
5490.35
5419.78
5409.51
5453.83
5517.31
5558.03
5678
5710.72
5759.51
5818.34
5855.53
5860.71
5941.7
5950.06
5937.36
5939.19
5891.1
5832.57
5951.67
5872.89
5787.95
5800.05
5898.84
5921.6
5918.3
5911.92
5887.94
5840.71
5795.29
5751.05
5617.11
5588.57
5509.56
5599.2
5605.05
5599.63
5621.09
5552.9
5615.04
5567.85
5513.79
5487.14
5491.47
5543.09
5449.28
5460.2
5418.44
5471.96
5540.69
5549.71
5638.16
5668.15
5630.83
5591.74
5600.91
5628.65
5603.3
5597.6
5561.67
5563.34
5582.51
5526.37
5477.93
5442.9
5334.09
5345.71
5340.59
5374.86
5523.08
5584.34
5599.35
5648.01
5686.26
5680.28
5709.88
5693.3
5686.09
5784.76
5712.78
5669.86
5590.51
5650.34
5665.1
5649.57
5642.14
5678.19
5624.94
5599.67
5690.77
5737.55
5641.15
5618.95
5556.12
5531.7
5558.71
5502.51
5460.06
5394.98
5282.04
5194.96
5150.83
5233.14
5210.12
5150.31
5104.93
5118.86
5007.55
4921.05
4976.42
5018.36
4962.1
4921.49
4820.34
4986.08
5062.17
5103.67
5086.93
5123.03
5190.98
5217.31
5125.15
5013.12
5009.96
5075.57
5134.97
5147.98
5101.33
5200.6
5201.26
4998.16
4947.07
4905.76
5033.4
5005.53
5065.88
4995.67
4908.64
4827.72
4804.13
4923.73
5011.15
5013.39
5132
5112.6
5162.67
5145.64
5067.88
5160.68
5117.31
5071.46
5112.15
5193.62
5209.8
5356.26
5334.14
5275.34
5272.8
5284.35
5311.01
5309.25
5240.16
5187.33
5158.75
5071.97
5036.08
4938.26
4910.54
4788.17
4816.4
4712.04
4765.86
4731.08
4865.42
4812.73
4831.73
4928.29
5043.68
5037.06
5053.3
4942.18
4868.5
4765.97
4796.63
4755.3
4743.53
4646.43
4600.75
4527.03
4662.81
4707.14
4684.83
4742.96
4712.97
4668.62
4620.04
4598.21
4606.81
4734.7
4723.07
4721.46
4722.12
4720.49
4718.65
4826.24
4844.21
4826.37
4862.93
4872.24
4959.81
4943.79
5012.08
5044.92
5046.09
5127.79
5163.97
5209.64
5095.39
5202.65
5242.73
5277.35
5327.5
5375.26
5342.19
5377.03
5421.18
5396.5
5407.36
5432.55
5550.62
5549.42
5592.33
5631.24
5509.12
5489.51
5434.57
5282.57
5394.23
5406.46
5365.75
5380.31
5383.24
5304.29
5248.84
5240.83
5354.84
5385.65
5452.6
5488.3
5402.37
5334.53
5268.03
5290.2
5384.19
5248.49
5298.59
5201.57
5257.13
5209.13
5204.49
5315.15
5347.02
5391.96
5362.68
5277.73
5284.34
5265.98
5308.54
5249.18
5269.4
5329.17
5340.68
5364.25
5321.84
5232.85
5251.11
5230.5
5214.1
5209.55
5228.98
5268.41
5258.62
5207.78
5109.94
5140.51
5028.67
4994.55
4985.29
4947.49
4922.85
4958.89
4880.07
4888.01
4908.73
4925.48
4880.02
4853.86
4930.21
4935.78
4998.13
5001.6
4954.92
4942.13
4856.04
4861.35
4873.19
5000.38
5052.73
5073.3
5054.85
5116.28
5120.29
5052.6
5131.16
5053.43
5094.21
5116.08
5161.21
5143.47
5113.42
5127.71
5148.02
5150.31
5279.22
5286.88
5306.19
5320.94
5344.66
5331.57
5284.74
5354.06
5321
5256.8
5244.14
5216.79
5207.73
5227.03
5251.04
5219.74
5131.19
5147.54
5123.42
5058.43
5100.81
5202.05
5229.16
5243.35
5237.04
5223.31
5279.39
5329.76
5326.44
5313.58
5307.57
5341.37
5369.67
5350.66
5352.71
5405.21
5393.32
5390.16
5368.08
5328.47
5308.38
5266.58
5284.89
5251.07
5234.86
5259.3
5214.66
5227.55
5320.33
5339.79
5343.14
5366.87
5402.88
5401.75
5528.58
5570.21
5574.59
5534.79
5664.62
5650.61
5659.33
5648.15
5642.55
5701.39
5723.48
5742.32
5796.9
5760.36
5693.03
5719.91
5665.95
5724.76
5696.37
5702.69
5660.85
5671.09
5731.07
5694.2
5723.7
5697.63
5711.42
5662.84
5659.49
5593.27
5620.99
5651.13
5705.91
5707.18
5727.98
5764.61
5751.41
5702.92
5713.96
5699
5668.15
5609.09
5601.43
5588.97
5629.58
5649.62
5648.87
5664.75
5755.21
5852.98
5908.97
5909.15
5927.58
5943.13
5977.91
5951.83
5952.26
5941.81
5934.35
5891.39
5926.31
5915.63
5958.35
5996.35
5983.93
5908.41
5915.39
5963.83
5938.09
5972.89
5975.74
6029.23
6072.94
6089.22
6095.15
6075.15
6084.28
6060.09
6054.24
6027.9
6105.26
6132.59
6072.98
6113.61
6131.39
6150.79
6108.99
6106.09
6054.01
6121.08
6124.92
6093.8
6099.75
6091.49
6064.75
6039.25
6012.91
6018.86
5992.97
5952.1
5947.17
5968.82
5966.86
5921.87
5916.97
5930.31
5979.48
5978.97
5876.83
5882.43
5876.26
5784.46
5830.05
5720.1
5741.04
5711.42
5799.83
5838.3
5881.74
5962.08
5955.96
5926.23
5858.9
5921.02
5887.09
5845.47
5751.2
5692.99
5651.86
5641.78
5624.15
5627.48
5678.7
5700.58
5756.67
5684.32
5587.41
5569.58
5565.11
5508.52
5570.52
5603.11
5553.82
5586.59
5700.08
5703.27
5788.95
5844.67
5843.45
5912.35
5868.79
5908.17
5941.35
6012.07
5966.26
5994.07
6059.84
6080.25
6062.2
6103.22
6119.95
5995.86
6009.43
6155.52
6179.96
6200.39
6172.77
6131.3
6107.11
5980.25
6003.89
6095.31
6121.85
6105.18
6120.22
5991.11
5956.48
5941.67
5947.19
5941.63
5901.45
5885.71
5793.6
5759.83
5687.81
5791.42
5837.68
5811.86
5824.79
5660.37
5664.67
5574.14
5594.87
5571.34
5659.41
5802.3
5882.24
5850.66
5753.89
5814.46
5839.05
5800.14
5847.05
5811.13
5916.62
5982.81
6017.65
5943.86
5953.24
6019.67
6008.8
6006.97
6049.89
5962.24
5884.34
5855.45
5800.19
5713.55
5707.16
5678.86
5625.88
5641.88
5500.35
5493.95
5540.32
5590.74
5683.15
5723.25
5489.09
5396.59
5381.08
5281.19
5393.58
5451.9
5464.17
5280.86
5272.96
5388.44
5447.15
5528.88
5338.68
5438.78
5571.77
5651.81
5849.84
5874.83
5809.07
5810.84
5800.96
5813.03
5857.69
6068.89
5973.36
5863.52
5866.14
5849.54
5854.87
5816.49
5723.4
5763.53
5888.1
5891
5891.48
5910.81
5991.04
6006.2
6069.03
6088.92
6059.28
6022.26
6155.33
6185.42
6188.8
6166.05
6151.81
6127.4
6079.58
6196.89
6225.29
6270.72
6293.33
6310.32
6249.42
6214.48
6170.17
6135.77
6073.51
6014.47
5985.46
6058.14
6186.32
6198.1
6124.42
6000.41
5999.63
6116.06
6064.15
6064.49
6098.65
6177.75
6218.67
6203.36
6162.94
6236.87
6258
6352.33
6323.92
6296.71
6230.28
6157.72
6148.44
6142.13
6222.43
6181.47
6285.23
6302.34
6287.48
6296.62
6330.76
6311.69
6326.72
6328.21
6240.21
6238.11
6223
6187.56
6200.66
6187.2
6187.99
6275.43
6248.59
6315.4
6307.26
6248.3
6293.62
6302.43
6324.99
6327.02
6244.01
6104.46
6097.83
6095.84
6037.5
6071.02
5987.36
5991.8
6010.42
6026.07
6051.63
6038.53
6047.47
6062.2
5979.97
6021.36
6043.3
6096.98
6120.84
6070.53
6125.66
6152.31
6165.72
6195.89
6235.99
6187.55
6267.23
6295.76
6375.86
6490.62
6508.14
6480.93
6484.33
6459.68
6467.39
6490.98
6501.57
6460.83
6471.36
6477.34
6558.22
6566.14
6577.68
6618.1
6683.83
6707.28
6719.82
6761.96
6743.81
6711.14
6710.86
6813.42
6830.86
6807.28
6757.46
6696.14
6800.1
6844.3
6842.2
6864.07
6811.35
6798.96
6748.67
6715.36
6718.32
6723.54
6736.93
6679.68
6681.61
6877.68
7028.71
7137.42
7154.25
7159.07
7259.89
7372.74
7379.06
7359.46
7395.96
7500.52
7473.49
7422.73
7438.97
7345.63
7345.12
7482.4
7539.01
7540.84
7616.86
7733.6
7816.22
7808.69
7753.48
7774.89
7644.23
7644.11
7750.84
7672.28
7645.06
7615.26
7602.57
7699.78
7692.11
7619.04
7635.67
7742.66
7771.4
7868.1
7854.4
7888.5
7916.37
7718.14
7669.51
7669
7533.81
7541.23
7627.97
7723.72
7749.34
7759.46
7776.58
7852.24
7871.71
7904.69
7847.53
7810.9
7857.24
7799.72
7691.19
7777.33
7831.85
7763.28
7746.09
7645.95
7702.12
7800.68
7787.91
7851.12
7947.28
7982.73
7965.62
7982.64
8002.76
7981.04
7975.98
8003.94
8016.74
8114.95
8167.33
8203.49
8181.14
8173.68
8264.22
8258.49
8199.27
8194.17
8208.26
8146.61
8012.35
8050.89
8200.86
8190.88
8214.07
8079.88
8059.2
7951.94
8021.17
8014.1
8015.71
7996.71
7902.19
7899.71
8021.35
7916.44
7945.57
7932.15
7799.83
7837.64
7941.88
7993.27
8062.37
8088.01
8058.21
8090.16
8149.29
8230.69
8383.91
8389.17
8400.95
8409.06
8411.63
8433.84
8463.59
8432.47
8467.8
8509.53
8515.86
8462.2
8474.72
8544.74
8588.89
8510.95
8526.18
8547.14
8644.37
8616.59
8597.79
8616.41
8644.13
8612.67
8512.9
8405.13
8433.52
8365.01
8290.01
8273.75
8107.91
8075.47
8224.84
8281.67
8378.07
8321.91
8248.88
8266.79
8319.17
8334.37
8369.27
8378.82
8485.12
8471.12
8220.43
8199.67
8331.66
8371.22
8417.26
8391.06
8373.14
8577.21
8605.71
8648.62
8771.82
8798.48
8836.04
8911.4
8983.8
8992.03
9019.26
8903.1
8895.29
8849.75
8813.17
8789
8741.21
8603.95
8650.91
8727.29
8813.66
8902.14
8901.2
8954.86
8983.06
8930.49
8848.92
8858.22
8860.67
8784.23
8945.9
8994.46
9059.62
9106.67
9031.61
9051.71
8874.56
8838.1
8822.88
8908.23
8770.11
8751.42
8845.05
8819.2
8764.37
8692.24
8658.71
8654.49
8636.46
8467.18
8457.53
8610.32
8606.6
8705.63
8784.48
8803.45
8861.58
8913.4
8925.19
8979.68
8902.79
8842.9
8744.76
8583.81
8517.25
8564.27
8535.81
8435.97
8331.7
8409.22
8370.31
8321.56
8470.69
8473.33
8229.73
8167.55
8308.68
8442.52
8244.05
8360.75
8368.44
8400.78
8511.42
8505.67
8553.88
8550.35
8581.78
8505.32
8473.33
8468.45
8443.81
8550.51
8536.13
8345.27
8231.06
8229.52
8215.31
8131.48
8115.36
8215.86
8058.85
8073.9
8104.54
8135.14
8185.5
8267.99
8328.17
8453.34
8482.24
8450.52
8497.02
8477.82
8408.54
8464.09
8552.22
8549.91
8584.95
8628.5
8627.43
8481.33
8451.38
8478.42
8579.59
8573.12
8637.43
8721.5
8728.88
8727.7
8641.16
8743.6
8709.5
8641.86
8484.87
8455.71
8491.86
8545.21
8653.31
8665.01
8658.5
8716.15
8742.68
8722.93
8683.36
8612.15
8478.74
8482.23
8657.59
8625.04
8624.28
8650.68
8533.22
8456.89
7925.52
8026.69
7935.11
8105.94
8148.07
8120.97
7932.61
7863.77
7970.96
7798.19
7686.54
7809.65
7943.22
7922.77
7917.92
8007.51
7957.33
8017.87
8105.2
8107.2
7940.28
7980.28
7994.31
7926.32
7966.33
8077.41
8083.97
8251.88
8287.03
8309.08
8256.91
8305.12
8272.14
8256.21
8234.85
8306.71
8363.37
8397.77
8390.1
8373.95
8411.91
8375.41
8354.8
8296.59
8237.77
8193.87
8181.72
8194.72
8184.22
8094.35
8079.61
8051.98
7919.89
7969.22
7898.38
7938.3
7964.4
7866.06
7977.86
7995.51
7994.34
7982.11
8029.23
8078.82
8082.02
8098.3
8079.83
8014.64
7933.15
7920.85
7848.48
7747.35
7815.43
7741.92
7784.57
7831.81
7885.52
7983.9
7915.43
7978.61
7937.91
8011.9
8013.14
8063.86
8079.6
8050.48
8097.57

