449.1
455.1
458.35
455.35
450.75
450.75
452
446.7
442.35
432.55
435.55
438.15
436.1
431.35
440.65
449.95
450.6
458.8
462.3
460.5
462.5
459.5
461.6
469.15
471
465.3
463.85
463.85
462.7
459.85
463.05
463.55
475.6
481.45
484.95
480.35
480.35
468.35
464.95
465.15
463.8
472.5
474.65
478.25
475.4
468.95
482.9
521.8
521.05
525.65
511.75
511.75
509.4
506.65
504.65
498.7
495.5
490.9
487.05
490.45
491.5
496.8
506.4
513.25
496.25
496.25
495.65
504.5
506.7
513.95
513.95
511.7
509.7
528
517.45
494.25
494.25
482.75
496.2
481.25
482.6
486.25
473.9
449.85
468
486.9
466.6
480.1
507.75
508.15
509.25
495.6
502.95
482.05
525.3
533.4
554
561.35
561.4
570
567.55
557.85
571.25
575.9
580.3
584.75
580.4
580.1
576.7
573.5
565.7
567.2
561.25
555.8
580.45
583.75
589.85
584.65
599.9
602.1
608.65
584
583.9
581.95
578.1
571.7
576.65
586.2
584.2
585.95
584
578.65
558.95
562.7
565.5
570.05
571.5
571.3
572.15
551.55
550.05
549.25
551.15
550.05
551.45
546.75
564.5
558.7
553.6
548.4
556.4
550.9
553.1
578.45
585.4
574.65
577.8
564.25
562.1
568.65
570.45
558.25
561.45
567.5
562.05
555.85
558.5
532.35
551.1
540.8
527.35
543.3
565.85
568.35
567.8
567.8
551.95
535
524.2
527.25
538.2
540.1
523.2
518.25
533.7
550.8
550.2
566
566
568.05
572.15
555.9
557.85
569.05
569.65
569.65
569.65
560.2
563.55
546.4
544.3
562.2
558.05
555.2
556.25
563.55
581.25
580.1
568.6
570
584.1
583.85
585.45
591.6
616.8
616.8
612.75
631.4
647.55
567.15
552.3
553
551.8
549.05
561.5
565.25
569.5
570.3
570.3
581.1
578.75
569.25
554.1
553.6
563.15
565.9
558.6
586.6
617.3
588.1
599.5
590.6
592.1
565.15
565.15
564.75
547.25
551.4
528.95
514.8
514.05
499.6
504.5
501.55
494.95
501.95
498.65
499.05
517.55
514.3
503.05
502.4
498.8
494.1
494.45
494.3
494.3
493.8
498.3
490.25
487.95
474.85
472
476.75
483.4
490.5
489.25
488.8
496.6
498.55
499.95
499.05
493
489.15
481.2
469.4
470.3
470.75
478.15
476.95
466.65
470.2
474
475.9
476.9
473.6
481.15
466.7
460.5
469.05
457.95
457.95
445.25
445.25
439.4
430.2
425.55
424.2
426.8
423.75
423.75
424.45
423.05
417.85
401.6
393.65
397.1
397.1
386.9
379.2
387.4
379
373.6
379.95
379.95
379.95
379.95
377.7
386.05
389.55
377.85
397
399.1
408.2
407.65
405.3
397.95
399.15
411.65
416.95
418.5
416.5
418.7
420.75
415.95
416.4
413.7
409.25
405.4
397.25
397.25
398.75
397.6
398.75
402.8
398.65
394.2
397.85
394.7
377.8
377.8
373.9
381.85
376.75
371
381.1
383.2
392.95
390.85
387
391.65
401.7
395.35
395.35
397.15
399.34
400.01
403.26
404.67
399.16
1954.2
1963.8
1898.9
1846.6
1816.65
1862.05
1873.6
1888.25
1923
1935.9
1925.7
1926.85
1920.05
1918.85
1909.2
1927.6
1912.7
1925
1882.95
1866.35
1841.8
1848.5
1839.6
1773.1
1818
1902.75
1940.8
1932.5
1967.25
1973.6
1946.35
1924.7
1899.65
1900.85
1836.15
1865.7
1859.9
1849.05
1872.95
1864.5
1841.65
1815.15
1856.95
1859.6
1755
1664.05
1636.5
1648.75
1646.55
1629
1553.75
1537.7
1536.95
1551.55
1530.15
1517.2
1517.2
1528.4
1529.55
1532.7
1519.8
1519.8
1500.1
1503.8
1464.65
1464.65
1431.95
1445.2
1495.75
1495.75
1503.7
1483.95
1422.05
1422.05
1428.15
1434.85
1467.15
1468.5
1460.5
1461.95
1429.95
1430.1
1400.9
1410.7
1394.25
1357.35
1385.55
1349.1
1354.9
1354.9
1381.15
1397.9
1417.5
1426.55
1406.8
1329.5
1307.65
1293.55
1255.5
1267.05
1239.25
1239.25
1236.75
1238.2
1193.35
1157.85
1166.15
1165.4
1115.25
1103.05
1101.5
1119.6
1120.95
1118.95
1125.45
1102.95
1123.7
1121.8
1123.9
1122.95
1108.8
1140.25
1121.75
1161.1
1204.6
1216
1188.85
1188.55
1163.2
1152.95
1176.15
1178.3
1177.05
1184.9
1164.05
1184.85
1211.75
1234.25
1256.3
1260.9
1272.3
1292.2
1299.55
1286.25
1294.5
1297.05
1282.95
1282.95
1291.25
1277.85
1257
1282.85
1256.1
1261.4
1239.8
1247.7
1273.2
1264.85
1303.5
1279.75
1241.5
1191.05
1193.65
1190.75
1155.95
1120.25
1120.85
1116.1
1115.45
1082.25
1086.3
1131.45
1135.05
1139.85
1097.1
1097.1
1030.6
1047.85
1077.15
1119.2
1171.3
1213
1227
1218.9
1218.9
1222.7
1221.9
1250.4
1191.5
1190.75
1207.2
1210.1
1201.15
1175.85
1156.2
1096.35
1081.45
1081.45
1109.1
1099.65
1066.25
1079.3
1066.8
1071.85
1092.55
1104.7
1044.1
1044.1
1007.85
1030.9
1031.35
1034.05
1025.55
1030.05
1102.35
1140.2
1079.6
1053.55
1087.55
1059.6
1019.95
1029.7
998.3
952.4
952.4
927.5
801.5
782.85
864.3
832.95
850.75
837.95
877.65
934.1
981.5
969.65
977.95
981.3
988
1048.95
1149.6
1149.6
1142.75
1070.45
1085.6
1085.6
1068.75
1089.85
1124.35
1103.2
1085.8
1034.55
1093
1098.25
1107.5
1127.25
1125.15
1202.85
1200.1
1191.9
1238.2
1193.7
1230.85
1308.9
1291.55
1287.75
1256.75
1264.35
1252.55
1288.05
1264.95
1277.85
1308.5
1348.8
1325.2
1275.05
1248.4
1231.45
1243.05
1259.7
1239.8
1285.05
1286.6
1316.05
1298
1270.65
1274.45
1322.7
1355.25
1378.25
1418.1
1382.25
1395.45
1430.85
1430.55
1432.7
1459.6
1468.5
1478.15
1461.2
1455.2
1512.95
1520.55
1529.7
1535.25
1530.9
1508.7
1467.5
1452
1469.9
1454.15
1489.7
1503.95
1459.75
1474.8
1516
1492.7
1492.7
1475.4
1486.35
1503.4
1444.8
1444.8
1441.15
1429.4
1429.4
1377.2
1363.3
1294.2
1264.3
1252.15
1239.3
1203.2
1203.2
1229.55
1243.85
1278.15
1301.35
1314.9
1300.7
1300.7
1294.2
1294.2
1309.35
1300.05
1311.7
1299.25
1321.5
1325.1
1339.85
1352.8
1346.7
1384.75
1401.2
1407
1403.3
1402.15
1403.2
1368.9
1363.7
1344.15
1400
1367.75
1401.15
1411.9
1404.8
1439.4
1439.4
1432.05
1449.3
1432.3
1477.55
1482.95
1494.1
1450.8
1460.55
1460.1
1459.15
1477.7
1509.65
1505.15
1501.25
1475.45
1412.95
1386.25
1396.3
1398.4
1393.4
1385.45
1388.05
1406.4
1409.45
1424.3
1386.1
1364.1
1368
1349.65
1360.3
1372.85
1378.95
1389.95
1386.85
1362.7
1356.55
1359.55
1364.3
1351.95
1342.65
1342.65
1321.25
1318.6
1334.9
1353.95
1359.05
1352.7
1325.35
1326.35
1325.4
1322.85
1328.75
1364.1
1334.7
1322.1
1321.6
1319.9
1310.2
1290.05
1290.05
1265.8
1256.75
1257.05
1236.35
1218.95
1214.3
1226.25
1232.25
1222.6
1222.6
1226.45
1215.1
1222.5
1232.05
1220.15
1214.25
1215.5
1207.15
1182.6
1184.7
1221.75
1231.65
1238.05
1222.25
1222.25
1223.75
1202.25
1202.35
1153.95
1145.9
1119.1
1119.7
1133.7
1106.8
1128.4
1130.95
1142.95
1140.8
1113.4
1130.7
1130.7
1136
1128.8
1126.8
1101.95
1132.65
1124.65
1044.4
1073.4
1073.4
1057.5
1009.9
948.05
956
952.85
952.95
976.85
948.7
930.25
978.3
977.6
991.8
1013.25
1018.45
1017.25
1039.1
1075.45
1094.65
1108
1110.7
1110.2
1110.2
1113.95
1107.2
1107.2
1080.85
1070
1087.2
1096.7
1091.3
1063.6
1041.1
1058.5
1046
1044.15
1040.35
997.15
1002.2
1028.7
1041.35
1027.55
1040.8
1057.05
1038.25
1023.8
1046.3
1034.7
1047.8
1066.7
1075.3
1035.85
1037.5
1044
1041.4
1044.05
1029.3
1015.75
978.6
1000.95
1002.75
1012.3
1014.3
1025.45
1000.75
1001.55
1000.15
1032.55
1013.05
1044.65
1057.6
1036.85
1049.4
1057.1
1020.35
989.65
988
964.55
970.95
1000.8
1024
1029.4
1000.4
997.8
963.45
965.55
963.25
949.4
951.3
971.4
993.6
997.65
1000.2
981.25
961.15
983.45
1022.55
1009.75
1058.3
1103.25
1106.95
1106.95
1104
1086.65
1094.75
1113.9
1134.45
1177.15
1195.55
1196.3
1211.65
1196.85
1162.15
1196.5
1157.4
1153.55
1145.95
1166.65
1166.65
1166.65
1175.8
1154.8
1146.2
1122.05
1115.6
1141.5
1125.15
1179.35
1176.5
1228.75
1186.35
1198.95
1216.2
1242.4
1274.05
1240.6
1225
1213.4
1164.85
1164.85
1147.5
1150
1166.65
1152.9
1177.75
1170.55
1114.5
1183.45
1217.7
1216.05
1287.6
1278.2
1278.2
1224.3
1221
1129.65
1116.35
1118.05
1134.5
1127.2
1113.6
1110.05
1099.35
1075.9
1088.1
1075.05
1023.45
1073.05
1063.65
1063.65
1032.6
996.95
1009.05
955.05
933.25
962.25
935.25
939.7
940.5
933.65
894.75
858.2
853.5
870.65
848.15
837.55
794.8
808.1
815.55
832.6
845.25
872
879.95
873.65
854.3
820.3
849.05
904.05
949.1
959.15
959.9
970.4
991.9
1003.4
1039.55
1032.15
1032.15
1005.95
972.6
947.65
975.8
991.4
967.25
957.25
937.1
947
947
964.2
985.55
1006.3
1008.15
1049.35
1056.85
1112.05
1140.25
1128.9
1116.45
1127.8
1135.45
1159.7
1152.4
1122.9
1119.05
1168.7
1124.25
1130.5
1131.2
1095.45
1120.4
1104.15
1086.25
1095.2
1052.2
1046.8
1029.95
952
959.1
990.75
1021.45
1067.95
1070.3
1089.2
1055.8
1088.75
1112.5
1153.5
1142.7
1108.2
1133.15
1115.75
1084.65
1051.4
1052.2
1103.15
1151.25
1144.2
1138.65
1116
1076.95
1075
1040.7
999.85
1021.65
1049.05
1082.8
1050.95
1072.75
1108.3
1173
1210.7
1208.9
1211.45
1248.45
1210.5
1237
1244.25
1285
1308.2
1343.1
1352
1338.15
1297.85
1300.1
1319.85
1337.2
1296.95
1239.4
1259.65
1272.7
1263.8
1267.9
1279.2
1274.15
1266.55
1264.2
1307.3
1331.6
1310.95
1326.55
1333.05
1310.7
1289
1293.7
1301.45
1304.55
1272.55
1244
1254.65
1241
1224.05
1223.35
1218.8
1223.95
1258.35
1236.8
1235.65
1246.05
1228.45
1244.6
1235.45
1243.65
1276.55
1275.3
1278.6
1245.75
1218.95
1205.85
1180.75
1201.7
1187.25
1222.25
1213.35
1216.15
1217.75
1223.3
1244.9
1204.15
1227.7
1228.95
1236.7
1253.9
1209.2
1232.9
1230.7
1275.9
1286
1334.3
1342.25
1355.2
1377.15
1449.55
1447.9
1410.6
1394.8
1427.35
1439.4
1412.15
1450.85
1447.45
1429.15
1427.35
1432.15
1409.05
1403.65
1424.7
1422.6
1384.65
1365.75
1316.5
1313.4
1294.8
1278.1
1271.25
1292.7
1317.65
1281.15
1290.55
1265.25
1285.25
1299.95
1313.25
1284.3
1328.3
1304.65
1288.15
1223.9
1230.7
1191.55
1254.85
1264.7
1308.35
1292.95
1316.9
1295.85
1275.65
1271.3
1222
1165.85
1159.45
1191.5
1228.75
1220.4
1255.6
1224.7
1241.8
1246.75
1253.3
1298.9
1298.1
1322.1
1284.4
1285.75
1281
1279.2
1227.55
1201.35
1269.2
1312.95
1297.65
1256.2
1280.25
1307.4
1310.85
1347.4
1367.6
1349.5
1329.35
1310.5
1288.85
1315.9
1320.55
1314.65
1310.2
1317.15
1270.55
1309.25
1296.25
1303.25
1324.4
1323.05
1245
1251.05
1324.8
1382.55
1409.6
1453.45
1421.3
1367.9
1329.3
1329.2
1348.7
1385.4
1421.35
1431.95
1384.1
1426.9
1466.8
1523.55
1491.45
1523.3
1547.25
1557.9
1556.6
1549.4
1543.8
1537.15
1526
1511.2
1466.65
1446.65
1446.25
1460.35
1466.8
1464.15
1503.9
1455.65
1465.85
1482.05
1505.8
1563.45
1588.7
1542.3
1551.05
1571.1
1565.5
1565.9
1575.1
1576.95
1572.45
1531.2
1508.65
1507.6
1505.6
1506.25
1493.9
1530.05
1530.9
1542.35
1505.65
1484.4
1470
1424.75
1424.55
1378.7
1379.25
1398.25
1395.9
1379.95
1388.5
1350.15
1324.85
1327.6
1331.85
1364
1358.2
1370.45
1382.3
1366.25
1359.05
1350.7
1330.5
1334.75
1328.45
1316.8
1289.65
1297
1310.05
1311.75
1317.1
1332.15
1358.6
1351.05
1345.4
1362
1349.6
1382.2
1383.95
1390.6
1363.7
1346.3
1371
1360.95
1359.1
1344.95
1314.15
1300.7
1288.6
1269.55
1243.75
1236.1
1253
1238.8
1236.95
1229.55
1242.95
1241.6
1262.55
1247.85
1262.95
1250.3
1236.1
1250.05
1208.5
1215.05
1219.7
1245.85
1253.35
1241.95
1245.95
1240.5
1226.7
1215.55
1240.1
1243.95
1202.6
1180.85
1228.4
1220.5
1215.7
1157.85
1163.75
1196.15
1217.85
1207.4
1205.1
1254.55
1261.85
1288.1
1311.15
1287.8
1258.95
1249.3
1190.25
1236
1241.55
1247.35
1262.1
1268.2
1271.7
1258.95
1278.35
1274.85
1233.4
1225.7
1239.15
1186.5
1157.4
1150.45
1149.25
1157.8
1177.3
1182.35
1156.3
1164.2
1171.35
1174.25
1173.7
1169.1
1173.15
1199.7
1191.65
1154.4
1160.65
1146.8
1155.15
1164.9
1145.7
1145.15
1139.8
1151.95
1151.25
1129.9
1115.4
1128.4
1102.8
1121.65
1148.15
1152.7
1124.85
1097.95
1093.35
1098.35
1104.6
1096
1100.8
1067.55
1025.9
1027.9
1035
1024.8
1037.9
1023
1023.35
1047.05
1069.9
1033.05
1063.35
1025.5
1014
972.55
1107.2
1017.6
1031.15
1060.05
1082.75
1104.2
1108.3
1078.2
1062.05
1039.45
1049.1
1051.1
1013.55
1002.95
995.3
1010
993.05
988.2
988.7
980.1
984.25
988
988
987.15
983.3
967.25
954.5
933.95
941.9
938.25
958.95
994.2
1003.65
1021.6
1016.3
1040.5
1011.1
1026.5
1047.85
1046.85
1036.5
997.45
969.4
999.65
1016.8
999.85
998.75
991.95
984.85
997.5
1000.1
999.3
996.6
979.15
1005.1
995.85
997.25
935.25
917
923.55
894.55
904.65
907.9
908.9
928.65
952.3
967.25
994.8
966.45
976.35
994.55
1006.1
1006.1
1006.25
1032.1
1012.5
1012.75
996.2
1012.65
980
998.65
969.2
1007.65
1008.6
981.55
925.2
912.4
914.4
918.25
919.85
909.75
920.1
914.1
911.55
907.35
907.65
895.5
902.95
909
913.4
906
932.75
906.95
889.65
889.65
891.7
906.7
917.6
921.25
930.95
916.15
906.95
879.4
843.05
819.65
830.85
828.55
870.3
877.8
870.55
866.75
840.5
814.15
845.2
851.4
894.65
921.55
917.7
917.5
919.2
954.45
938.6
892.5
892.6
861.35
882.85
886.3
851.75
799
788.9
762.9
755.9
739.1
765.2
783.6
817.2
794.2
871.8
853.15
869.55
833.65
867.1
818.45
777.3
768.65
746.75
763.9
755.5
731.9
720.85
757.9
716.45
703.45
725.55
749.45
725.2
697.8
737.5
734.85
716.2
720.15
742.25
783.4
782.05
797.4
743.8
771.9
762.7
734.95
728.05
766.8
793.6
659.4
637.4
670.25
668.25
617.8
607.35
624.55
604.85
627.8
608.85
560
560
555.65
530.6
557.55
528.75
502.55
472.5
493.85
510.3
503.8
470.65
504.25
461.2
462.25
442.35
444.55
443.85
434
436.4
439.75
417.85
414.5
397.4
431.2
421.5
397.75
372.3
374.05
343.05
358.3
341.25
325.8
342.7
330.55
304.35
280.9
295.25
300.85
322.6
324.95
323.05
347.95
346.5
366.25
363.65
373.15
388.45
394.1
399.7
418.75
439.2
430.7
431.55
421.05
421.7
402.7
392.1
394.75
395.35
397.65
433
435.05
423.1
394.5
384.1
415.95
407.95
422.4
438.35
444.35
434.65
449.8
440.15
452.55
485.75
525
522.15
567.2
559.25
542.6
517.25
504.65
510.4
494.8
481.75
490
489.2
498.9
536.85
545.7
538.3
497.4
500.75
485.55
469
457.6
462.75
451.5
443.1
455.2
432.95
428.8
413.05
406.85
405.05
381.95
397.6
411.75
406.05
427.4
437.4
455.75
494.85
525.65
564.1
608.85
581
582.65
603.85
640.8
602.3
562.6
527.8
568.65
537.6
534.3
622.25
630.95
657.55
617.2
619.3
622.85
618.25
638.7
662.9
552.3
643.65
680.15
678.1
702.9
734.8
720.5
671.6
705.15
721.25
710.5
684.75
703.15
708.85
678.6
666.85
696.55
657.25
692.7
703.9
710.95
709.7
710.85
686.55
734.9
759.65
722.95
723.3
670.65
677.55
680
685.35
679.4
648.6
673.65
679.75
691.55
700.15
725.2
721.55
759.8
734.85
748.5
743.95
760.85
706.05
680.3
653.85
679.6
620.1
697.2
712.5
761.55
765.4
740.05
697.6
686.8
635.5
584.45
596.55
635.8
669.6
679
669.75
608.4
602.9
599.55
579.75
635.85
592.3
603.65
628.95
676.25
686.95
678.9
699
705.1
718.1
753.25
794.2
736.15
704.35
715.8
703.7
681.2
704.1
760.2
770.4
739.4
757.3
750
794.05
783.3
810.8
740.4
762.95
799.85
828.4
869.5
869.4
901.65
894
865.4
869.25
877.2
836.3
863.35
907.15
947.85
946.9
933.2
924.3
944.3
919.15
906.6
891.9
897.25
910.6
881.1
824.75
786.8
774.9
761.7
777.3
796.1
760.95
750.8
714.75
745.55
743
721.1
781.15
804.9
793.25
826.55
792.15
718.35
747.25
782.1
792.85
860.6
802.95
863.35
833.7
805.75
840.1
899.25
909.1
940.3
1018.75
1003.6
988.05
959.8
956.5
970.5
1001.8
1004.2
1040.3
1051.25
1026.9
994.5
969.1
989.8
928.1
980.85
1033.8
1083.45
1058.7
1089.25
1087.8
1110.8
1100.75
1136.9
1138.5
1098.3
1005.75
1022.6
985.95
1056.75
1112.75
1159.65
1164.55
1207.9
1265.2
1167.45
1086.45
1095.6
1068.65
1089.5
1056.45
1035.45
1033.9
973
967.1
976.95
959.55
971.8
947.85
932.1
942.15
953.05
978.95
993.9
968.65
942.6
939.65
937.45
935.2
926.75
942.4
943.1
941
931.25
918.75
908.5
934.8
936.8
929.95
924.75
939.6
996.75
981.7
974.6
962.6
989.15
949.3
894.3
914.75
920.1
937.15
942.3
976.7
929.2
913.2
918.8
909.05
925.45
919
868.9
866.4
869.35
821.8
832.35
855.25
872.25
882.85
813.35
743.15
758.75
762.75
727.8
716.15
737.2
752
755.15
750.5
764.4
768.15
756
737.85
728.15
709.85
705.2
684.85
660.2
658.05
649.35
659.35
646.65
646.9
649.35
651.7
659.7
667.6
658.65
635.35
634.1
629.75
612.05
597.6
577.15
571.8
582.3
585.7
588
603.95
574.65
559
596.15
600.25
590.05
606.8
625.9
615.05
620.15
620.7
620.4
617.75
626.7
639
608.75
613.55
617.85
613.8
624.8
649.2
649.9
655
650.5
645.65
641.25
641.1
632.5
630.6
632.55
628.8
630.05
617.85
623.45
607.1
605
580.3
589.4
599.9
616.55
614.9
616.45
620.75
612.9
609.4
596.65
585.7
585.05
588.05
564.75
559.35
570
575.85
577.9
576.2
115.23
579.55
563.05
562.45
554.5
564.3
570.55
580.65
567.55
553.8
536.65
541.1
541.15
535.25
525.25
520.45
524.05
516.55
507.05
506.15
480.4
474.25
467.85
455.55
465.3
467.1
468.15
463.2
465.05
464.4
470.45
465.8
469.3
469.05
463.1
467.65
489.2
499.5
451.3
458.55
465.35
460
490.15
479.85
495.7
520.25
531.7
500.55
480.55
462.4
469.8
448.6
469.1
477.85
494.7
460.2
455.2
436.1
418.45
431.45
447.55
470.5
484.45
460
486.35
495.45
491.15
518.8
534.1
531.2
547.8
545.75
519.55
518.25
553.5
573.55
563.75
552.5
547.95
564.8
587.35
542.15
534
503.9
514.4
508.8
509.15
545.1
535.1
546.3
547.1
551.6
533.95
499.2
480.7
461.85
466.85
467.45
471.5
473.2
474.95
467.45

