48.48
48.169998
49.360001
48.990002
50.57
51.27
48.48
47.439999
48.5
49.200001
50.919998
51.73
50.119999
50.43
52.48
51.970001
51.950001
53
54.900002
55.560001
56.740002
59.549999
59
59.09
60.880001
61.360001
58.75
58.939999
60.099998
61.169998
60.09
61.84
59.759998
59.720001
61.16
62.790001
61.98
62.759998
62.189999
60.419998
60.150002
57.619999
56.209999
56.139999
57.07
56.93
58.709999
60.869999
61.130001
59.080002
60.349998
59.82
61.029999
61.419998
60.209999
60.279999
60.130001
61.91
62.57
59.98
58.779999
55.880001
53.689999
50.75
50.060001
48.279999
48.259998
50.27
50.049999
50.07
51.150002
52.299999
52.43
54.599998
54.689999
52.790001
51.98
52.5
54.099998
54.919998
56.529999
56.349998
57.400002
57.509998
57.07
59.450001
57.459999
55.759998
51.220001
49.939999
50.98
54.990002
55.740002
56.73
59.209999
58.779999
59.080002
58.790001
59.419998
57.889999
58.439999
55.919998
56.810001
55.919998
57.549999
57.700001
59.009998
60.330002
60.040001
59.650002
57.68
58.490002
59.279999
59
59.18
59.599998
61.419998
62.68
63.049999
64.57
63.98
64.339996
64.650002
64.370003
65.050003
64.410004
65.709999
65.419998
66.879997
66.970001
68.43
68.029999
69.169998
70.230003
68.940002
68.639999
69.309998
69.510002
69.400002
67.330002
67.660004
68.830002
65.639999
65.57
64.989998
66.080002
66.169998
66.760002
67.290001
66.760002
67.519997
67.290001
67.220001
67.309998
69.019997
69.940002
69.550003
67.699997
68.889999
69.660004
69.410004
70.25
71.5
71.690002
74.339996
73.459999
74.470001
73.900002
74.690002
75.779999
76.900002
77.970001
76.75
75.220001
75.209999
75.800003
75.279999
74.940002
77.68
77.459999
78.019997
78.089996
74.629997
72.720001
73.120003
72.379997
71.849998
72.349998
72.529999
69.199997
69.18
67.870003
68.559998
67.370003
68.900002
69.099998
68.080002
67.82
68.339996
67.400002
69.769997
68.529999
69.330002
69
68.769997
69.599998
69.239998
70.419998
71.389999
73.5
74.839996
74.489998
74.110001
75.080002
75.43
76.650002
76.489998
75.870003
76.300003
76.480003
77.099998
77.339996
76.830002
74.709999
72.800003
72.790001
73.779999
72.970001
73.169998
72.010002
72.68
70.080002
67.489998
65.699997
66.019997
71.610001
71.650002
70.830002
72.07
71.410004
69.57
70.019997
67.919998
69.239998
67.690002
68.43
71.120003
71.379997
69.300003
69.459999
70.550003
74.139999
73.82
74.129997
74.82
74.309998
74.370003
75.360001
73.760002
74.5
70.550003
69.029999
66.230003
65.449997
66.529999
67.860001
68.580002
72.18
71.309998
75.720001
76.290001
76.809998
75.129997
73.970001
72.93
80.830002
82.309998
84.669998
85.209999
83.589996
82.370003
81.900002
81.239998
83.029999
81.099998
82.459999
83.809998
83.809998
84.860001
83.709999
83.169998
81.440002
83.260002
84.809998
83.139999
82.889999
81.949997
80.309998
82.349998
82.220001
80
81.339996
79.709999
78.610001
78.040001
76.339996
75.910004
77.779999
82.540001
84.599998
88.410004
88.459999
89.879997
90.720001
91.32
91.589996
94.32
96.209999
96.169998
95.18
96
96.019997
96.290001
97.510002
97.730003
98.900002
99.18
97.970001
96.970001
98.839996
99.139999
99.489998
99.75
100.989998
100.150002
100.75
100.529999
101.099998
100.190002
99.970001
100.260002
100.160004
98.809998
100.07
99.400002
99.279999
97.900002
98.900002
97.529999
99.120003
99.029999
100.139999
99.919998
97.839996
98.769997
98.589996
100.440002
98
98.980003
101.050003
99.419998
99.830002
99.809998
100.739998
100.160004
99.800003
99.32
98.720001
98.449997
99.220001
97.830002
99.209999
97.839996
98.5
99.029999
98.959999
99.199997
99.93
99.419998
99.610001
98.889999
98.290001
97.589996
98.18
96.489998
98.400002
97.959999
97.339996
96.32
95.940002
95.889999
95.949997
95.480003
95.309998
94.309998
94.099998
93.32
92.199997
92.309998
92.389999
91.309998
91.300003
90.589996
89.970001
89.43
89.860001
90.290001
89.300003
88.029999
87.940002
87.400002
88.190002
89.019997
88.669998
88.339996
87.610001
88.209999
88.93
88.089996
88.589996
88.669998
88.900002
89.160004
88.019997
87.230003
87.43
88.309998
88.169998
88.010002
87.779999
87.269997
86.540001
86.099998
84.919998
83.580002
84.019997
85.209999
84
83.720001
85.339996
85.629997
84.959999
83.959999
82.879997
83.220001
82
81.370003
82.040001
81.580002
81.959999
81.18
80.620003
81.059998
80.410004
80.279999
79.849998
80.809998
81.209999
82.239998
81.870003
81.440002
80.739998
80.349998
79.480003
80.029999
79.5
79.32
80.300003
81.449997
81.169998
81.610001
80.709999
80.459999
79.5
78.669998
78.029999
78.25
76.989998
77.18
76.309998
74.660004
74.760002
73.919998
75.489998
76.529999
77.059998
76.800003
75.580002
76.25
77.400002
78.120003
77.919998
77.129997
77.720001
77.669998
79.529999
78.870003
80.900002
81.339996
81.690002
80.860001
79.919998
80.279999
81.120003
83
82.610001
83.07
82.599998
81.139999
80.220001
80.169998
80.540001
80.830002
79.510002
79.349998
78.949997
78.559998
78.940002
79.940002
80.510002
80.860001
81.470001
82.209999
81.150002
80.910004
81.129997
81.480003
83.610001
82.629997
83.330002
82.330002
81.309998
81.889999
81.910004
82.860001
81.699997
80.779999
79.940002
80.870003
80.300003
78.779999
81
80.489998
81.730003
80.93
81.199997
80.32
83.5
83.160004
83.199997
83.089996
81.919998
83.559998
84
84.059998
82.389999
82.309998
80.809998
81.309998
81.099998
80.790001
78.529999
78.769997
79.540001
80.139999
79.889999
79.959999
78.690002
77.339996
78.330002
78.790001
78.720001
78.510002
78.529999
78.629997
79.639999
79.220001
77.790001
77.919998
77.720001
77.25
78.099998
77.790001
78.330002
77.300003
76.529999
76.150002
75.989998
74.849998
75.82
76.480003
75.449997
75.410004
75.660004
74.510002
73.029999
73.720001
73.290001
75.07
75.230003
75.470001
75.209999
75.129997
74.889999
74.360001
73.559998
73.459999
75.080002
75.309998
76.040001
74.459999
73.190002
72.029999
73.199997
73.540001
72.629997
73.43
73.269997
73.940002
72.160004
71.279999
70.739998
71.059998
71.169998
70.959999
68.730003
68.57
68.529999
68.129997
67.199997
67.220001
66.709999
66.489998
67.050003
65.709999
63.650002
62.869999
64.019997
64.279999
66.379997
67.519997
67.510002
65.970001
66.849998
66.82
67.290001
68.75
69.18
67.989998
66.760002
68.25
68.790001
67.410004
68.739998
68.57
68.519997
67.480003
68.040001
68.580002
69.610001
69.720001
69.68
69.110001
70.599998
72.220001
69.389999
69.300003
70.959999
71.889999
72.260002
72.459999
73
72.209999
70.709999
72.18
72.199997
70.989998
71.160004
70.120003
68.209999
67.900002
66.779999
67.019997
66.910004
68.790001
67.970001
71.389999
72.660004
72.919998
73.300003
72.440002
71.690002
71.790001
72.059998
74.139999
73.540001
71.610001
72.029999
71.110001
70.440002
70.269997
69.269997
69.900002
70
72.220001
72.510002
71.970001
71.690002
70.379997
69.889999
69.470001
69.040001
69.489998
69.82
68.839996
66.540001
66.5
65.68
64.610001
63.740002
66.029999
64.400002
66.010002
68.209999
67.419998
68.349998
67.959999
66.980003
66.739998
67.370003
66.57
66.650002
66.019997
67.489998
68.209999
67.160004
67.879997
68.110001
62.48
58.900002
58.439999
57.830002
58.869999
57.66
57.299999
57.029999
56.669998
56.419998
56.25
56.610001
55.599998
55.41
55.84
55.02
54.200001
53.709999
52.959999
51.279999
52.450001
52.32
52.639999
53.389999
53.459999
53.040001
54.049999
52.25
51.380001
51.84
52.02
50.57
50.02
49.689999
49.110001
49.470001
48.869999
49.57
49.610001
50.5
49.849998
49.380001
49.900002
51.119999
50.099998
49.549999
50.490002
48.91
48.889999
49.529999
49.959999
50.57
50.73
52.200001
53.119999
55.52
54.900002
53.389999
52.650002
52.259998
53.240002
53.900002
52.529999
52.369999
54.509998
54.279999
55.32
55.619999
54.990002
52.939999
53.279999
53.330002
52.610001
53.73
53.630001
53.560001
53.98
52.639999
53.5
53.950001
53.720001
53.77
52.400002
53.599998
54.779999
55.639999
55.439999
55.099998
55.5
55.490002
56.060001
55.599998
54.779999
54.59
53.130001
52.900002
50.82
49.310001
49.650002
50.529999
49.68
50.540001
50.84
49.869999
50.189999
49.779999
50.450001
50.470001
50.490002
49.310001
50.009998
49.23
49.580002
49.09
49.68
49.59
50.029999
49.419998
48.279999
47.709999
46.52
47.799999
47.16
48.18
48.360001
47.560001
45.459999
43.93
44.41
45.400002
44.990002
44.900002
44.099998
43.5
43.290001
42.599998
43.68
42.299999
43.310001
43.32
44.290001
45.299999
43.459999
43.450001
41.119999
41
39.990002
39.950001
41
40.970001
44.209999
44.330002
43.709999
44.799999
43.950001
43.130001
43.93
43.98
44.720001
44.759998
45.099998
43.009998
42.68
42.650002
43.700001
45.380001
47.419998
46.689999
46.509998
46.630001
45.77
46.040001
44.599998
45.150002
44.240002
45.32
46.630001
47.950001
48.549999
48.650002
49.849998
50.34
50.939999
52.400002
54.040001
54.029999
52.139999
51.540001
51.75
51.18
55.040001
54.119999
55.07
55.25
55.150002
55.57
54.259998
55.279999
56.66
55.470001
55.450001
56.740002
57.869999
58.580002
58.939999
59.549999
58.950001
58.43
58.630001
59.669998
60.139999
59.860001
59.220001
61.220001
61.689999
63.27
62.549999
61.490002
61.77
63.009998
62.669998
63.040001
64.559998
64.139999
63.5
64.699997
65.43
66.160004
64.919998
65.860001
67
67
66.379997
65.230003
65.5
65.150002
64.879997
64.129997
61.900002
62.259998
61.82
63.25
60.459999
61.18
61.119999
60.380001
57.810001
56.73
56.299999
55.150002
55.259998
54.990002
57.310001
60.32
61.650002
61.27
61.189999
59.669998
57.389999
56.549999
57.009998
57.939999
58.560001
56.900002
56.419998
57.599998
59
58.400002
56.799999
56.470001
55.950001
57.169998
56.959999
56.650002
55.82
55.5
53.080002
54.310001
54.689999
53.82
56.27
56.349998
58.470001
57.43
59.810001
60.419998
60.759998
59.650002
59.490002
60.220001
57.389999
56.740002
54.330002
55.009998
58.029999
58.470001
59.73
60.369999
62.529999
63.400002
64.120003
65.089996
63.849998
61.389999
64.760002
63.389999
63.439999
62.91
60.450001
58.939999
62.560001
65.660004
64.580002
60.380001
58.779999
61
59.799999
58.810001
58.919998
58.209999
56.82
57.470001
55.09
56.099998
55.610001
56.09
53.200001
54.689999
53.459999
51.950001
49.459999
52.459999
55.540001
54.759998
56.869999
54.09
51.48
51.77
56.490002
59.759998
60.759998
61.610001
61.25
60.400002
59.66
57.990002
57.740002
59.84
59.259998
56.73
58.009998
59.82
59.34
58.220001
58.59
55.700001
54.599998
56.200001
55.380001
53.91
54.290001
55.599998
59.549999
59.200001
60.209999
57.040001
56.720001
54.049999
56.02
53.549999
59.860001
61.299999
65.139999
66.019997
68.440002
68.559998
70.449997
70.279999
73.089996
74.150002
74.370003
74.139999
72.809998
74.120003
72.489998
72.93
69.639999
70.790001
71.379997
72.019997
74.68
75.650002
74.410004
75.779999
75.419998
74.760002
72.980003
71.470001
69.190002
69.040001
69.580002
71.419998
71.529999
68.730003
69.279999
70.309998
70.980003
73.360001
71.610001
72.849998
75.110001
73.769997
74.529999
74.379997
76.970001
76.699997
76.300003
79.029999
78.599998
78.400002
78.239998
77.440002
76.199997
77.919998
78.080002
77.190002
75.459999
74.589996
75.779999
76.379997
77.07
79.669998
79.949997
77.470001
76.519997
77.43
79.830002
83.559998
85.959999
83.940002
82.739998
80.669998
80
80.68
80.550003
78.559998
77.209999
78.879997
79.650002
79.669998
80.309998
81.779999
84.239998
84.529999
84.809998
86.349998
85.879997
86.739998
85.209999
83.809998
83.370003
82.970001
84.360001
82.150002
80.660004
82.099998
82.169998
79.589996
80.309998
78.309998
78.529999
79.349998
80.18
78.739998
83.099998
83.809998
84.360001
84.239998
85.199997
84.510002
84.660004
87.029999
84.800003
83.730003
84.949997
80.760002
85
84.129997
83.839996
81.190002
82.330002
80.599998
81.290001
80.089996
82.669998
83.150002
82.339996
83.139999
83.879997
85.360001
84.120003
81.510002
79.25
79.349998
77.169998
78.940002
78.650002
79.440002
80.5
82.029999
82.129997
79.919998
80.190002
80.989998
77.989998
79.169998
79.209999
79.470001
77.75
77.419998
76.540001
76.440002
76.440002
75.120003
75.269997
75.839996
76.18
76.010002
74.599998
75.440002
74.419998
73.209999
74.089996
74.120003
74.519997
73.949997
74.339996
75.440002
74
74.300003
74.290001
73.139999
70.050003
70.120003
69.779999
70.940002
69.050003
69.690002
70.400002
69.989998
67.82
67.779999
69.529999
70.059998
71.900002
71.529999
69.660004
70.470001
69.980003
69.25
66.440002
65.279999
64.099998
63.029999
63.23
62.509998
62.509998
62.549999
63.25
63.119999
63.279999
62.27
64.360001
63.830002
62.75
63.369999
62.669998
63.040001
62.529999
61.810001
61.610001
61.419998
59.490002
60.919998
59.119999
58.779999
58.189999
57.669998
57.810001
56.049999
56.400002
56.139999
56.669998
54.970001
55.82
55
54.799999
54.490002
54.419998
54.119999
54.299999
53.380001
55.290001
54.889999
53.110001
50.25
50.52
51.459999
49.880001
50.41
50.209999
51.23
51.240002
51.990002
52.900002
53.439999
52.619999
52.77
53.16
53.400002
55.560001
56.060001
55.59
56.310001
56.5
56.080002
55.939999
53.59
53.849998
52.470001
53.299999
52.779999
52.700001
52.200001
50.889999
52.880001
51.830002
51.490002
53.32
53.59
54.349998
53.689999
53.23
54.099998
53.220001
50.950001
50.080002
49.959999
50.34
50.950001
52.970001
53.799999
53.73
55.07
54.509998
56.009998
56.18
54.689999
55
55.310001
53.669998
53.450001
52.66
49.880001
49.689999
50.369999
50.5
52.59
52.130001
50.490002
53.200001
54.549999
51.619999
52.240002
51.279999
52.91
51.52
55
55.200001
55.5
56.060001
58
58.84
58.610001
59.950001
56.740002
58.209999
61.41
62.380001
64.029999
63.549999
64.32
63.669998
63.349998
65.349998
65.529999
64.199997
64.75
65.300003
63.48
63.650002
64.910004
65.559998
65.07
65.279999
64.75
64.190002
63.07
64.290001
64.279999
63.700001
62.549999
62.119999
61.080002
59.669998
60.25
61.439999
61.43
61.380001
61.189999
61.66
62.650002
61.650002
60.43
61.259998
60.950001
61.27
60.5
61.25
61.540001
60.419998
60.549999
60.220001
60
58.799999
58.66
59
58.73
60.130001
60.84
60.68
60.759998
60.459999
58.419998
59.029999
57.869999
57.689999
57.029999
57.98
57.32
60.07
61.209999
59.720001
57.790001
57.869999
58.889999
59.09
59.990002
58.689999
60.189999
62.040001
63.040001
62.43
63.009998
62.939999
62.529999
65.139999
65.830002
64.940002
63.720001
63.549999
63.16
60.5
60.959999
61.130001
60.709999
60.369999
59.41
58.779999
58.880001
57.610001
56.400002
57.200001
56.5
56.279999
55.630001
55.91
54.630001
54.669998
57
57.099998
59.220001
59.369999
59.799999
57.959999
57.799999
59.389999
58.73
58.73
58.84
57.560001
58.779999
58.380001
57.619999
56.380001
55.950001
57.400002
58.25
58.330002
56.98
56.98
56.240002
55.59
54.75
54.740002
56.57
54.720001
57.810001
57.439999
58.950001
61.349998
60.290001
60.759998
61.529999
60.66
60.57
59.290001
58.380001
57.759998
57.41
56.459999
55.009998
55.150002
53.669998
51.790001
52.400002
53.459999
53.700001
54.689999
53.080002
53.459999
55.07
56.360001
55.040001
55.810001
56.380001
56.439999
54.41
53.419998
53.09
53.619999
52.810001
53.220001
51.439999
49.849998
49.330002
49.599998
50.59
51.799999
52.099998
52.790001
51.48
52.599998
52.93
50.599998
50.849998
50.619999
49.349998
51.150002
52.419998
53.09
53.470001
54.759998
54.73
56.009998
55.490002
55.720001
57.290001
55.200001
54.099998
51.720001
53.57
53.48
53.630001
53.18
51.689999
52.599998
51.98
50.279999
50.919998
50.849998
49.349998
48.610001
47.5
48.57
48
48.740002
48.619999
49.650002
53.110001
53.75
54.439999
54.279999
54.630001
53.119999
52.299999
50.459999
53.209999
54
53.130001
57.709999
57.709999
59.580002
60.57
59.98
58.93
57.77
59.169998
59.66
57.330002
60.299999
68.040001
66.589996
65.650002
61.380001
61.16
60.02
60.810001
62.950001
61.91
60.75
58.18
59.889999
59.91
63.91
63.700001
63.360001
60.869999
61.639999
59.439999
60
56.189999
54.790001
56.84
54.889999
54.959999
56.169998
52.57
50.41
50.490002
50.639999
55.09
55.799999
55.849998
57.099998
57.830002
58.439999
57.650002
56.279999
57.799999
59.759998
58.470001
55.48
54.200001
55.18
58.23
63.59
64.349998
65.019997
66.300003
61.799999
64.82
60.23
61.970001
58.869999
58.650002
59.02
57.169998
58.369999
53.959999
54.740002
52.709999
55.150002
51.599998
51.84
54.689999
53.830002
52.169998
52.349998
49.990002
51.59
52.169998
51.779999
52.59
58.41
56.360001
57.169998
57.07
60.720001
60.450001
58.360001
56.43
55.419998
53.720001
55.610001
56.950001
60.860001
59.18
60
57.540001
54.450001
56.59
51.990002
52.98
52.849998
51.310001
53.959999
52.189999
55.509998
58.34
55.849998
57.98
58.560001
57.25
53.639999
53.77
52.25
49.049999
47.650002
48.82
47.740002
47.34
47.290001
52.41
49.779999
47.259998
47.700001
47.709999
44.689999
43.349998
42.029999
38.490002
39.68
42.810001
45.060001
43.709999
54.040001
56.209999
49.790001
50.060001
44.869999
38.450001
46.470001
51.360001
50.529999
55.529999
57.779999
50.720001
56.639999
62.32
61.23
56.73
58.959999
60.970001
57.720001
60.209999
57.34
53.130001
50.509998
43.369999
49.939999
53.869999
49.02
54.720001
57.380001
50.580002
51.549999
47.139999
58.310001
59.220001
52.919998
53.5
62.279999
61.290001
72.25
72
69.059998
80.010002
82.080002
76.110001
89.529999
96.050003
92.720001
92.290001
95.449997
94.779999
84.610001
83.769997
84.220001
81.620003
92.279999
88.43
85.669998
79.690002
88.139999
91.440002
91.400002
94.959999
101.57
104.709999
105.529999
107.139999
105.529999
104.839996
106.269997
109.089996
104
98.449997
94.730003
95.32
98.910004
101.870003
96.18
95.709999
95.870003
97.940002
100.75
96.18
93.07
101.129997
101.400002
106.970001
94.25
94.989998
93.870003
93.410004
92.239998
97.779999
103.980003
97.849998
95.900002
101.040001
103.660004
111.25
111.760002
112.980003
109.739998
113.309998
114.540001
119.540001
119.980003
126.660004
126.190002
127.059998
124.410004
124.32
126
128.440002
122.550003
122.910004
129.350006
129.729996
127.480003
125.580002
123.650002
125.779999
122.940002
127.470001
123.919998
123.339996
117.919998
122.449997
126
122.809998
120.519997
124.629997
126
125.089996
127.989998
130.779999
133.800003
130.699997
128.029999
122.139999
116.32
118.089996
115.199997
115.739998
114.959999
112.790001
116.860001
108.269997
106.339996
102.459999
106.199997
105.529999
107.279999
109.980003
109.120003
110.669998
115.800003
112.559998
105.25
102.519997
103.989998
103.5
101.190002
92.760002
96.529999
98.300003
96.620003
96.089996
94.919998
93.099998
93.360001
92.489998
88.18
88.370003
89.540001
92.629997
89.489998
89.389999
90.860001
90.339996
98.260002
95.669998
99.040001
100.690002
100.599998
96.860001
91.919998
91.690002
92.989998
96.059998
92.970001
93.739998
93.18
95.970001
95.489998
98.540001
97.589996
93.660004
92.470001
94.410004
94.089996
90.650002
91.199997
91.040001
89.349998
90.629997
88.959999
87.160004
81.849998
85.470001
90.389999
92.07
90.629997
90.440002
91.110001
89.900002
89.32
89.610001
82.830002
85.610001
85.480003
83.169998
87.389999
89.910004
92.980003
91.739998
92.68
94.779999
91.43
92.919998
93.349998
97.870003
98.860001
100.860001
101.980003
102.330002
104.400002
102.379997
98
89.309998
92.110001
89.830002
84.690002
84.980003
83.690002
82.129997
76.68
78.269997
78.629997
78.860001
74.620003
72.599998
74.779999
71.220001
69.559998
67.75
66.389999
68.349998
70.260002
68.589996
71.25
67.93
67.940002
65.739998
68.379997
68.699997
66.940002
71.690002
71.699997
72.57
73.980003
69.110001
70.580002
70.019997
71.610001
68.760002
71.699997
70.959999
69.260002
68.760002
66.760002
65.639999
67.690002
69.879997
69.279999
69.519997
68.599998
67.620003
65.970001
65.730003
66.029999
65.07
66.07
64.790001
64.900002
65.269997
67.120003
66.529999
67.410004
68.43
67.489998
68.040001
67.849998
66.400002
66.519997
66.010002
63.43
63.34
64.019997
64.169998
62.439999
60.650002
61.650002
62.970001
61.68
62.09
61.369999
58.619999
59.349998
57.529999
58.810001
59.09
57.669998
57.73
56.869999
58.470001
57.299999
55.240002
56.189999
58.43
60.220001
59.240002
57.5
58.200001
57.279999
55.630001
56.59
59.91
60.16
61.200001
61.790001
60.689999
62.380001
66.580002
64.629997
66.730003
65.339996
66.309998
66.480003
65.690002
65.709999
66.120003
64.629997
63.490002
63.200001
61.669998
60.950001
60.669998
60.09
59.490002
58.959999
56.740002
55.779999
56.630001
58.419998
59.720001
60.240002
58.07
59.509998
60.41
61
59.880001
59.040001
57.970001
58.91
59.07
59
58.790001
59.57
60.48
60.259998
59.220001
61
60.119999
60.279999
59.07
60.459999
59.310001
60.59
59.68
58.869999
58.43
58.389999
58.549999
58.48
56.849998
58.439999
58.139999
57.82
58.18
58.23
57.060001
56.77
56.75
57.02
57.470001
59.040001
57.119999
57.310001
57.560001
56.16
56.209999
56.93
58
57.869999
57.619999
56.400002
56.380001
55.080002
56.290001
56.23
56.290001
56.509998
55.470001
56.91
56.900002
56.82
56.389999
55.98
55.790001
54.060001
52.950001
52.509998
50.450001
51.849998
51.970001
51.189999
52.220001
52.799999
52.549999
52.18
51.5
50.52
51.419998
53.189999
52.959999
53.220001
55.580002
55.580002
54.580002
54.5
53.619999
54.27
53.880001
53.98
53.84
53.439999
54.939999
54.540001
53.200001
53.84
54.119999
54.57
54.540001
53.990002
52.779999
52.110001
51.939999
50.860001
51.529999
51.740002
50.549999
50.52
48.790001
49.25
48.68
49.02
47.310001
47.5
48.200001
49.349998
47.950001
47.369999
47.59

