100 2.878
101 2.875
102 2.879
103 2.874
104 2.879
105 2.873
106 2.879
107 2.872
108 2.880
109 2.871
110 2.880
111 2.870
112 2.880
113 2.869
114 2.880
115 2.868
116 2.881
117 2.867
118 2.881
119 2.866
120 2.881
121 2.865
122 2.881
123 2.865
124 2.881
125 2.864
126 2.881
127 2.863
128 2.881
129 2.862
130 2.881
131 2.861
132 2.881
133 2.860
134 2.881
135 2.859
136 2.881
137 2.859
138 2.881
139 2.860
140 2.880
141 2.861
142 2.880
143 2.862
144 2.880
145 2.863
146 2.880
147 2.864
148 2.880
149 2.864
150 2.879
151 2.865
152 2.879
153 2.866
154 2.879
155 2.867
156 2.879
157 2.867
158 2.879
159 2.868
160 2.878
161 2.869
162 2.878
163 2.869
164 2.878
165 2.870
166 2.877
167 2.870
168 2.877
169 2.871
170 2.877
171 2.871
172 2.877
173 2.872
174 2.876
175 2.872
176 2.876
177 2.872
178 2.876
179 2.873
180 2.875
181 2.873
182 2.875
183 2.873
184 2.875
185 2.874
186 2.874
187 2.874
188 2.874
189 2.874
190 2.874
191 2.874
192 2.873
193 2.875
194 2.873
195 2.875
196 2.873
197 2.875
198 2.872
199 2.875
200 2.872
201 2.875
202 2.871
203 2.876
204 2.871
205 2.876
206 2.871
207 2.876
208 2.870
209 2.876
210 2.870
211 2.876
212 2.870
213 2.876
214 2.869
215 2.876
216 2.869
217 2.876
218 2.869
219 2.876
220 2.868
221 2.876
222 2.868
223 2.876
224 2.868
225 2.876
226 2.867
227 2.876
228 2.867
229 2.876
230 2.866
231 2.877
232 2.866
233 2.877
234 2.866
235 2.876
236 2.865
237 2.876
238 2.865
239 2.876
240 2.865
241 2.876
242 2.864
243 2.876
244 2.864
245 2.876
246 2.865
247 2.876
248 2.865
249 2.876
250 2.866
251 2.876
252 2.866
253 2.876
254 2.866
255 2.876
256 2.867
257 2.876
258 2.867
259 2.876
260 2.867
261 2.876
262 2.868
263 2.876
264 2.868
265 2.876
266 2.868
267 2.876
268 2.869
269 2.875
270 2.869
271 2.875
272 2.869
273 2.875
274 2.869
275 2.875
276 2.870
277 2.875
278 2.870
279 2.875
280 2.870
281 2.875
282 2.870
283 2.875
284 2.871
285 2.875
286 2.871
287 2.874
288 2.871
289 2.874
290 2.871
291 2.874
292 2.871
293 2.874
294 2.872
295 2.874
296 2.872
297 2.874
298 2.872
299 2.874
300 2.872
301 2.873
302 2.872
303 2.873
304 2.872
305 2.873
306 2.873
307 2.873
308 2.873
309 2.873
310 2.873
311 2.873
312 2.873
313 2.872
314 2.873
315 2.872
316 2.873
317 2.872
318 2.873
319 2.872
320 2.873
321 2.872
322 2.874
323 2.872
324 2.874
325 2.872
326 2.874
327 2.871
328 2.874
329 2.871
330 2.874
331 2.871
332 2.874
333 2.871
334 2.874
335 2.871
336 2.874
337 2.870
338 2.874
339 2.870
340 2.874
341 2.870
342 2.874
343 2.870
344 2.874
345 2.870
346 2.874
347 2.870
348 2.874
349 2.869
350 2.874
351 2.869
352 2.874
353 2.869
354 2.874
355 2.869
356 2.874
357 2.869
358 2.874
359 2.869
360 2.874
361 2.868
362 2.874
363 2.868
364 2.874
365 2.868
366 2.874
367 2.868
368 2.874
369 2.868
370 2.874
371 2.867
372 2.874
373 2.867
374 2.874
375 2.867
376 2.874
377 2.867
378 2.874
379 2.867
380 2.874
381 2.867
382 2.874
383 2.867
384 2.874
385 2.867
386 2.874
387 2.867
388 2.874
389 2.867
390 2.874
391 2.868
392 2.874
393 2.868
394 2.874
395 2.868
396 2.874
397 2.868
398 2.874
399 2.868
400 2.874
