100 6.404
101 6.408
102 6.405
103 6.407
104 6.406
105 6.406
106 6.407
107 6.405
108 6.408
109 6.404
110 6.408
111 6.403
112 6.409
113 6.402
114 6.409
115 6.402
116 6.410
117 6.401
118 6.410
119 6.400
120 6.411
121 6.399
122 6.411
123 6.398
124 6.411
125 6.397
126 6.411
127 6.396
128 6.411
129 6.395
130 6.412
131 6.394
132 6.412
133 6.393
134 6.412
135 6.393
136 6.412
137 6.392
138 6.412
139 6.391
140 6.412
141 6.390
142 6.412
143 6.389
144 6.412
145 6.388
146 6.412
147 6.388
148 6.412
149 6.387
150 6.411
151 6.386
152 6.411
153 6.387
154 6.411
155 6.388
156 6.411
157 6.389
158 6.411
159 6.390
160 6.411
161 6.391
162 6.410
163 6.392
164 6.410
165 6.393
166 6.410
167 6.394
168 6.410
169 6.395
170 6.410
171 6.395
172 6.409
173 6.396
174 6.409
175 6.397
176 6.409
177 6.398
178 6.408
179 6.398
180 6.408
181 6.399
182 6.408
183 6.399
184 6.408
185 6.400
186 6.407
187 6.400
188 6.407
189 6.401
190 6.407
191 6.401
192 6.406
193 6.402
194 6.406
195 6.402
196 6.406
197 6.403
198 6.405
199 6.403
200 6.405
201 6.403
202 6.405
203 6.404
204 6.404
205 6.404
206 6.404
207 6.404
208 6.404
209 6.405
210 6.403
211 6.405
212 6.403
213 6.405
214 6.403
215 6.405
216 6.402
217 6.406
218 6.402
219 6.406
220 6.402
221 6.406
222 6.401
223 6.406
224 6.401
225 6.406
226 6.401
227 6.406
228 6.400
229 6.407
230 6.400
231 6.407
232 6.399
233 6.407
234 6.399
235 6.407
236 6.399
237 6.407
238 6.398
239 6.407
240 6.398
241 6.407
242 6.398
243 6.407
244 6.397
245 6.407
246 6.397
247 6.407
248 6.397
249 6.407
250 6.396
251 6.407
252 6.396
253 6.407
254 6.395
255 6.407
256 6.395
257 6.407
258 6.395
259 6.407
260 6.394
261 6.407
262 6.394
263 6.407
264 6.394
265 6.407
266 6.393
267 6.407
268 6.393
269 6.407
270 6.393
271 6.407
272 6.394
273 6.407
274 6.394
275 6.407
276 6.394
277 6.407
278 6.395
279 6.407
280 6.395
281 6.407
282 6.396
283 6.407
284 6.396
285 6.407
286 6.397
287 6.407
288 6.397
289 6.406
290 6.397
291 6.406
292 6.398
293 6.406
294 6.398
295 6.406
296 6.398
297 6.406
298 6.399
299 6.406
300 6.399
301 6.406
302 6.399
303 6.406
304 6.399
305 6.406
306 6.400
307 6.406
308 6.400
309 6.405
310 6.400
311 6.405
312 6.401
313 6.405
314 6.401
315 6.405
316 6.401
317 6.405
318 6.401
319 6.405
320 6.401
321 6.405
322 6.402
323 6.404
324 6.402
325 6.404
326 6.402
327 6.404
328 6.402
329 6.404
330 6.402
331 6.404
332 6.403
333 6.404
334 6.403
335 6.404
336 6.403
337 6.403
338 6.403
339 6.403
340 6.403
341 6.403
342 6.403
343 6.403
344 6.403
345 6.403
346 6.404
347 6.403
348 6.404
349 6.402
350 6.404
351 6.402
352 6.404
353 6.402
354 6.404
355 6.402
356 6.404
357 6.402
358 6.404
359 6.402
360 6.404
361 6.401
362 6.404
363 6.401
364 6.405
365 6.401
366 6.405
367 6.401
368 6.405
369 6.401
370 6.405
371 6.401
372 6.405
373 6.400
374 6.405
375 6.400
376 6.405
377 6.400
378 6.405
379 6.400
380 6.405
381 6.400
382 6.405
383 6.399
384 6.405
385 6.399
386 6.405
387 6.399
388 6.405
389 6.399
390 6.405
391 6.399
392 6.405
393 6.399
394 6.405
395 6.398
396 6.405
397 6.398
398 6.405
399 6.398
400 6.405
