100.000 4.397
100.020 4.405
100.040 4.413
100.060 4.420
100.080 4.428
100.100 4.436
100.120 4.444
100.140 4.451
100.160 4.459
100.180 4.467
100.200 4.475
100.220 4.482
100.240 4.490
100.260 4.498
100.280 4.506
100.300 4.513
100.320 4.521
100.340 4.529
100.360 4.537
100.380 4.544
100.400 4.552
100.420 4.560
100.440 4.568
100.460 4.576
100.480 4.583
100.500 4.591
100.520 4.599
100.540 4.607
100.560 4.614
100.580 4.622
100.600 4.630
100.620 4.638
100.640 4.645
100.660 4.653
100.680 4.661
100.700 4.669
100.720 4.676
100.740 4.684
100.760 4.692
100.780 4.700
100.800 4.707
100.820 4.715
100.840 4.723
100.860 4.731
100.880 4.738
100.900 4.746
100.920 4.754
100.940 4.762
100.960 4.770
100.980 4.777
101.000 4.785
101.020 4.793
101.040 4.801
101.060 4.808
101.080 4.816
101.100 4.824
101.120 4.832
101.140 4.839
101.160 4.847
101.180 4.855
101.200 4.863
101.220 4.870
101.240 4.878
101.260 4.886
101.280 4.894
101.300 4.901
101.320 4.909
101.340 4.917
101.360 4.925
101.380 4.932
101.400 4.940
101.420 4.948
101.440 4.956
101.460 4.964
101.480 4.971
101.500 4.979
101.520 4.987
101.540 4.995
101.560 5.002
101.580 5.010
101.600 5.018
101.620 5.026
101.640 5.033
101.660 5.041
101.680 5.049
101.700 5.057
101.720 5.064
101.740 5.072
101.760 5.080
101.780 5.088
101.800 5.095
101.820 5.103
101.840 5.111
101.860 5.119
101.880 5.126
101.900 5.134
101.920 5.142
101.940 5.150
101.960 5.158
101.980 5.165
102.000 5.173
102.020 5.181
102.040 5.189
102.060 5.196
102.080 5.204
102.100 5.212
102.120 5.220
102.140 5.227
102.160 5.235
102.180 5.243
102.200 5.251
102.220 5.258
102.240 5.266
102.260 5.274
102.280 5.282
102.300 5.289
102.320 5.297
102.340 5.305
102.360 5.313
102.380 5.321
102.400 5.328
102.420 5.336
102.440 5.344
102.460 5.352
102.480 5.359
102.500 5.367
102.520 5.375
102.540 5.383
102.560 5.390
102.580 5.398
102.600 5.406
102.620 5.414
102.640 5.421
102.660 5.429
102.680 5.437
102.700 5.445
102.720 5.452
102.740 5.460
102.760 5.468
102.780 5.476
102.800 5.483
102.820 5.491
102.840 5.499
102.860 5.507
102.880 5.515
102.900 5.522
102.920 5.530
102.940 5.538
102.960 5.546
102.980 5.553
103.000 5.561
103.020 5.569
103.040 5.577
103.060 5.584
103.080 5.592
103.100 5.600
103.120 5.608
103.140 5.615
103.160 5.623
103.180 5.631
103.200 5.639
103.220 5.646
103.240 5.654
103.260 5.662
103.280 5.670
103.300 5.677
103.320 5.685
103.340 5.693
103.360 5.701
103.380 5.709
103.400 5.716
103.420 5.724
103.440 5.732
103.460 5.740
103.480 5.747
103.500 5.755
103.520 5.763
103.540 5.771
103.560 5.778
103.580 5.786
103.600 5.794
103.620 5.802
103.640 5.809
103.660 5.817
103.680 5.825
103.700 5.833
103.720 5.840
103.740 5.848
103.760 5.856
103.780 5.864
103.800 5.871
103.820 5.879
103.840 5.887
103.860 5.895
103.880 5.903
103.900 5.910
103.920 5.918
103.940 5.926
103.960 5.934
103.980 5.941
104.000 5.949
104.020 5.957
104.040 5.965
104.060 5.972
104.080 5.980
104.100 5.989
104.120 5.999
104.140 6.008
104.160 6.017
104.180 6.026
104.200 6.035
104.220 6.045
104.240 6.054
104.260 6.063
104.280 6.072
104.300 6.082
104.320 6.091
104.340 6.100
104.360 6.109
104.380 6.118
104.400 6.128
104.420 6.137
104.440 6.146
104.460 6.155
104.480 6.165
104.500 6.174
104.520 6.183
104.540 6.192
104.560 6.201
104.580 6.211
104.600 6.220
104.620 6.229
104.640 6.238
104.660 6.248
104.680 6.257
104.700 6.266
104.720 6.275
104.740 6.284
104.760 6.294
104.780 6.303
104.800 6.312
104.820 6.321
104.840 6.331
104.860 6.340
104.880 6.349
104.900 6.358
104.920 6.367
104.940 6.377
104.960 6.386
104.980 6.395
105.000 6.404
105.020 6.414
105.040 6.423
105.060 6.432
105.080 6.441
105.100 6.450
105.120 6.460
105.140 6.469
105.160 6.478
105.180 6.487
105.200 6.497
105.220 6.506
105.240 6.515
105.260 6.524
105.280 6.533
105.300 6.543
105.320 6.552
105.340 6.561
105.360 6.570
105.380 6.580
105.400 6.589
105.420 6.598
105.440 6.607
105.460 6.616
105.480 6.626
105.500 6.635
105.520 6.644
105.540 6.653
105.560 6.663
105.580 6.672
105.600 6.681
105.620 6.690
105.640 6.699
105.660 6.709
105.680 6.718
105.700 6.727
105.720 6.736
105.740 6.746
105.760 6.755
105.780 6.764
105.800 6.773
105.820 6.782
105.840 6.792
105.860 6.801
105.880 6.810
105.900 6.819
105.920 6.829
105.940 6.838
105.960 6.847
105.980 6.856
106.000 6.865
106.020 6.875
106.040 6.884
106.060 6.893
106.080 6.902
106.100 6.912
106.120 6.921
106.140 6.930
106.160 6.939
106.180 6.948
106.200 6.958
106.220 6.967
106.240 6.976
106.260 6.985
106.280 6.995
106.300 7.004
106.320 7.013
106.340 7.022
106.360 7.031
106.380 7.041
106.400 7.050
106.420 7.059
106.440 7.068
106.460 7.078
106.480 7.087
106.500 7.096
106.520 7.105
106.540 7.114
106.560 7.124
106.580 7.133
106.600 7.142
106.620 7.151
106.640 7.161
106.660 7.170
106.680 7.179
106.700 7.188
106.720 7.197
106.740 7.207
106.760 7.216
106.780 7.225
106.800 7.234
106.820 7.244
106.840 7.253
106.860 7.262
106.880 7.271
106.900 7.280
106.920 7.290
106.940 7.299
106.960 7.308
106.980 7.317
107.000 7.327
107.020 7.336
107.040 7.345
107.060 7.354
107.080 7.363
107.100 7.373
107.120 7.382
107.140 7.391
107.160 7.400
107.180 7.410
107.200 7.419
107.220 7.428
107.240 7.437
107.260 7.446
107.280 7.456
107.300 7.465
107.320 7.474
107.340 7.483
107.360 7.493
107.380 7.502
107.400 7.511
107.420 7.520
107.440 7.529
107.460 7.539
107.480 7.548
107.500 7.557
107.520 7.566
107.540 7.576
107.560 7.585
107.580 7.594
107.600 7.603
107.620 7.612
107.640 7.622
107.660 7.631
107.680 7.640
107.700 7.649
107.720 7.659
107.740 7.668
107.760 7.677
107.780 7.686
107.800 7.695
107.820 7.705
107.840 7.714
107.860 7.723
107.880 7.732
107.900 7.742
107.920 7.751
107.940 7.760
107.960 7.769
107.980 7.778
108.000 7.788
108.020 7.797
108.040 7.806
108.060 7.815
108.080 7.825
108.100 7.834
108.120 7.843
108.140 7.852
108.160 7.862
108.180 7.871
108.200 7.880
108.220 7.889
108.240 7.898
108.260 7.908
108.280 7.917
108.300 7.926
108.320 7.935
108.340 7.945
108.360 7.956
108.380 7.967
108.400 7.977
108.420 7.988
108.440 7.999
108.460 8.009
108.480 8.020
108.500 8.031
108.520 8.042
108.540 8.052
108.560 8.063
108.580 8.074
108.600 8.084
108.620 8.095
108.640 8.106
108.660 8.116
108.680 8.127
108.700 8.138
108.720 8.148
108.740 8.159
108.760 8.170
108.780 8.180
108.800 8.191
108.820 8.202
108.840 8.212
108.860 8.223
108.880 8.234
108.900 8.245
108.920 8.255
108.940 8.266
108.960 8.277
108.980 8.287
109.000 8.298
109.020 8.309
109.040 8.319
109.060 8.330
109.080 8.341
109.100 8.351
109.120 8.362
109.140 8.373
109.160 8.383
109.180 8.394
109.200 8.405
109.220 8.416
109.240 8.426
109.260 8.437
109.280 8.448
109.300 8.458
109.320 8.469
109.340 8.480
109.360 8.490
109.380 8.501
109.400 8.512
109.420 8.522
109.440 8.533
109.460 8.544
109.480 8.554
109.500 8.565
109.520 8.576
109.540 8.586
109.560 8.597
109.580 8.608
109.600 8.619
109.620 8.629
109.640 8.640
109.660 8.651
109.680 8.661
109.700 8.672
109.720 8.683
109.740 8.693
109.760 8.704
109.780 8.715
109.800 8.725
109.820 8.736
109.840 8.747
109.860 8.757
109.880 8.768
109.900 8.779
109.920 8.790
109.940 8.800
109.960 8.811
109.980 8.822
110.000 8.832
110.020 8.843
110.040 8.854
110.060 8.864
110.080 8.875
110.100 8.886
110.120 8.896
110.140 8.907
110.160 8.918
110.180 8.928
110.200 8.939
110.220 8.950
110.240 8.961
110.260 8.971
110.280 8.982
110.300 8.993
110.320 9.003
110.340 9.014
110.360 9.025
110.380 9.035
110.400 9.046
110.420 9.057
110.440 9.067
110.460 9.078
110.480 9.089
110.500 9.099
110.520 9.110
110.540 9.121
110.560 9.131
110.580 9.142
110.600 9.153
110.620 9.164
110.640 9.174
110.660 9.185
110.680 9.196
110.700 9.206
110.720 9.217
110.740 9.228
110.760 9.238
110.780 9.249
110.800 9.260
110.820 9.270
110.840 9.281
110.860 9.292
110.880 9.302
110.900 9.313
110.920 9.324
110.940 9.335
110.960 9.345
110.980 9.356
111.000 9.367
111.020 9.377
111.040 9.388
111.060 9.399
111.080 9.409
111.100 9.420
111.120 9.431
111.140 9.441
111.160 9.452
111.180 9.463
111.200 9.473
111.220 9.484
111.240 9.495
111.260 9.505
111.280 9.516
111.300 9.527
111.320 9.538
111.340 9.548
111.360 9.559
111.380 9.570
111.400 9.580
111.420 9.591
111.440 9.602
111.460 9.612
111.480 9.623
111.500 9.634
111.520 9.644
111.540 9.655
111.560 9.666
111.580 9.676
111.600 9.687
111.620 9.698
111.640 9.709
111.660 9.719
111.680 9.730
111.700 9.741
111.720 9.751
111.740 9.762
111.760 9.773
111.780 9.783
111.800 9.794
111.820 9.805
111.840 9.815
111.860 9.826
111.880 9.837
111.900 9.847
111.920 9.858
111.940 9.869
111.960 9.879
111.980 9.890
112.000 9.901
112.020 9.912
112.040 9.922
112.060 9.933
112.080 9.944
112.100 9.954
112.120 9.965
112.140 9.976
112.160 9.986
112.180 9.997
112.200 10.008
112.220 10.018
112.240 10.029
112.260 10.040
112.280 10.050
112.300 10.061
112.320 10.072
112.340 10.083
112.360 10.093
112.380 10.104
112.400 10.115
112.420 10.125
112.440 10.136
112.460 10.147
112.480 10.157
112.500 10.168
112.520 10.179
112.540 10.189
112.560 10.200
112.580 10.211
112.600 10.221
112.620 10.232
112.640 10.243
112.660 10.254
112.680 10.264
112.700 10.275
112.720 10.286
112.740 10.296
112.760 10.308
112.780 10.320
112.800 10.332
112.820 10.344
112.840 10.356
112.860 10.368
112.880 10.380
112.900 10.392
112.920 10.404
112.940 10.417
112.960 10.429
112.980 10.441
113.000 10.453
113.020 10.465
113.040 10.477
113.060 10.489
113.080 10.501
113.100 10.513
113.120 10.525
113.140 10.537
113.160 10.550
113.180 10.562
113.200 10.574
113.220 10.586
113.240 10.598
113.260 10.610
113.280 10.622
113.300 10.634
113.320 10.646
113.340 10.658
113.360 10.670
113.380 10.683
113.400 10.695
113.420 10.707
113.440 10.719
113.460 10.731
113.480 10.743
113.500 10.755
113.520 10.767
113.540 10.779
113.560 10.791
113.580 10.803
113.600 10.816
113.620 10.828
113.640 10.840
113.660 10.852
113.680 10.864
113.700 10.876
113.720 10.888
113.740 10.900
113.760 10.912
113.780 10.924
113.800 10.937
113.820 10.949
113.840 10.961
113.860 10.973
113.880 10.985
113.900 10.997
113.920 11.009
113.940 11.021
113.960 11.033
113.980 11.045
114.000 11.057
114.020 11.070
114.040 11.082
114.060 11.094
114.080 11.106
114.100 11.118
114.120 11.130
114.140 11.142
114.160 11.154
114.180 11.166
114.200 11.178
114.220 11.190
114.240 11.203
114.260 11.215
114.280 11.227
114.300 11.239
114.320 11.251
114.340 11.263
114.360 11.275
114.380 11.287
114.400 11.299
114.420 11.311
114.440 11.323
114.460 11.336
114.480 11.348
114.500 11.360
114.520 11.372
114.540 11.384
114.560 11.396
114.580 11.408
114.600 11.420
114.620 11.432
114.640 11.444
114.660 11.457
114.680 11.469
114.700 11.481
114.720 11.493
114.740 11.505
114.760 11.517
114.780 11.529
114.800 11.541
114.820 11.553
114.840 11.565
114.860 11.577
114.880 11.590
114.900 11.602
114.920 11.614
114.940 11.626
114.960 11.638
114.980 11.650
115.000 11.662
115.020 11.674
115.040 11.686
115.060 11.698
115.080 11.710
115.100 11.723
115.120 11.735
115.140 11.747
115.160 11.759
115.180 11.771
115.200 11.783
115.220 11.795
115.240 11.807
115.260 11.819
115.280 11.831
115.300 11.844
115.320 11.856
115.340 11.868
115.360 11.880
115.380 11.892
115.400 11.904
115.420 11.916
115.440 11.928
115.460 11.940
115.480 11.952
115.500 11.964
115.520 11.977
115.540 11.989
115.560 12.001
115.580 12.013
115.600 12.025
115.620 12.037
115.640 12.049
115.660 12.061
115.680 12.073
115.700 12.085
115.720 12.097
115.740 12.110
115.760 12.122
115.780 12.134
115.800 12.146
115.820 12.158
115.840 12.170
115.860 12.182
115.880 12.194
115.900 12.206
115.920 12.218
115.940 12.230
115.960 12.243
115.980 12.255
116.000 12.267
116.020 12.279
116.040 12.291
116.060 12.303
116.080 12.315
116.100 12.327
116.120 12.339
116.140 12.351
116.160 12.364
116.180 12.376
116.200 12.388
116.220 12.400
116.240 12.412
116.260 12.424
116.280 12.436
116.300 12.448
116.320 12.460
116.340 12.472
116.360 12.484
116.380 12.497
116.400 12.509
116.420 12.521
116.440 12.533
116.460 12.545
116.480 12.557
116.500 12.569
116.520 12.581
116.540 12.593
116.560 12.605
116.580 12.617
116.600 12.630
116.620 12.642
116.640 12.654
116.660 12.666
116.680 12.678
116.700 12.690
116.720 12.702
116.740 12.714
116.760 12.726
116.780 12.738
116.800 12.750
116.820 12.763
116.840 12.775
116.860 12.787
116.880 12.799
116.900 12.811
116.920 12.823
116.940 12.835
116.960 12.847
116.980 12.859
117.000 12.871
117.020 12.884
117.040 12.896
117.060 12.908
117.080 12.920
117.100 12.932
117.120 12.944
117.140 12.956
117.160 12.968
117.180 12.980
117.200 12.992
117.220 13.004
117.240 13.017
117.260 13.029
117.280 13.041
117.300 13.053
117.320 13.065
117.340 13.077
117.360 13.090
117.380 13.103
117.400 13.116
117.420 13.130
117.440 13.143
117.460 13.157
117.480 13.170
117.500 13.183
117.520 13.197
117.540 13.210
117.560 13.224
117.580 13.237
117.600 13.250
117.620 13.264
117.640 13.277
117.660 13.291
117.680 13.304
117.700 13.317
117.720 13.331
117.740 13.344
117.760 13.358
117.780 13.371
117.800 13.384
117.820 13.398
117.840 13.411
117.860 13.425
117.880 13.438
117.900 13.451
117.920 13.465
117.940 13.478
117.960 13.491
117.980 13.505
118.000 13.518
118.020 13.532
118.040 13.545
118.060 13.558
118.080 13.572
118.100 13.585
118.120 13.599
118.140 13.612
118.160 13.625
118.180 13.639
118.200 13.652
118.220 13.666
118.240 13.679
118.260 13.692
118.280 13.706
118.300 13.719
118.320 13.733
118.340 13.746
118.360 13.759
118.380 13.773
118.400 13.786
118.420 13.800
118.440 13.813
118.460 13.826
118.480 13.840
118.500 13.853
118.520 13.867
118.540 13.880
118.560 13.893
118.580 13.907
118.600 13.920
118.620 13.933
118.640 13.947
118.660 13.960
118.680 13.974
118.700 13.987
118.720 14.000
118.740 14.014
118.760 14.027
118.780 14.041
118.800 14.054
118.820 14.067
118.840 14.081
118.860 14.094
118.880 14.108
118.900 14.121
118.920 14.134
118.940 14.148
118.960 14.161
118.980 14.175
119.000 14.188
119.020 14.201
119.040 14.215
119.060 14.228
119.080 14.242
119.100 14.255
119.120 14.268
119.140 14.282
119.160 14.295
119.180 14.309
119.200 14.322
119.220 14.335
119.240 14.349
119.260 14.362
119.280 14.375
119.300 14.389
119.320 14.402
119.340 14.416
119.360 14.429
119.380 14.442
119.400 14.456
119.420 14.469
119.440 14.483
119.460 14.496
119.480 14.509
119.500 14.523
119.520 14.536
119.540 14.550
119.560 14.563
119.580 14.576
119.600 14.590
119.620 14.603
119.640 14.617
119.660 14.630
119.680 14.643
119.700 14.657
119.720 14.670
119.740 14.684
119.760 14.697
119.780 14.710
119.800 14.724
119.820 14.737
119.840 14.751
119.860 14.764
119.880 14.777
119.900 14.791
119.920 14.804
119.940 14.817
119.960 14.831
119.980 14.844
120.000 14.858
120.020 14.871
120.040 14.884
120.060 14.898
120.080 14.911
120.100 14.925
120.120 14.938
120.140 14.951
120.160 14.965
120.180 14.978
120.200 14.992
120.220 15.005
120.240 15.018
120.260 15.032
120.280 15.045
120.300 15.059
120.320 15.072
120.340 15.085
120.360 15.099
120.380 15.112
120.400 15.126
120.420 15.139
120.440 15.152
120.460 15.166
120.480 15.179
120.500 15.193
120.520 15.206
120.540 15.219
120.560 15.233
120.580 15.246
120.600 15.259
120.620 15.273
120.640 15.286
120.660 15.300
120.680 15.313
120.700 15.326
120.720 15.340
120.740 15.353
120.760 15.367
120.780 15.380
120.800 15.393
120.820 15.407
120.840 15.420
120.860 15.434
120.880 15.447
120.900 15.460
120.920 15.474
120.940 15.487
120.960 15.501
120.980 15.514
121.000 15.527
121.020 15.541
121.040 15.554
121.060 15.568
121.080 15.581
121.100 15.594
121.120 15.608
121.140 15.621
121.160 15.635
121.180 15.648
121.200 15.661
121.220 15.675
121.240 15.688
121.260 15.701
121.280 15.715
121.300 15.728
121.320 15.742
121.340 15.755
121.360 15.768
121.380 15.782
121.400 15.795
121.420 15.809
121.440 15.822
121.460 15.835
121.480 15.849
121.500 15.862
121.520 15.876
121.540 15.889
121.560 15.902
121.580 15.916
121.600 15.929
121.620 15.943
121.640 15.956
121.660 15.969
121.680 15.983
121.700 15.996
121.720 16.010
121.740 16.023
121.760 16.036
121.780 16.050
121.800 16.063
121.820 16.077
121.840 16.090
121.860 16.103
121.880 16.117
121.900 16.130
121.920 16.143
121.940 16.157
121.960 16.170
121.980 16.184
122.000 16.197
122.020 16.210
122.040 16.224
122.060 16.237
122.080 16.251
122.100 16.264
122.120 16.277
122.140 16.291
122.160 16.305
122.180 16.320
122.200 16.334
122.220 16.349
122.240 16.364
122.260 16.378
122.280 16.393
122.300 16.407
122.320 16.422
122.340 16.436
122.360 16.451
122.380 16.465
122.400 16.480
122.420 16.494
122.440 16.509
122.460 16.524
122.480 16.538
122.500 16.553
122.520 16.567
122.540 16.582
122.560 16.596
122.580 16.611
122.600 16.625
122.620 16.640
122.640 16.655
122.660 16.669
122.680 16.684
122.700 16.698
122.720 16.713
122.740 16.727
122.760 16.742
122.780 16.756
122.800 16.771
122.820 16.785
122.840 16.800
122.860 16.815
122.880 16.829
122.900 16.844
122.920 16.858
122.940 16.873
122.960 16.887
122.980 16.902
123.000 16.916
123.020 16.931
123.040 16.945
123.060 16.960
123.080 16.975
123.100 16.989
123.120 17.004
123.140 17.018
123.160 17.033
123.180 17.047
123.200 17.062
123.220 17.076
123.240 17.091
123.260 17.106
123.280 17.120
123.300 17.135
123.320 17.149
123.340 17.164
123.360 17.178
123.380 17.193
123.400 17.207
123.420 17.222
123.440 17.236
123.460 17.251
123.480 17.266
123.500 17.280
123.520 17.295
123.540 17.309
123.560 17.324
123.580 17.338
123.600 17.353
123.620 17.367
123.640 17.382
123.660 17.397
123.680 17.411
123.700 17.426
123.720 17.440
123.740 17.455
123.760 17.469
123.780 17.484
123.800 17.498
123.820 17.513
123.840 17.527
123.860 17.542
123.880 17.557
123.900 17.571
123.920 17.586
123.940 17.600
123.960 17.615
123.980 17.629
124.000 17.644
124.020 17.658
124.040 17.673
124.060 17.687
124.080 17.702
124.100 17.717
124.120 17.731
124.140 17.746
124.160 17.760
124.180 17.775
124.200 17.789
124.220 17.804
124.240 17.818
124.260 17.833
124.280 17.848
124.300 17.862
124.320 17.877
124.340 17.891
124.360 17.906
124.380 17.920
124.400 17.935
124.420 17.949
124.440 17.964
124.460 17.978
124.480 17.993
124.500 18.008
124.520 18.022
124.540 18.037
124.560 18.051
124.580 18.066
124.600 18.080
124.620 18.095
124.640 18.109
124.660 18.124
124.680 18.139
124.700 18.153
124.720 18.168
124.740 18.182
124.760 18.197
124.780 18.211
124.800 18.226
124.820 18.240
124.840 18.255
124.860 18.269
124.880 18.284
124.900 18.299
124.920 18.313
124.940 18.328
124.960 18.342
124.980 18.357
125.000 18.371
125.020 18.386
125.040 18.400
125.060 18.415
125.080 18.429
125.100 18.444
125.120 18.459
125.140 18.473
125.160 18.488
125.180 18.502
125.200 18.517
125.220 18.531
125.240 18.546
125.260 18.560
125.280 18.575
125.300 18.590
125.320 18.604
125.340 18.619
125.360 18.633
125.380 18.648
125.400 18.662
125.420 18.677
125.440 18.691
125.460 18.706
125.480 18.720
125.500 18.735
125.520 18.750
125.540 18.764
125.560 18.779
125.580 18.793
125.600 18.808
125.620 18.822
125.640 18.837
125.660 18.851
125.680 18.866
125.700 18.880
125.720 18.895
125.740 18.910
125.760 18.924
125.780 18.939
125.800 18.953
125.820 18.968
125.840 18.982
125.860 18.997
125.880 19.011
125.900 19.026
125.920 19.041
125.940 19.055
125.960 19.070
125.980 19.084
126.000 19.099
126.020 19.113
126.040 19.128
126.060 19.142
126.080 19.157
126.100 19.171
126.120 19.186
126.140 19.201
126.160 19.215
126.180 19.230
126.200 19.244
126.220 19.259
126.240 19.273
126.260 19.288
126.280 19.302
126.300 19.317
126.320 19.332
126.340 19.346
126.360 19.361
126.380 19.375
126.400 19.390
126.420 19.404
126.440 19.419
126.460 19.433
126.480 19.448
126.500 19.462
126.520 19.477
126.540 19.492
126.560 19.506
126.580 19.521
126.600 19.535
126.620 19.550
126.640 19.564
126.660 19.579
126.680 19.593
126.700 19.608
126.720 19.622
126.740 19.637
126.760 19.652
126.780 19.666
126.800 19.681
126.820 19.695
126.840 19.710
126.860 19.724
126.880 19.739
126.900 19.753
126.920 19.768
126.940 19.783
126.960 19.797
126.980 19.812
127.000 19.826
127.020 19.841
127.040 19.855
127.060 19.870
127.080 19.884
127.100 19.899
127.120 19.913
127.140 19.929
127.160 19.944
127.180 19.960
127.200 19.975
127.220 19.991
127.240 20.006
127.260 20.022
127.280 20.038
127.300 20.053
127.320 20.069
127.340 20.084
127.360 20.100
127.380 20.115
127.400 20.131
127.420 20.146
127.440 20.162
127.460 20.177
127.480 20.193
127.500 20.208
127.520 20.224
127.540 20.239
127.560 20.255
127.580 20.271
127.600 20.286
127.620 20.302
127.640 20.317
127.660 20.333
127.680 20.348
127.700 20.364
127.720 20.379
127.740 20.395
127.760 20.410
127.780 20.426
127.800 20.441
127.820 20.457
127.840 20.472
127.860 20.488
127.880 20.504
127.900 20.519
127.920 20.535
127.940 20.550
127.960 20.566
127.980 20.581
128.000 20.597
128.020 20.612
128.040 20.628
128.060 20.643
128.080 20.659
128.100 20.674
128.120 20.690
128.140 20.705
128.160 20.721
128.180 20.737
128.200 20.752
128.220 20.768
128.240 20.783
128.260 20.799
128.280 20.814
128.300 20.830
128.320 20.845
128.340 20.861
128.360 20.876
128.380 20.892
128.400 20.907
128.420 20.923
128.440 20.939
128.460 20.954
128.480 20.970
128.500 20.985
128.520 21.001
128.540 21.016
128.560 21.032
128.580 21.047
128.600 21.063
128.620 21.078
128.640 21.094
128.660 21.109
128.680 21.125
128.700 21.140
128.720 21.156
128.740 21.172
128.760 21.187
128.780 21.203
128.800 21.218
128.820 21.234
128.840 21.249
128.860 21.265
128.880 21.280
128.900 21.296
128.920 21.311
128.940 21.327
128.960 21.342
128.980 21.358
129.000 21.373
129.020 21.389
129.040 21.405
129.060 21.420
129.080 21.436
129.100 21.451
129.120 21.467
129.140 21.482
129.160 21.498
129.180 21.513
129.200 21.529
129.220 21.544
129.240 21.560
129.260 21.575
129.280 21.591
129.300 21.606
129.320 21.622
129.340 21.638
129.360 21.653
129.380 21.669
129.400 21.684
129.420 21.700
129.440 21.715
129.460 21.731
129.480 21.746
129.500 21.762
129.520 21.777
129.540 21.793
129.560 21.808
129.580 21.824
129.600 21.840
129.620 21.855
129.640 21.871
129.660 21.886
129.680 21.902
129.700 21.917
129.720 21.933
129.740 21.948
129.760 21.964
129.780 21.979
129.800 21.995
129.820 22.010
129.840 22.026
129.860 22.041
129.880 22.057
129.900 22.073
129.920 22.088
129.940 22.104
129.960 22.119
129.980 22.135
130.000 22.150
130.020 22.166
130.040 22.181
130.060 22.197
130.080 22.212
130.100 22.228
130.120 22.243
130.140 22.259
130.160 22.274
130.180 22.290
130.200 22.306
130.220 22.321
130.240 22.337
130.260 22.352
130.280 22.368
130.300 22.383
130.320 22.399
130.340 22.414
130.360 22.430
130.380 22.445
130.400 22.461
130.420 22.476
130.440 22.492
130.460 22.507
130.480 22.523
130.500 22.539
130.520 22.554
130.540 22.570
130.560 22.585
130.580 22.601
130.600 22.616
130.620 22.632
130.640 22.647
130.660 22.663
130.680 22.678
130.700 22.694
130.720 22.709
130.740 22.725
130.760 22.741
130.780 22.756
130.800 22.772
130.820 22.787
130.840 22.803
130.860 22.818
130.880 22.834
130.900 22.849
130.920 22.865
130.940 22.880
130.960 22.896
130.980 22.911
131.000 22.927
131.020 22.942
131.040 22.958
131.060 22.974
131.080 22.989
131.100 23.005
131.120 23.020
131.140 23.036
131.160 23.051
131.180 23.067
131.200 23.082
131.220 23.098
131.240 23.113
131.260 23.129
131.280 23.144
131.300 23.160
131.320 23.175
131.340 23.191
131.360 23.207
131.380 23.222
131.400 23.238
131.420 23.253
131.440 23.269
131.460 23.284
131.480 23.300
131.500 23.315
131.520 23.331
131.540 23.346
131.560 23.362
131.580 23.377
131.600 23.393
131.620 23.408
131.640 23.424
131.660 23.440
131.680 23.455
131.700 23.471
131.720 23.486
131.740 23.502
131.760 23.517
131.780 23.533
131.800 23.548
131.820 23.564
131.840 23.579
131.860 23.595
131.880 23.610
131.900 23.626
131.920 23.642
131.940 23.657
131.960 23.673
131.980 23.688
132.000 23.704
132.020 23.719
132.040 23.735
132.060 23.750
132.080 23.766
132.100 23.781
132.120 23.797
132.140 23.812
132.160 23.828
132.180 23.843
132.200 23.859
132.220 23.875
132.240 23.890
132.260 23.906
132.280 23.921
132.300 23.937
132.320 23.952
132.340 23.969
132.360 23.985
132.380 24.002
132.400 24.018
132.420 24.034
132.440 24.051
132.460 24.067
132.480 24.083
132.500 24.100
132.520 24.116
132.540 24.132
132.560 24.149
132.580 24.165
132.600 24.181
132.620 24.198
132.640 24.214
132.660 24.230
132.680 24.247
132.700 24.263
132.720 24.279
132.740 24.296
132.760 24.312
132.780 24.328
132.800 24.345
132.820 24.361
132.840 24.377
132.860 24.394
132.880 24.410
132.900 24.426
132.920 24.443
132.940 24.459
132.960 24.475
132.980 24.492
133.000 24.508
133.020 24.524
133.040 24.541
133.060 24.557
133.080 24.574
133.100 24.590
133.120 24.606
133.140 24.623
133.160 24.639
133.180 24.655
133.200 24.672
133.220 24.688
133.240 24.704
133.260 24.721
133.280 24.737
133.300 24.753
133.320 24.770
133.340 24.786
133.360 24.802
133.380 24.819
133.400 24.835
133.420 24.851
133.440 24.868
133.460 24.884
133.480 24.900
133.500 24.917
133.520 24.933
133.540 24.949
133.560 24.966
133.580 24.982
133.600 24.998
133.620 25.015
133.640 25.031
133.660 25.047
133.680 25.064
133.700 25.080
133.720 25.096
133.740 25.113
133.760 25.129
133.780 25.145
133.800 25.162
133.820 25.178
133.840 25.195
133.860 25.211
133.880 25.227
133.900 25.244
133.920 25.260
133.940 25.276
133.960 25.293
133.980 25.309
134.000 25.325
134.020 25.342
134.040 25.358
134.060 25.374
134.080 25.391
134.100 25.407
134.120 25.423
134.140 25.440
134.160 25.456
134.180 25.472
134.200 25.489
134.220 25.505
134.240 25.521
134.260 25.538
134.280 25.554
134.300 25.570
134.320 25.587
134.340 25.603
134.360 25.619
134.380 25.636
134.400 25.652
134.420 25.668
134.440 25.685
134.460 25.701
134.480 25.717
134.500 25.734
134.520 25.750
134.540 25.767
134.560 25.783
134.580 25.799
134.600 25.816
134.620 25.832
134.640 25.848
134.660 25.865
134.680 25.881
134.700 25.897
134.720 25.914
134.740 25.930
134.760 25.946
134.780 25.963
134.800 25.979
134.820 25.995
134.840 26.012
134.860 26.028
134.880 26.044
134.900 26.061
134.920 26.077
134.940 26.093
134.960 26.110
134.980 26.126
135.000 26.142
135.020 26.159
135.040 26.175
135.060 26.191
135.080 26.208
135.100 26.224
135.120 26.240
135.140 26.257
135.160 26.273
135.180 26.289
135.200 26.306
135.220 26.322
135.240 26.338
135.260 26.355
135.280 26.371
135.300 26.388
135.320 26.404
135.340 26.420
135.360 26.437
135.380 26.453
135.400 26.469
135.420 26.486
135.440 26.502
135.460 26.518
135.480 26.535
135.500 26.551
135.520 26.567
135.540 26.584
135.560 26.600
135.580 26.616
135.600 26.633
135.620 26.649
135.640 26.665
135.660 26.682
135.680 26.698
135.700 26.714
135.720 26.731
135.740 26.747
135.760 26.763
135.780 26.780
135.800 26.796
135.820 26.812
135.840 26.829
135.860 26.845
135.880 26.861
135.900 26.878
135.920 26.894
135.940 26.910
135.960 26.927
135.980 26.943
136.000 26.960
136.020 26.976
136.040 26.992
136.060 27.009
136.080 27.025
136.100 27.041
136.120 27.058
136.140 27.074
136.160 27.090
136.180 27.107
136.200 27.123
136.220 27.139
136.240 27.156
136.260 27.172
136.280 27.188
136.300 27.205
136.320 27.221
136.340 27.237
136.360 27.254
136.380 27.270
136.400 27.286
136.420 27.303
136.440 27.319
136.460 27.335
136.480 27.352
136.500 27.368
136.520 27.384
136.540 27.401
136.560 27.417
136.580 27.433
136.600 27.450
136.620 27.466
136.640 27.482
136.660 27.499
136.680 27.515
136.700 27.531
136.720 27.548
136.740 27.564
136.760 27.581
136.780 27.597
136.800 27.613
136.820 27.630
136.840 27.646
136.860 27.662
136.880 27.679
136.900 27.695
136.920 27.711
136.940 27.728
136.960 27.744
136.980 27.760
137.000 27.777
137.020 27.793
137.040 27.809
137.060 27.826
137.080 27.842
137.100 27.858
137.120 27.875
137.140 27.891
137.160 27.907
137.180 27.924
137.200 27.940
137.220 27.956
137.240 27.973
137.260 27.989
137.280 28.005
137.300 28.022
137.320 28.038
137.340 28.054
137.360 28.071
137.380 28.087
137.400 28.103
137.420 28.120
137.440 28.136
137.460 28.153
137.480 28.169
137.500 28.185
137.520 28.202
137.540 28.218
137.560 28.234
137.580 28.251
137.600 28.267
137.620 28.283
137.640 28.300
137.660 28.316
137.680 28.332
137.700 28.349
137.720 28.365
137.740 28.382
137.760 28.399
137.780 28.416
137.800 28.433
137.820 28.450
137.840 28.467
137.860 28.484
137.880 28.501
137.900 28.518
137.920 28.535
137.940 28.552
137.960 28.569
137.980 28.586
138.000 28.603
138.020 28.620
138.040 28.637
138.060 28.654
138.080 28.671
138.100 28.688
138.120 28.705
138.140 28.722
138.160 28.739
138.180 28.756
138.200 28.773
138.220 28.790
138.240 28.807
138.260 28.824
138.280 28.841
138.300 28.858
138.320 28.875
138.340 28.892
138.360 28.908
138.380 28.925
138.400 28.942
138.420 28.959
138.440 28.976
138.460 28.993
138.480 29.010
138.500 29.027
138.520 29.044
138.540 29.061
138.560 29.078
138.580 29.095
138.600 29.112
138.620 29.129
138.640 29.146
138.660 29.163
138.680 29.180
138.700 29.197
138.720 29.214
138.740 29.231
138.760 29.248
138.780 29.265
138.800 29.282
138.820 29.299
138.840 29.316
138.860 29.333
138.880 29.350
138.900 29.367
138.920 29.384
138.940 29.401
138.960 29.418
138.980 29.435
139.000 29.452
139.020 29.469
139.040 29.486
139.060 29.503
139.080 29.520
139.100 29.537
139.120 29.554
139.140 29.571
139.160 29.588
139.180 29.605
139.200 29.622
139.220 29.639
139.240 29.656
139.260 29.673
139.280 29.690
139.300 29.706
139.320 29.723
139.340 29.740
139.360 29.757
139.380 29.774
139.400 29.791
139.420 29.808
139.440 29.825
139.460 29.842
139.480 29.859
139.500 29.876
139.520 29.893
139.540 29.910
139.560 29.927
139.580 29.944
139.600 29.961
139.620 29.978
139.640 29.995
139.660 30.012
139.680 30.029
139.700 30.046
139.720 30.063
139.740 30.080
139.760 30.097
139.780 30.114
139.800 30.131
139.820 30.148
139.840 30.165
139.860 30.182
139.880 30.199
139.900 30.216
139.920 30.233
139.940 30.250
139.960 30.267
139.980 30.284
140.000 30.301
140.020 30.318
140.040 30.335
140.060 30.352
140.080 30.369
140.100 30.386
140.120 30.403
140.140 30.420
140.160 30.437
140.180 30.454
140.200 30.471
140.220 30.487
140.240 30.504
140.260 30.521
140.280 30.538
140.300 30.555
140.320 30.572
140.340 30.589
140.360 30.606
140.380 30.623
140.400 30.640
140.420 30.657
140.440 30.674
140.460 30.691
140.480 30.708
140.500 30.725
140.520 30.742
140.540 30.759
140.560 30.776
140.580 30.793
140.600 30.810
140.620 30.827
140.640 30.844
140.660 30.861
140.680 30.878
140.700 30.895
140.720 30.912
140.740 30.929
140.760 30.946
140.780 30.963
140.800 30.980
140.820 30.997
140.840 31.014
140.860 31.031
140.880 31.048
140.900 31.065
140.920 31.082
140.940 31.099
140.960 31.116
140.980 31.133
141.000 31.150
141.020 31.167
141.040 31.184
141.060 31.201
141.080 31.218
141.100 31.235
141.120 31.252
141.140 31.269
141.160 31.285
141.180 31.302
141.200 31.319
141.220 31.336
141.240 31.353
141.260 31.370
141.280 31.387
141.300 31.404
141.320 31.421
141.340 31.438
141.360 31.455
141.380 31.472
141.400 31.489
141.420 31.506
141.440 31.523
141.460 31.540
141.480 31.557
141.500 31.574
141.520 31.591
141.540 31.608
141.560 31.625
141.580 31.642
141.600 31.659
141.620 31.676
141.640 31.693
141.660 31.710
141.680 31.727
141.700 31.744
141.720 31.761
141.740 31.778
141.760 31.795
141.780 31.812
141.800 31.829
141.820 31.846
141.840 31.863
141.860 31.880
141.880 31.897
141.900 31.914
141.920 31.931
141.940 31.948
141.960 31.965
141.980 31.982
142.000 31.999
142.020 32.016
142.040 32.033
142.060 32.050
142.080 32.066
142.100 32.083
142.120 32.100
142.140 32.117
142.160 32.134
142.180 32.151
142.200 32.168
142.220 32.185
142.240 32.202
142.260 32.219
142.280 32.236
142.300 32.253
142.320 32.270
142.340 32.287
142.360 32.304
142.380 32.321
142.400 32.338
142.420 32.355
142.440 32.372
142.460 32.389
142.480 32.406
142.500 32.423
142.520 32.440
142.540 32.457
142.560 32.474
142.580 32.491
142.600 32.508
142.620 32.525
142.640 32.542
142.660 32.559
142.680 32.576
142.700 32.593
142.720 32.610
142.740 32.627
142.760 32.644
142.780 32.661
142.800 32.678
142.820 32.695
142.840 32.712
142.860 32.729
142.880 32.746
142.900 32.763
142.920 32.780
142.940 32.797
142.960 32.814
142.980 32.831
143.000 32.848
143.020 32.864
143.040 32.881
143.060 32.898
143.080 32.915
143.100 32.932
143.120 32.949
143.140 32.966
143.160 32.983
143.180 33.000
143.200 33.017
143.220 33.034
143.240 33.051
143.260 33.068
143.280 33.085
143.300 33.102
143.320 33.119
143.340 33.136
143.360 33.154
143.380 33.171
143.400 33.189
143.420 33.206
143.440 33.224
143.460 33.241
143.480 33.259
143.500 33.276
143.520 33.293
143.540 33.311
143.560 33.328
143.580 33.346
143.600 33.363
143.620 33.381
143.640 33.398
143.660 33.416
143.680 33.433
143.700 33.451
143.720 33.468
143.740 33.486
143.760 33.503
143.780 33.520
143.800 33.538
143.820 33.555
143.840 33.573
143.860 33.590
143.880 33.608
143.900 33.625
143.920 33.643
143.940 33.660
143.960 33.678
143.980 33.695
144.000 33.712
144.020 33.730
144.040 33.747
144.060 33.765
144.080 33.782
144.100 33.800
144.120 33.817
144.140 33.835
144.160 33.852
144.180 33.870
144.200 33.887
144.220 33.905
144.240 33.922
144.260 33.939
144.280 33.957
144.300 33.974
144.320 33.992
144.340 34.009
144.360 34.027
144.380 34.044
144.400 34.062
144.420 34.079
144.440 34.097
144.460 34.114
144.480 34.131
144.500 34.149
144.520 34.166
144.540 34.184
144.560 34.201
144.580 34.219
144.600 34.236
144.620 34.254
144.640 34.271
144.660 34.289
144.680 34.306
144.700 34.324
144.720 34.341
144.740 34.358
144.760 34.376
144.780 34.393
144.800 34.411
144.820 34.428
144.840 34.446
144.860 34.463
144.880 34.481
144.900 34.498
144.920 34.516
144.940 34.533
144.960 34.551
144.980 34.568
145.000 34.585
145.020 34.603
145.040 34.620
145.060 34.638
145.080 34.655
145.100 34.673
145.120 34.690
145.140 34.708
145.160 34.725
145.180 34.743
145.200 34.760
145.220 34.777
145.240 34.795
145.260 34.812
145.280 34.830
145.300 34.847
145.320 34.865
145.340 34.882
145.360 34.900
145.380 34.917
145.400 34.935
145.420 34.952
145.440 34.970
145.460 34.987
145.480 35.004
145.500 35.022
145.520 35.039
145.540 35.057
145.560 35.074
145.580 35.092
145.600 35.109
145.620 35.127
145.640 35.144
145.660 35.162
145.680 35.179
145.700 35.197
145.720 35.214
145.740 35.231
145.760 35.249
145.780 35.266
145.800 35.284
145.820 35.301
145.840 35.319
145.860 35.336
145.880 35.354
145.900 35.371
145.920 35.389
145.940 35.406
145.960 35.423
145.980 35.441
146.000 35.458
146.020 35.476
146.040 35.493
146.060 35.511
146.080 35.528
146.100 35.546
146.120 35.563
146.140 35.581
146.160 35.598
146.180 35.616
146.200 35.633
146.220 35.650
146.240 35.668
146.260 35.685
146.280 35.703
146.300 35.720
146.320 35.738
146.340 35.755
146.360 35.773
146.380 35.790
146.400 35.808
146.420 35.825
146.440 35.843
146.460 35.860
146.480 35.877
146.500 35.895
146.520 35.912
146.540 35.930
146.560 35.947
146.580 35.965
146.600 35.982
146.620 36.000
146.640 36.017
146.660 36.035
146.680 36.052
146.700 36.069
146.720 36.087
146.740 36.104
146.760 36.122
146.780 36.139
146.800 36.157
146.820 36.174
146.840 36.192
146.860 36.209
146.880 36.227
146.900 36.244
146.920 36.262
146.940 36.279
146.960 36.296
146.980 36.314
147.000 36.331
147.020 36.349
147.040 36.366
147.060 36.384
147.080 36.401
147.100 36.419
147.120 36.436
147.140 36.454
147.160 36.471
147.180 36.489
147.200 36.506
147.220 36.523
147.240 36.541
147.260 36.558
147.280 36.576
147.300 36.593
147.320 36.611
147.340 36.628
147.360 36.646
147.380 36.663
147.400 36.681
147.420 36.698
147.440 36.715
147.460 36.733
147.480 36.750
147.500 36.768
147.520 36.785
147.540 36.803
147.560 36.820
147.580 36.838
147.600 36.855
147.620 36.873
147.640 36.890
147.660 36.908
147.680 36.925
147.700 36.942
147.720 36.960
147.740 36.977
147.760 36.995
147.780 37.012
147.800 37.030
147.820 37.047
147.840 37.065
147.860 37.082
147.880 37.100
147.900 37.117
147.920 37.134
147.940 37.152
147.960 37.169
147.980 37.187
148.000 37.204
148.020 37.222
148.040 37.239
148.060 37.257
148.080 37.274
148.100 37.292
148.120 37.309
148.140 37.327
148.160 37.344
148.180 37.361
148.200 37.379
148.220 37.396
148.240 37.414
148.260 37.431
148.280 37.449
148.300 37.466
148.320 37.484
148.340 37.501
148.360 37.519
148.380 37.536
148.400 37.554
148.420 37.571
148.440 37.588
148.460 37.606
148.480 37.623
148.500 37.641
148.520 37.658
148.540 37.676
148.560 37.693
148.580 37.711
148.600 37.728
148.620 37.746
148.640 37.763
148.660 37.780
148.680 37.798
148.700 37.815
148.720 37.833
148.740 37.850
148.760 37.868
148.780 37.885
148.800 37.903
148.820 37.920
148.840 37.938
148.860 37.955
148.880 37.973
148.900 37.990
148.920 38.007
148.940 38.025
148.960 38.042
148.980 38.060
149.000 38.077
149.020 38.095
149.040 38.112
149.060 38.130
149.080 38.147
149.100 38.165
149.120 38.182
149.140 38.200
149.160 38.217
149.180 38.234
149.200 38.252
149.220 38.270
149.240 38.288
149.260 38.306
149.280 38.323
149.300 38.341
149.320 38.359
149.340 38.377
149.360 38.395
149.380 38.412
149.400 38.430
149.420 38.448
149.440 38.466
149.460 38.484
149.480 38.502
149.500 38.519
149.520 38.537
149.540 38.555
149.560 38.573
149.580 38.591
149.600 38.608
149.620 38.626
149.640 38.644
149.660 38.662
149.680 38.680
149.700 38.697
149.720 38.715
149.740 38.733
149.760 38.751
149.780 38.769
149.800 38.786
149.820 38.804
149.840 38.822
149.860 38.840
149.880 38.858
149.900 38.875
149.920 38.893
149.940 38.911
149.960 38.929
149.980 38.947
150.000 38.965
150.020 38.982
150.040 39.000
150.060 39.018
150.080 39.036
150.100 39.054
150.120 39.071
150.140 39.089
150.160 39.107
150.180 39.125
150.200 39.143
150.220 39.160
150.240 39.178
150.260 39.196
150.280 39.214
150.300 39.232
150.320 39.249
150.340 39.267
150.360 39.285
150.380 39.303
150.400 39.321
150.420 39.338
150.440 39.356
150.460 39.374
150.480 39.392
150.500 39.410
150.520 39.428
150.540 39.445
150.560 39.463
150.580 39.481
150.600 39.499
150.620 39.517
150.640 39.534
150.660 39.552
150.680 39.570
150.700 39.588
150.720 39.606
150.740 39.623
150.760 39.641
150.780 39.659
150.800 39.677
150.820 39.695
150.840 39.712
150.860 39.730
150.880 39.748
150.900 39.766
150.920 39.784
150.940 39.802
150.960 39.819
150.980 39.837
151.000 39.855
151.020 39.873
151.040 39.891
151.060 39.908
151.080 39.926
151.100 39.944
151.120 39.962
151.140 39.980
151.160 39.997
151.180 40.015
151.200 40.033
151.220 40.051
151.240 40.069
151.260 40.086
151.280 40.104
151.300 40.122
151.320 40.140
151.340 40.158
151.360 40.175
151.380 40.193
151.400 40.211
151.420 40.229
151.440 40.247
151.460 40.265
151.480 40.282
151.500 40.300
151.520 40.318
151.540 40.336
151.560 40.354
151.580 40.371
151.600 40.389
151.620 40.407
151.640 40.425
151.660 40.443
151.680 40.460
151.700 40.478
151.720 40.496
151.740 40.514
151.760 40.532
151.780 40.549
151.800 40.567
151.820 40.585
151.840 40.603
151.860 40.621
151.880 40.638
151.900 40.656
151.920 40.674
151.940 40.692
151.960 40.710
151.980 40.728
152.000 40.745
152.020 40.763
152.040 40.781
152.060 40.799
152.080 40.817
152.100 40.834
152.120 40.852
152.140 40.870
152.160 40.888
152.180 40.906
152.200 40.923
152.220 40.941
152.240 40.959
152.260 40.977
152.280 40.995
152.300 41.012
152.320 41.030
152.340 41.048
152.360 41.066
152.380 41.084
152.400 41.102
152.420 41.119
152.440 41.137
152.460 41.155
152.480 41.173
152.500 41.191
152.520 41.208
152.540 41.226
152.560 41.244
152.580 41.262
152.600 41.280
152.620 41.297
152.640 41.315
152.660 41.333
152.680 41.351
152.700 41.369
152.720 41.386
152.740 41.404
152.760 41.422
152.780 41.440
152.800 41.458
152.820 41.475
152.840 41.493
152.860 41.511
152.880 41.529
152.900 41.547
152.920 41.565
152.940 41.582
152.960 41.600
152.980 41.618
153.000 41.636
153.020 41.654
153.040 41.671
153.060 41.689
153.080 41.707
153.100 41.725
153.120 41.743
153.140 41.760
153.160 41.778
153.180 41.796
153.200 41.814
153.220 41.832
153.240 41.849
153.260 41.867
153.280 41.885
153.300 41.903
153.320 41.921
153.340 41.938
153.360 41.956
153.380 41.974
153.400 41.992
153.420 42.010
153.440 42.028
153.460 42.045
153.480 42.063
153.500 42.081
153.520 42.099
153.540 42.117
153.560 42.134
153.580 42.152
153.600 42.170
153.620 42.188
153.640 42.206
153.660 42.223
153.680 42.241
153.700 42.259
153.720 42.277
153.740 42.295
153.760 42.312
153.780 42.330
153.800 42.348
153.820 42.366
153.840 42.384
153.860 42.402
153.880 42.419
153.900 42.437
153.920 42.455
153.940 42.473
153.960 42.491
153.980 42.508
154.000 42.526
154.020 42.544
154.040 42.562
154.060 42.580
154.080 42.597
154.100 42.615
154.120 42.633
154.140 42.651
154.160 42.669
154.180 42.686
154.200 42.704
154.220 42.722
154.240 42.740
154.260 42.758
154.280 42.775
154.300 42.793
154.320 42.811
154.340 42.829
154.360 42.847
154.380 42.865
154.400 42.882
154.420 42.900
154.440 42.918
154.460 42.936
154.480 42.954
154.500 42.971
154.520 42.989
154.540 43.007
154.560 43.025
154.580 43.043
154.600 43.060
154.620 43.078
154.640 43.096
154.660 43.114
154.680 43.132
154.700 43.149
154.720 43.167
154.740 43.185
154.760 43.203
154.780 43.221
154.800 43.238
154.820 43.256
154.840 43.274
154.860 43.292
154.880 43.310
154.900 43.328
154.920 43.345
154.940 43.363
154.960 43.381
154.980 43.399
155.000 43.417
155.020 43.434
155.040 43.452
155.060 43.470
155.080 43.488
155.100 43.506
155.120 43.523
155.140 43.541
155.160 43.559
155.180 43.577
155.200 43.595
155.220 43.612
155.240 43.630
155.260 43.648
155.280 43.666
155.300 43.684
155.320 43.702
155.340 43.720
155.360 43.738
155.380 43.756
155.400 43.774
155.420 43.792
155.440 43.810
155.460 43.828
155.480 43.847
155.500 43.865
155.520 43.883
155.540 43.901
155.560 43.919
155.580 43.937
155.600 43.955
155.620 43.973
155.640 43.991
155.660 44.009
155.680 44.027
155.700 44.045
155.720 44.063
155.740 44.081
155.760 44.099
155.780 44.117
155.800 44.135
155.820 44.153
155.840 44.171
155.860 44.189
155.880 44.208
155.900 44.226
155.920 44.244
155.940 44.262
155.960 44.280
155.980 44.298
156.000 44.316
156.020 44.334
156.040 44.352
156.060 44.370
156.080 44.388
156.100 44.406
156.120 44.424
156.140 44.442
156.160 44.460
156.180 44.478
156.200 44.496
156.220 44.514
156.240 44.532
156.260 44.551
156.280 44.569
156.300 44.587
156.320 44.605
156.340 44.623
156.360 44.641
156.380 44.659
156.400 44.677
156.420 44.695
156.440 44.713
156.460 44.731
156.480 44.749
156.500 44.767
156.520 44.785
156.540 44.803
156.560 44.821
156.580 44.839
156.600 44.857
156.620 44.875
156.640 44.893
156.660 44.912
156.680 44.930
156.700 44.948
156.720 44.966
156.740 44.984
156.760 45.002
156.780 45.020
156.800 45.038
156.820 45.056
156.840 45.074
156.860 45.092
156.880 45.110
156.900 45.128
156.920 45.146
156.940 45.164
156.960 45.182
156.980 45.200
157.000 45.218
157.020 45.236
157.040 45.254
157.060 45.273
157.080 45.291
157.100 45.309
157.120 45.327
157.140 45.345
157.160 45.363
157.180 45.381
157.200 45.399
157.220 45.417
157.240 45.435
157.260 45.453
157.280 45.471
157.300 45.489
157.320 45.507
157.340 45.525
157.360 45.543
157.380 45.561
157.400 45.579
157.420 45.597
157.440 45.616
157.460 45.634
157.480 45.652
157.500 45.670
157.520 45.688
157.540 45.706
157.560 45.724
157.580 45.742
157.600 45.760
157.620 45.778
157.640 45.796
157.660 45.814
157.680 45.832
157.700 45.850
157.720 45.868
157.740 45.886
157.760 45.904
157.780 45.922
157.800 45.940
157.820 45.958
157.840 45.977
157.860 45.995
157.880 46.013
157.900 46.031
157.920 46.049
157.940 46.067
157.960 46.085
157.980 46.103
158.000 46.121
158.020 46.139
158.040 46.157
158.060 46.175
158.080 46.193
158.100 46.211
158.120 46.229
158.140 46.247
158.160 46.265
158.180 46.283
158.200 46.301
158.220 46.320
158.240 46.338
158.260 46.356
158.280 46.374
158.300 46.392
158.320 46.410
158.340 46.428
158.360 46.446
158.380 46.464
158.400 46.482
158.420 46.500
158.440 46.518
158.460 46.536
158.480 46.554
158.500 46.572
158.520 46.590
158.540 46.608
158.560 46.626
158.580 46.644
158.600 46.662
158.620 46.681
158.640 46.699
158.660 46.717
158.680 46.735
158.700 46.753
158.720 46.771
158.740 46.789
158.760 46.807
158.780 46.825
158.800 46.843
158.820 46.861
158.840 46.879
158.860 46.897
158.880 46.915
158.900 46.933
158.920 46.951
158.940 46.969
158.960 46.987
158.980 47.005
159.000 47.024
159.020 47.042
159.040 47.060
159.060 47.078
159.080 47.096
159.100 47.114
159.120 47.132
159.140 47.150
159.160 47.168
159.180 47.186
159.200 47.204
159.220 47.222
159.240 47.240
159.260 47.258
159.280 47.276
159.300 47.294
159.320 47.312
159.340 47.330
159.360 47.348
159.380 47.366
159.400 47.385
159.420 47.403
159.440 47.421
159.460 47.439
159.480 47.457
159.500 47.475
159.520 47.493
159.540 47.511
159.560 47.529
159.580 47.547
159.600 47.565
159.620 47.583
159.640 47.601
159.660 47.619
159.680 47.637
159.700 47.655
159.720 47.673
159.740 47.691
159.760 47.709
159.780 47.728
159.800 47.746
159.820 47.764
159.840 47.782
159.860 47.800
159.880 47.818
159.900 47.836
159.920 47.854
159.940 47.872
159.960 47.890
159.980 47.908
160.000 47.926
160.020 47.944
160.040 47.962
160.060 47.980
160.080 47.998
160.100 48.016
160.120 48.034
160.140 48.052
160.160 48.070
160.180 48.089
160.200 48.107
160.220 48.125
160.240 48.143
160.260 48.161
160.280 48.179
160.300 48.197
160.320 48.215
160.340 48.233
160.360 48.251
160.380 48.269
160.400 48.287
160.420 48.305
160.440 48.323
160.460 48.341
160.480 48.359
160.500 48.377
160.520 48.395
160.540 48.413
160.560 48.431
160.580 48.450
160.600 48.468
160.620 48.486
160.640 48.504
160.660 48.522
160.680 48.540
160.700 48.558
160.720 48.576
160.740 48.594
160.760 48.612
160.780 48.630
160.800 48.648
160.820 48.666
160.840 48.684
160.860 48.702
160.880 48.720
160.900 48.738
160.920 48.756
160.940 48.774
160.960 48.793
160.980 48.811
161.000 48.829
161.020 48.847
161.040 48.865
161.060 48.883
161.080 48.901
161.100 48.919
161.120 48.937
161.140 48.955
161.160 48.973
161.180 48.991
161.200 49.009
161.220 49.027
161.240 49.045
161.260 49.063
161.280 49.081
161.300 49.099
161.320 49.117
161.340 49.135
161.360 49.154
161.380 49.172
161.400 49.190
161.420 49.208
161.440 49.226
161.460 49.244
161.480 49.262
161.500 49.280
161.520 49.298
161.540 49.316
161.560 49.334
161.580 49.352
161.600 49.370
161.620 49.388
161.640 49.407
161.660 49.425
161.680 49.443
161.700 49.461
161.720 49.479
161.740 49.498
161.760 49.516
161.780 49.534
161.800 49.552
161.820 49.570
161.840 49.589
161.860 49.607
161.880 49.625
161.900 49.643
161.920 49.662
161.940 49.680
161.960 49.698
161.980 49.716
162.000 49.734
162.020 49.753
162.040 49.771
162.060 49.789
162.080 49.807
162.100 49.825
162.120 49.844
162.140 49.862
162.160 49.880
162.180 49.898
162.200 49.916
162.220 49.935
162.240 49.953
162.260 49.971
162.280 49.989
162.300 50.008
162.320 50.026
162.340 50.044
162.360 50.062
162.380 50.080
162.400 50.099
162.420 50.117
162.440 50.135
162.460 50.153
162.480 50.171
162.500 50.190
162.520 50.208
162.540 50.226
162.560 50.244
162.580 50.263
162.600 50.281
162.620 50.299
162.640 50.317
162.660 50.335
162.680 50.354
162.700 50.372
162.720 50.390
162.740 50.408
162.760 50.426
162.780 50.445
162.800 50.463
162.820 50.481
162.840 50.499
162.860 50.518
162.880 50.536
162.900 50.554
162.920 50.572
162.940 50.590
162.960 50.609
162.980 50.627
163.000 50.645
163.020 50.663
163.040 50.681
163.060 50.700
163.080 50.718
163.100 50.736
163.120 50.754
163.140 50.773
163.160 50.791
163.180 50.809
163.200 50.827
163.220 50.845
163.240 50.864
163.260 50.882
163.280 50.900
163.300 50.918
163.320 50.936
163.340 50.955
163.360 50.973
163.380 50.991
163.400 51.009
163.420 51.028
163.440 51.046
163.460 51.064
163.480 51.082
163.500 51.100
163.520 51.119
163.540 51.137
163.560 51.155
163.580 51.173
163.600 51.191
163.620 51.210
163.640 51.228
163.660 51.246
163.680 51.264
163.700 51.283
163.720 51.301
163.740 51.319
163.760 51.337
163.780 51.355
163.800 51.374
163.820 51.392
163.840 51.410
163.860 51.428
163.880 51.446
163.900 51.465
163.920 51.483
163.940 51.501
163.960 51.519
163.980 51.537
164.000 51.556
164.020 51.574
164.040 51.592
164.060 51.610
164.080 51.629
164.100 51.647
164.120 51.665
164.140 51.683
164.160 51.701
164.180 51.720
164.200 51.738
164.220 51.756
164.240 51.774
164.260 51.792
164.280 51.811
164.300 51.829
164.320 51.847
164.340 51.865
164.360 51.884
164.380 51.902
164.400 51.920
164.420 51.938
164.440 51.956
164.460 51.975
164.480 51.993
164.500 52.011
164.520 52.029
164.540 52.047
164.560 52.066
164.580 52.084
164.600 52.102
164.620 52.120
164.640 52.139
164.660 52.157
164.680 52.175
164.700 52.193
164.720 52.211
164.740 52.230
164.760 52.248
164.780 52.266
164.800 52.284
164.820 52.302
164.840 52.321
164.860 52.339
164.880 52.357
164.900 52.375
164.920 52.394
164.940 52.412
164.960 52.430
164.980 52.448
165.000 52.466
165.020 52.485
165.040 52.503
165.060 52.521
165.080 52.539
165.100 52.557
165.120 52.576
165.140 52.594
165.160 52.612
165.180 52.630
165.200 52.649
165.220 52.667
165.240 52.685
165.260 52.703
165.280 52.721
165.300 52.740
165.320 52.758
165.340 52.776
165.360 52.794
165.380 52.812
165.400 52.831
165.420 52.849
165.440 52.867
165.460 52.885
165.480 52.903
165.500 52.922
165.520 52.940
165.540 52.958
165.560 52.976
165.580 52.995
165.600 53.013
165.620 53.031
165.640 53.049
165.660 53.067
165.680 53.086
165.700 53.104
165.720 53.122
165.740 53.140
165.760 53.158
165.780 53.177
165.800 53.195
165.820 53.213
165.840 53.231
165.860 53.250
165.880 53.268
165.900 53.286
165.920 53.304
165.940 53.322
165.960 53.341
165.980 53.359
166.000 53.377
166.020 53.395
166.040 53.413
166.060 53.432
166.080 53.450
166.100 53.468
166.120 53.486
166.140 53.505
166.160 53.523
166.180 53.541
166.200 53.559
166.220 53.577
166.240 53.596
166.260 53.614
166.280 53.632
166.300 53.650
166.320 53.668
166.340 53.687
166.360 53.705
166.380 53.723
166.400 53.741
166.420 53.760
166.440 53.778
166.460 53.796
166.480 53.814
166.500 53.832
166.520 53.851
166.540 53.869
166.560 53.887
166.580 53.905
166.600 53.923
166.620 53.942
166.640 53.960
166.660 53.978
166.680 53.996
166.700 54.015
166.720 54.033
166.740 54.051
166.760 54.069
166.780 54.087
166.800 54.106
166.820 54.124
166.840 54.142
166.860 54.160
166.880 54.178
166.900 54.197
166.920 54.215
166.940 54.233
166.960 54.251
166.980 54.269
167.000 54.288
167.020 54.306
167.040 54.324
167.060 54.342
167.080 54.361
167.100 54.379
167.120 54.397
167.140 54.415
167.160 54.433
167.180 54.452
167.200 54.470
167.220 54.488
167.240 54.506
167.260 54.524
167.280 54.543
167.300 54.561
167.320 54.579
167.340 54.597
167.360 54.616
167.380 54.634
167.400 54.652
167.420 54.670
167.440 54.688
167.460 54.707
167.480 54.725
167.500 54.743
167.520 54.761
167.540 54.779
167.560 54.798
167.580 54.816
167.600 54.834
167.620 54.852
167.640 54.871
167.660 54.889
167.680 54.907
167.700 54.925
167.720 54.943
167.740 54.962
167.760 54.980
167.780 54.998
167.800 55.016
167.820 55.034
167.840 55.053
167.860 55.071
167.880 55.089
167.900 55.107
167.920 55.126
167.940 55.144
167.960 55.162
167.980 55.180
168.000 55.198
168.020 55.217
168.040 55.235
168.060 55.253
168.080 55.271
168.100 55.289
168.120 55.308
168.140 55.326
168.160 55.344
168.180 55.362
168.200 55.381
168.220 55.399
168.240 55.417
168.260 55.435
168.280 55.454
168.300 55.472
168.320 55.490
168.340 55.509
168.360 55.527
168.380 55.545
168.400 55.564
168.420 55.582
168.440 55.600
168.460 55.619
168.480 55.637
168.500 55.655
168.520 55.674
168.540 55.692
168.560 55.710
168.580 55.729
168.600 55.747
168.620 55.765
168.640 55.783
168.660 55.802
168.680 55.820
168.700 55.838
168.720 55.857
168.740 55.875
168.760 55.893
168.780 55.912
168.800 55.930
168.820 55.948
168.840 55.967
168.860 55.985
168.880 56.003
168.900 56.022
168.920 56.040
168.940 56.058
168.960 56.077
168.980 56.095
169.000 56.113
169.020 56.132
169.040 56.150
169.060 56.168
169.080 56.186
169.100 56.205
169.120 56.223
169.140 56.241
169.160 56.260
169.180 56.278
169.200 56.296
169.220 56.315
169.240 56.333
169.260 56.351
169.280 56.370
169.300 56.388
169.320 56.406
169.340 56.425
169.360 56.443
169.380 56.461
169.400 56.480
169.420 56.498
169.440 56.516
169.460 56.534
169.480 56.553
169.500 56.571
169.520 56.589
169.540 56.608
169.560 56.626
169.580 56.644
169.600 56.663
169.620 56.681
169.640 56.699
169.660 56.718
169.680 56.736
169.700 56.754
169.720 56.773
169.740 56.791
169.760 56.809
169.780 56.828
169.800 56.846
169.820 56.864
169.840 56.883
169.860 56.901
169.880 56.919
169.900 56.937
169.920 56.956
169.940 56.974
169.960 56.992
169.980 57.011
170.000 57.029
170.020 57.047
170.040 57.066
170.060 57.084
170.080 57.102
170.100 57.121
170.120 57.139
170.140 57.157
170.160 57.176
170.180 57.194
170.200 57.212
170.220 57.231
170.240 57.249
170.260 57.267
170.280 57.286
170.300 57.304
170.320 57.322
170.340 57.340
170.360 57.359
170.380 57.377
170.400 57.395
170.420 57.414
170.440 57.432
170.460 57.450
170.480 57.469
170.500 57.487
170.520 57.505
170.540 57.524
170.560 57.542
170.580 57.560
170.600 57.579
170.620 57.597
170.640 57.615
170.660 57.634
170.680 57.652
170.700 57.670
170.720 57.688
170.740 57.707
170.760 57.725
170.780 57.743
170.800 57.762
170.820 57.780
170.840 57.798
170.860 57.817
170.880 57.835
170.900 57.853
170.920 57.872
170.940 57.890
170.960 57.908
170.980 57.927
171.000 57.945
171.020 57.963
171.040 57.982
171.060 58.000
171.080 58.018
171.100 58.037
171.120 58.055
171.140 58.073
171.160 58.091
171.180 58.110
171.200 58.128
171.220 58.146
171.240 58.165
171.260 58.183
171.280 58.201
171.300 58.220
171.320 58.238
171.340 58.256
171.360 58.275
171.380 58.293
171.400 58.311
171.420 58.330
171.440 58.348
171.460 58.366
171.480 58.385
171.500 58.403
171.520 58.421
171.540 58.439
171.560 58.458
171.580 58.476
171.600 58.494
171.620 58.513
171.640 58.531
171.660 58.549
171.680 58.568
171.700 58.586
171.720 58.604
171.740 58.623
171.760 58.641
171.780 58.659
171.800 58.678
171.820 58.696
171.840 58.714
171.860 58.733
171.880 58.751
171.900 58.769
171.920 58.788
171.940 58.806
171.960 58.824
171.980 58.842
172.000 58.861
172.020 58.879
172.040 58.897
172.060 58.916
172.080 58.934
172.100 58.952
172.120 58.971
172.140 58.989
172.160 59.007
172.180 59.026
172.200 59.044
172.220 59.062
172.240 59.081
172.260 59.099
172.280 59.117
172.300 59.136
172.320 59.154
172.340 59.172
172.360 59.191
172.380 59.209
172.400 59.227
172.420 59.245
172.440 59.264
172.460 59.282
172.480 59.300
172.500 59.319
172.520 59.337
172.540 59.355
172.560 59.374
172.580 59.392
172.600 59.410
172.620 59.429
172.640 59.447
172.660 59.465
172.680 59.484
172.700 59.502
172.720 59.520
172.740 59.539
172.760 59.557
172.780 59.575
172.800 59.593
172.820 59.612
172.840 59.630
172.860 59.648
172.880 59.667
172.900 59.685
172.920 59.703
172.940 59.722
172.960 59.740
172.980 59.758
173.000 59.777
173.020 59.795
173.040 59.813
173.060 59.832
173.080 59.850
173.100 59.868
173.120 59.887
173.140 59.905
173.160 59.923
173.180 59.942
173.200 59.960
173.220 59.978
173.240 59.996
173.260 60.015
173.280 60.033
173.300 60.051
173.320 60.070
173.340 60.088
173.360 60.106
173.380 60.125
173.400 60.143
173.420 60.161
173.440 60.180
173.460 60.198
173.480 60.216
173.500 60.235
173.520 60.253
173.540 60.271
173.560 60.290
173.580 60.308
173.600 60.326
173.620 60.344
173.640 60.363
173.660 60.381
173.680 60.399
173.700 60.418
173.720 60.436
173.740 60.454
173.760 60.473
173.780 60.491
173.800 60.509
173.820 60.528
173.840 60.546
173.860 60.564
173.880 60.583
173.900 60.601
173.920 60.619
173.940 60.638
173.960 60.656
173.980 60.674
174.000 60.693
174.020 60.711
174.040 60.729
174.060 60.747
174.080 60.766
174.100 60.784
174.120 60.802
174.140 60.821
174.160 60.839
174.180 60.857
174.200 60.876
174.220 60.894
174.240 60.912
174.260 60.931
174.280 60.949
174.300 60.967
174.320 60.986
174.340 61.004
174.360 61.022
174.380 61.041
174.400 61.059
174.420 61.077
174.440 61.096
174.460 61.114
174.480 61.132
174.500 61.150
174.520 61.169
174.540 61.187
174.560 61.205
174.580 61.224
174.600 61.242
174.620 61.260
174.640 61.279
174.660 61.297
174.680 61.315
174.700 61.334
174.720 61.352
174.740 61.370
174.760 61.389
174.780 61.407
174.800 61.425
174.820 61.444
174.840 61.462
174.860 61.480
174.880 61.498
174.900 61.517
174.920 61.535
174.940 61.553
174.960 61.572
174.980 61.590
175.000 61.608
175.020 61.627
175.040 61.645
175.060 61.663
175.080 61.682
175.100 61.700
175.120 61.718
175.140 61.737
175.160 61.755
175.180 61.774
175.200 61.792
175.220 61.810
175.240 61.829
175.260 61.847
175.280 61.866
175.300 61.884
175.320 61.902
175.340 61.921
175.360 61.939
175.380 61.957
175.400 61.976
175.420 61.994
175.440 62.013
175.460 62.031
175.480 62.049
175.500 62.068
175.520 62.086
175.540 62.104
175.560 62.123
175.580 62.141
175.600 62.160
175.620 62.178
175.640 62.196
175.660 62.215
175.680 62.233
175.700 62.252
175.720 62.270
175.740 62.288
175.760 62.307
175.780 62.325
175.800 62.343
175.820 62.362
175.840 62.380
175.860 62.399
175.880 62.417
175.900 62.435
175.920 62.454
175.940 62.472
175.960 62.490
175.980 62.509
176.000 62.527
176.020 62.546
176.040 62.564
176.060 62.582
176.080 62.601
176.100 62.619
176.120 62.638
176.140 62.656
176.160 62.674
176.180 62.693
176.200 62.711
176.220 62.729
176.240 62.748
176.260 62.766
176.280 62.785
176.300 62.803
176.320 62.821
176.340 62.840
176.360 62.858
176.380 62.876
176.400 62.895
176.420 62.913
176.440 62.932
176.460 62.950
176.480 62.968
176.500 62.987
176.520 63.005
176.540 63.024
176.560 63.042
176.580 63.060
176.600 63.079
176.620 63.097
176.640 63.115
176.660 63.134
176.680 63.152
176.700 63.171
176.720 63.189
176.740 63.207
176.760 63.226
176.780 63.244
176.800 63.262
176.820 63.281
176.840 63.299
176.860 63.318
176.880 63.336
176.900 63.354
176.920 63.373
176.940 63.391
176.960 63.410
176.980 63.428
177.000 63.446
177.020 63.465
177.040 63.483
177.060 63.501
177.080 63.520
177.100 63.538
177.120 63.557
177.140 63.575
177.160 63.593
177.180 63.612
177.200 63.630
177.220 63.648
177.240 63.667
177.260 63.685
177.280 63.704
177.300 63.722
177.320 63.740
177.340 63.759
177.360 63.777
177.380 63.796
177.400 63.814
177.420 63.832
177.440 63.851
177.460 63.869
177.480 63.887
177.500 63.906
177.520 63.924
177.540 63.943
177.560 63.961
177.580 63.979
177.600 63.998
177.620 64.016
177.640 64.034
177.660 64.053
177.680 64.071
177.700 64.090
177.720 64.108
177.740 64.126
177.760 64.145
177.780 64.163
177.800 64.182
177.820 64.200
177.840 64.218
177.860 64.237
177.880 64.255
177.900 64.273
177.920 64.292
177.940 64.310
177.960 64.329
177.980 64.347
178.000 64.365
178.020 64.384
178.040 64.402
178.060 64.420
178.080 64.439
178.100 64.457
178.120 64.476
178.140 64.494
178.160 64.512
178.180 64.531
178.200 64.549
178.220 64.568
178.240 64.586
178.260 64.604
178.280 64.623
178.300 64.641
178.320 64.659
178.340 64.678
178.360 64.696
178.380 64.715
178.400 64.733
178.420 64.751
178.440 64.770
178.460 64.788
178.480 64.806
178.500 64.825
178.520 64.843
178.540 64.862
178.560 64.880
178.580 64.898
178.600 64.917
178.620 64.935
178.640 64.954
178.660 64.972
178.680 64.990
178.700 65.009
178.720 65.027
178.740 65.045
178.760 65.064
178.780 65.082
178.800 65.101
178.820 65.119
178.840 65.137
178.860 65.156
178.880 65.174
178.900 65.192
178.920 65.211
178.940 65.229
178.960 65.248
178.980 65.266
179.000 65.284
179.020 65.303
179.040 65.321
179.060 65.340
179.080 65.358
179.100 65.376
179.120 65.395
179.140 65.413
179.160 65.431
179.180 65.450
179.200 65.468
179.220 65.487
179.240 65.505
179.260 65.523
179.280 65.542
179.300 65.560
179.320 65.578
179.340 65.597
179.360 65.615
179.380 65.634
179.400 65.652
179.420 65.670
179.440 65.689
179.460 65.707
179.480 65.726
179.500 65.744
179.520 65.762
179.540 65.781
179.560 65.799
179.580 65.817
179.600 65.836
179.620 65.854
179.640 65.873
179.660 65.891
179.680 65.909
179.700 65.928
179.720 65.946
179.740 65.965
179.760 65.983
179.780 66.001
179.800 66.020
179.820 66.038
179.840 66.056
179.860 66.075
179.880 66.093
179.900 66.112
179.920 66.130
179.940 66.148
179.960 66.167
179.980 66.185
180.000 66.203
180.020 66.222
180.040 66.240
180.060 66.259
180.080 66.277
180.100 66.295
180.120 66.314
180.140 66.332
180.160 66.351
180.180 66.369
180.200 66.387
180.220 66.406
180.240 66.424
180.260 66.442
180.280 66.461
180.300 66.479
180.320 66.498
180.340 66.516
180.360 66.534
180.380 66.553
180.400 66.571
180.420 66.589
180.440 66.608
180.460 66.626
180.480 66.645
180.500 66.663
180.520 66.681
180.540 66.700
180.560 66.718
180.580 66.737
180.600 66.755
180.620 66.773
180.640 66.792
180.660 66.810
180.680 66.828
180.700 66.847
180.720 66.865
180.740 66.884
180.760 66.902
180.780 66.920
180.800 66.939
180.820 66.957
180.840 66.975
180.860 66.994
180.880 67.012
180.900 67.031
180.920 67.049
180.940 67.067
180.960 67.086
180.980 67.104
181.000 67.123
181.020 67.141
181.040 67.159
181.060 67.178
181.080 67.196
181.100 67.214
181.120 67.233
181.140 67.251
181.160 67.270
181.180 67.288
181.200 67.306
181.220 67.325
181.240 67.343
181.260 67.361
181.280 67.380
181.300 67.398
181.320 67.417
181.340 67.435
181.360 67.453
181.380 67.472
181.400 67.490
181.420 67.509
181.440 67.527
181.460 67.545
181.480 67.564
181.500 67.582
181.520 67.600
181.540 67.619
181.560 67.637
181.580 67.656
181.600 67.674
181.620 67.692
181.640 67.711
181.660 67.729
181.680 67.747
181.700 67.766
181.720 67.784
181.740 67.803
181.760 67.821
181.780 67.839
181.800 67.858
181.820 67.876
181.840 67.895
181.860 67.913
181.880 67.931
181.900 67.950
181.920 67.968
181.940 67.986
181.960 68.005
181.980 68.023
182.000 68.042
182.020 68.060
182.040 68.078
182.060 68.097
182.080 68.115
182.100 68.133
182.120 68.152
182.140 68.170
182.160 68.189
182.180 68.207
182.200 68.225
182.220 68.244
182.240 68.262
182.260 68.281
182.280 68.299
182.300 68.317
182.320 68.336
182.340 68.354
182.360 68.373
182.380 68.391
182.400 68.410
182.420 68.428
182.440 68.446
182.460 68.465
182.480 68.483
182.500 68.502
182.520 68.520
182.540 68.538
182.560 68.557
182.580 68.575
182.600 68.594
182.620 68.612
182.640 68.631
182.660 68.649
182.680 68.667
182.700 68.686
182.720 68.704
182.740 68.723
182.760 68.741
182.780 68.759
182.800 68.778
182.820 68.796
182.840 68.815
182.860 68.833
182.880 68.852
182.900 68.870
182.920 68.888
182.940 68.907
182.960 68.925
182.980 68.944
183.000 68.962
183.020 68.981
183.040 68.999
183.060 69.017
183.080 69.036
183.100 69.054
183.120 69.073
183.140 69.091
183.160 69.109
183.180 69.128
183.200 69.146
183.220 69.165
183.240 69.183
183.260 69.202
183.280 69.220
183.300 69.238
183.320 69.257
183.340 69.275
183.360 69.294
183.380 69.312
183.400 69.330
183.420 69.349
183.440 69.367
183.460 69.386
183.480 69.404
183.500 69.423
183.520 69.441
183.540 69.459
183.560 69.478
183.580 69.496
183.600 69.515
183.620 69.533
183.640 69.552
183.660 69.570
183.680 69.588
183.700 69.607
183.720 69.625
183.740 69.644
183.760 69.662
183.780 69.680
183.800 69.699
183.820 69.717
183.840 69.736
183.860 69.754
183.880 69.773
183.900 69.791
183.920 69.809
183.940 69.828
183.960 69.846
183.980 69.865
184.000 69.883
184.020 69.901
184.040 69.920
184.060 69.938
184.080 69.957
184.100 69.975
184.120 69.994
184.140 70.012
184.160 70.030
184.180 70.049
184.200 70.067
184.220 70.086
184.240 70.104
184.260 70.122
184.280 70.141
184.300 70.159
184.320 70.178
184.340 70.196
184.360 70.215
184.380 70.233
184.400 70.251
184.420 70.270
184.440 70.288
184.460 70.307
184.480 70.325
184.500 70.344
184.520 70.362
184.540 70.380
184.560 70.399
184.580 70.417
184.600 70.436
184.620 70.454
184.640 70.472
184.660 70.491
184.680 70.509
184.700 70.528
184.720 70.546
184.740 70.565
184.760 70.583
184.780 70.601
184.800 70.620
184.820 70.638
184.840 70.657
184.860 70.675
184.880 70.693
184.900 70.712
184.920 70.730
184.940 70.749
184.960 70.767
184.980 70.786
185.000 70.804
185.020 70.822
185.040 70.841
185.060 70.859
185.080 70.878
185.100 70.896
185.120 70.914
185.140 70.933
185.160 70.951
185.180 70.970
185.200 70.988
185.220 71.007
185.240 71.025
185.260 71.043
185.280 71.062
185.300 71.080
185.320 71.099
185.340 71.117
185.360 71.136
185.380 71.154
185.400 71.172
185.420 71.191
185.440 71.209
185.460 71.228
185.480 71.246
185.500 71.264
185.520 71.283
185.540 71.301
185.560 71.320
185.580 71.338
185.600 71.357
185.620 71.375
185.640 71.393
185.660 71.412
185.680 71.430
185.700 71.449
185.720 71.467
185.740 71.485
185.760 71.504
185.780 71.522
185.800 71.541
185.820 71.559
185.840 71.578
185.860 71.596
185.880 71.614
185.900 71.633
185.920 71.651
185.940 71.670
185.960 71.688
185.980 71.706
186.000 71.725
186.020 71.743
186.040 71.762
186.060 71.780
186.080 71.799
186.100 71.817
186.120 71.835
186.140 71.854
186.160 71.872
186.180 71.891
186.200 71.909
186.220 71.928
186.240 71.946
186.260 71.964
186.280 71.983
186.300 72.001
186.320 72.020
186.340 72.038
186.360 72.056
186.380 72.075
186.400 72.093
186.420 72.112
186.440 72.130
186.460 72.149
186.480 72.167
186.500 72.185
186.520 72.204
186.540 72.222
186.560 72.241
186.580 72.259
186.600 72.277
186.620 72.296
186.640 72.314
186.660 72.333
186.680 72.351
186.700 72.370
186.720 72.388
186.740 72.406
186.760 72.425
186.780 72.443
186.800 72.462
186.820 72.480
186.840 72.498
186.860 72.517
186.880 72.535
186.900 72.554
186.920 72.572
186.940 72.591
186.960 72.609
186.980 72.627
187.000 72.646
187.020 72.664
187.040 72.683
187.060 72.701
187.080 72.720
187.100 72.738
187.120 72.756
187.140 72.775
187.160 72.793
187.180 72.812
187.200 72.830
187.220 72.848
187.240 72.867
187.260 72.885
187.280 72.904
187.300 72.922
187.320 72.941
187.340 72.959
187.360 72.977
187.380 72.996
187.400 73.014
187.420 73.033
187.440 73.051
187.460 73.069
187.480 73.088
187.500 73.106
187.520 73.125
187.540 73.143
187.560 73.162
187.580 73.180
187.600 73.198
187.620 73.217
187.640 73.235
187.660 73.254
187.680 73.272
187.700 73.290
187.720 73.309
187.740 73.327
187.760 73.346
187.780 73.364
187.800 73.383
187.820 73.401
187.840 73.419
187.860 73.438
187.880 73.456
187.900 73.475
187.920 73.493
187.940 73.512
187.960 73.530
187.980 73.548
188.000 73.567
188.020 73.585
188.040 73.604
188.060 73.622
188.080 73.640
188.100 73.659
188.120 73.677
188.140 73.696
188.160 73.714
188.180 73.733
188.200 73.751
188.220 73.769
188.240 73.788
188.260 73.806
188.280 73.825
188.300 73.843
188.320 73.861
188.340 73.880
188.360 73.898
188.380 73.917
188.400 73.935
188.420 73.954
188.440 73.972
188.460 73.990
188.480 74.009
188.500 74.027
188.520 74.046
188.540 74.064
188.560 74.082
188.580 74.101
188.600 74.119
188.620 74.138
188.640 74.156
188.660 74.175
188.680 74.193
188.700 74.211
188.720 74.230
188.740 74.248
188.760 74.267
188.780 74.285
188.800 74.304
188.820 74.322
188.840 74.340
188.860 74.359
188.880 74.377
188.900 74.396
188.920 74.414
188.940 74.432
188.960 74.451
188.980 74.469
189.000 74.488
189.020 74.506
189.040 74.525
189.060 74.543
189.080 74.561
189.100 74.580
189.120 74.598
189.140 74.617
189.160 74.635
189.180 74.653
189.200 74.672
189.220 74.690
189.240 74.709
189.260 74.727
189.280 74.746
189.300 74.764
189.320 74.782
189.340 74.801
189.360 74.819
189.380 74.838
189.400 74.856
189.420 74.874
189.440 74.893
189.460 74.911
189.480 74.930
189.500 74.948
189.520 74.967
189.540 74.985
189.560 75.003
189.580 75.022
189.600 75.040
189.620 75.059
189.640 75.077
189.660 75.096
189.680 75.114
189.700 75.132
189.720 75.151
189.740 75.169
189.760 75.188
189.780 75.206
189.800 75.225
189.820 75.243
189.840 75.261
189.860 75.280
189.880 75.298
189.900 75.317
189.920 75.335
189.940 75.354
189.960 75.372
189.980 75.391
190.000 75.409
190.020 75.427
190.040 75.446
190.060 75.464
190.080 75.483
190.100 75.501
190.120 75.520
190.140 75.538
190.160 75.557
190.180 75.575
190.200 75.593
190.220 75.612
190.240 75.630
190.260 75.649
190.280 75.667
190.300 75.686
190.320 75.704
190.340 75.722
190.360 75.741
190.380 75.759
190.400 75.778
190.420 75.796
190.440 75.815
190.460 75.833
190.480 75.852
190.500 75.870
190.520 75.888
190.540 75.907
190.560 75.925
190.580 75.944
190.600 75.962
190.620 75.981
190.640 75.999
190.660 76.018
190.680 76.036
190.700 76.054
190.720 76.073
190.740 76.091
190.760 76.110
190.780 76.128
190.800 76.147
190.820 76.165
190.840 76.183
190.860 76.202
190.880 76.220
190.900 76.239
190.920 76.257
190.940 76.276
190.960 76.294
190.980 76.313
191.000 76.331
191.020 76.349
191.040 76.368
191.060 76.386
191.080 76.405
191.100 76.423
191.120 76.442
191.140 76.460
191.160 76.479
191.180 76.497
191.200 76.515
191.220 76.534
191.240 76.552
191.260 76.571
191.280 76.589
191.300 76.608
191.320 76.626
191.340 76.644
191.360 76.663
191.380 76.681
191.400 76.700
191.420 76.718
191.440 76.737
191.460 76.755
191.480 76.774
191.500 76.792
191.520 76.810
191.540 76.829
191.560 76.847
191.580 76.866
191.600 76.884
191.620 76.903
191.640 76.921
191.660 76.940
191.680 76.958
191.700 76.976
191.720 76.995
191.740 77.013
191.760 77.032
191.780 77.050
191.800 77.069
191.820 77.087
191.840 77.105
191.860 77.124
191.880 77.142
191.900 77.161
191.920 77.179
191.940 77.198
191.960 77.216
191.980 77.235
192.000 77.253
192.020 77.271
192.040 77.290
192.060 77.308
192.080 77.327
192.100 77.345
192.120 77.364
192.140 77.382
192.160 77.401
192.180 77.419
192.200 77.437
192.220 77.456
192.240 77.474
192.260 77.493
192.280 77.511
192.300 77.530
192.320 77.548
192.340 77.566
192.360 77.585
192.380 77.603
192.400 77.622
192.420 77.640
192.440 77.659
192.460 77.677
192.480 77.696
192.500 77.714
192.520 77.732
192.540 77.751
192.560 77.769
192.580 77.788
192.600 77.806
192.620 77.825
192.640 77.843
192.660 77.861
192.680 77.880
192.700 77.898
192.720 77.917
192.740 77.935
192.760 77.954
192.780 77.972
192.800 77.991
192.820 78.009
192.840 78.027
192.860 78.046
192.880 78.064
192.900 78.083
192.920 78.101
192.940 78.120
192.960 78.138
192.980 78.157
193.000 78.175
193.020 78.193
193.040 78.212
193.060 78.230
193.080 78.249
193.100 78.267
193.120 78.286
193.140 78.304
193.160 78.322
193.180 78.341
193.200 78.359
193.220 78.378
193.240 78.396
193.260 78.415
193.280 78.433
193.300 78.452
193.320 78.470
193.340 78.488
193.360 78.507
193.380 78.525
193.400 78.544
193.420 78.562
193.440 78.581
193.460 78.599
193.480 78.618
193.500 78.636
193.520 78.654
193.540 78.673
193.560 78.691
193.580 78.710
193.600 78.728
193.620 78.747
193.640 78.765
193.660 78.783
193.680 78.802
193.700 78.820
193.720 78.839
193.740 78.857
193.760 78.876
193.780 78.894
193.800 78.913
193.820 78.931
193.840 78.949
193.860 78.968
193.880 78.986
193.900 79.005
193.920 79.023
193.940 79.042
193.960 79.060
193.980 79.079
194.000 79.097
194.020 79.115
194.040 79.134
194.060 79.152
194.080 79.171
194.100 79.189
194.120 79.208
194.140 79.226
194.160 79.244
194.180 79.263
194.200 79.281
194.220 79.300
194.240 79.318
194.260 79.337
194.280 79.355
194.300 79.374
194.320 79.392
194.340 79.410
194.360 79.429
194.380 79.447
194.400 79.466
194.420 79.484
194.440 79.503
194.460 79.521
194.480 79.540
194.500 79.558
194.520 79.576
194.540 79.595
194.560 79.613
194.580 79.632
194.600 79.650
194.620 79.669
194.640 79.687
194.660 79.705
194.680 79.724
194.700 79.742
194.720 79.761
194.740 79.779
194.760 79.798
194.780 79.816
194.800 79.835
194.820 79.853
194.840 79.871
194.860 79.890
194.880 79.908
194.900 79.927
194.920 79.945
194.940 79.964
194.960 79.982
194.980 80.001
195.000 80.019
195.020 80.037
195.040 80.056
195.060 80.074
195.080 80.093
195.100 80.111
195.120 80.130
195.140 80.148
195.160 80.166
195.180 80.185
195.200 80.203
195.220 80.222
195.240 80.240
195.260 80.259
195.280 80.277
195.300 80.296
195.320 80.314
195.340 80.332
195.360 80.351
195.380 80.369
195.400 80.388
195.420 80.406
195.440 80.425
195.460 80.443
195.480 80.462
195.500 80.480
195.520 80.498
195.540 80.517
195.560 80.535
195.580 80.554
195.600 80.572
195.620 80.591
195.640 80.609
195.660 80.627
195.680 80.646
195.700 80.664
195.720 80.683
195.740 80.701
195.760 80.720
195.780 80.738
195.800 80.757
195.820 80.775
195.840 80.793
195.860 80.812
195.880 80.830
195.900 80.849
195.920 80.867
195.940 80.886
195.960 80.904
195.980 80.922
196.000 80.941
196.020 80.959
196.040 80.978
196.060 80.996
196.080 81.015
196.100 81.033
196.120 81.052
196.140 81.070
196.160 81.088
196.180 81.107
196.200 81.125
196.220 81.144
196.240 81.162
196.260 81.181
196.280 81.199
196.300 81.218
196.320 81.236
196.340 81.254
196.360 81.273
196.380 81.291
196.400 81.310
196.420 81.328
196.440 81.347
196.460 81.365
196.480 81.383
196.500 81.402
196.520 81.420
196.540 81.439
196.560 81.457
196.580 81.476
196.600 81.494
196.620 81.513
196.640 81.531
196.660 81.549
196.680 81.568
196.700 81.586
196.720 81.605
196.740 81.623
196.760 81.642
196.780 81.660
196.800 81.679
196.820 81.697
196.840 81.715
196.860 81.734
196.880 81.752
196.900 81.771
196.920 81.789
196.940 81.808
196.960 81.826
196.980 81.844
197.000 81.863
197.020 81.881
197.040 81.900
197.060 81.918
197.080 81.937
197.100 81.955
197.120 81.974
197.140 81.992
197.160 82.010
197.180 82.029
197.200 82.047
197.220 82.066
197.240 82.084
197.260 82.103
197.280 82.121
197.300 82.140
197.320 82.158
197.340 82.176
197.360 82.195
197.380 82.213
197.400 82.232
197.420 82.250
197.440 82.269
197.460 82.287
197.480 82.306
197.500 82.324
197.520 82.342
197.540 82.361
197.560 82.379
197.580 82.398
197.600 82.416
197.620 82.435
197.640 82.453
197.660 82.472
197.680 82.490
197.700 82.508
197.720 82.527
197.740 82.545
197.760 82.564
197.780 82.582
197.800 82.601
197.820 82.619
197.840 82.638
197.860 82.656
197.880 82.675
197.900 82.693
197.920 82.711
197.940 82.730
197.960 82.748
197.980 82.767
198.000 82.785
198.020 82.804
198.040 82.822
198.060 82.841
198.080 82.859
198.100 82.878
198.120 82.896
198.140 82.914
198.160 82.933
198.180 82.951
198.200 82.970
198.220 82.988
198.240 83.007
198.260 83.025
198.280 83.044
198.300 83.062
198.320 83.080
198.340 83.099
198.360 83.117
198.380 83.136
198.400 83.154
198.420 83.173
198.440 83.191
198.460 83.210
198.480 83.228
198.500 83.247
198.520 83.265
198.540 83.283
198.560 83.302
198.580 83.320
198.600 83.339
198.620 83.357
198.640 83.376
198.660 83.394
198.680 83.413
198.700 83.431
198.720 83.450
198.740 83.468
198.760 83.486
198.780 83.505
198.800 83.523
198.820 83.542
198.840 83.560
198.860 83.579
198.880 83.597
198.900 83.616
198.920 83.634
198.940 83.652
198.960 83.671
198.980 83.689
199.000 83.708
199.020 83.726
199.040 83.745
199.060 83.763
199.080 83.782
199.100 83.800
199.120 83.819
199.140 83.837
199.160 83.855
199.180 83.874
199.200 83.892
199.220 83.911
199.240 83.929
199.260 83.948
199.280 83.966
199.300 83.985
199.320 84.003
199.340 84.021
199.360 84.040
199.380 84.058
199.400 84.077
199.420 84.095
199.440 84.114
199.460 84.132
199.480 84.151
199.500 84.169
199.520 84.188
199.540 84.206
199.560 84.224
199.580 84.243
199.600 84.261
199.620 84.280
199.640 84.298
199.660 84.317
199.680 84.335
199.700 84.354
199.720 84.372
199.740 84.391
199.760 84.409
199.780 84.427
199.800 84.446
199.820 84.464
199.840 84.483
199.860 84.501
199.880 84.520
199.900 84.538
199.920 84.557
199.940 84.575
199.960 84.593
199.980 84.612
