100 4.397
101 4.432
102 4.397
103 4.432
104 4.398
105 4.432
106 4.398
107 4.431
108 4.399
109 4.431
110 4.399
111 4.431
112 4.399
113 4.431
114 4.400
115 4.430
116 4.400
117 4.430
118 4.400
119 4.430
120 4.400
121 4.430
122 4.401
123 4.429
124 4.401
125 4.429
126 4.401
127 4.429
128 4.401
129 4.429
130 4.402
131 4.429
132 4.402
133 4.429
134 4.402
135 4.428
136 4.402
137 4.428
138 4.403
139 4.428
140 4.403
141 4.428
142 4.403
143 4.428
144 4.403
145 4.428
146 4.403
147 4.427
148 4.404
149 4.427
150 4.404
151 4.427
152 4.404
153 4.427
154 4.404
155 4.427
156 4.404
157 4.427
158 4.405
159 4.427
160 4.405
161 4.427
162 4.405
163 4.427
164 4.405
165 4.426
166 4.405
167 4.426
168 4.405
169 4.426
170 4.405
171 4.426
172 4.406
173 4.426
174 4.406
175 4.426
176 4.406
177 4.426
178 4.406
179 4.426
180 4.406
181 4.426
182 4.406
183 4.426
184 4.406
185 4.425
186 4.406
187 4.425
188 4.407
189 4.425
190 4.407
191 4.425
192 4.407
193 4.425
194 4.407
195 4.425
196 4.407
197 4.425
198 4.407
199 4.425
200 4.407
201 4.425
202 4.407
203 4.425
204 4.407
205 4.425
206 4.408
207 4.425
208 4.408
209 4.425
210 4.408
211 4.424
212 4.408
213 4.424
214 4.408
215 4.424
216 4.408
217 4.424
218 4.408
219 4.424
220 4.408
221 4.424
222 4.408
223 4.424
224 4.408
225 4.424
226 4.408
227 4.424
228 4.408
229 4.424
230 4.409
231 4.424
232 4.409
233 4.424
234 4.409
235 4.424
236 4.409
237 4.424
238 4.409
239 4.424
240 4.409
241 4.424
242 4.409
243 4.424
244 4.409
245 4.423
246 4.409
247 4.423
248 4.409
249 4.423
250 4.409
251 4.423
252 4.409
253 4.423
254 4.409
255 4.423
256 4.409
257 4.423
258 4.410
259 4.423
260 4.410
261 4.423
262 4.410
263 4.423
264 4.410
265 4.423
266 4.410
267 4.423
268 4.410
269 4.423
270 4.410
271 4.423
272 4.410
273 4.423
274 4.410
275 4.423
276 4.410
277 4.423
278 4.410
279 4.423
280 4.410
281 4.423
282 4.410
283 4.423
284 4.410
285 4.423
286 4.410
287 4.423
288 4.410
289 4.423
290 4.410
291 4.423
292 4.410
293 4.422
294 4.411
295 4.422
296 4.411
297 4.422
298 4.411
299 4.422
300 4.411
301 4.422
302 4.411
303 4.422
304 4.411
305 4.422
306 4.411
307 4.422
308 4.411
309 4.422
310 4.411
311 4.422
312 4.411
313 4.422
314 4.411
315 4.422
316 4.411
317 4.422
318 4.411
319 4.422
320 4.411
321 4.422
322 4.411
323 4.422
324 4.411
325 4.422
326 4.411
327 4.422
328 4.411
329 4.422
330 4.411
331 4.422
332 4.411
333 4.422
334 4.411
335 4.422
336 4.411
337 4.422
338 4.411
339 4.422
340 4.411
341 4.422
342 4.411
343 4.422
344 4.412
345 4.422
346 4.412
347 4.422
348 4.412
349 4.422
350 4.412
351 4.422
352 4.412
353 4.422
354 4.412
355 4.422
356 4.412
357 4.422
358 4.412
359 4.422
360 4.412
361 4.422
362 4.412
363 4.422
364 4.412
365 4.422
366 4.412
367 4.421
368 4.412
369 4.421
370 4.412
371 4.421
372 4.412
373 4.421
374 4.412
375 4.421
376 4.412
377 4.421
378 4.412
379 4.421
380 4.412
381 4.421
382 4.412
383 4.421
384 4.412
385 4.421
386 4.412
387 4.421
388 4.412
389 4.421
390 4.412
391 4.421
392 4.412
393 4.421
394 4.412
395 4.421
396 4.412
397 4.421
398 4.412
399 4.421
400 4.412
