100 6.413
101 6.409
102 6.413
103 6.408
104 6.413
105 6.408
106 6.413
107 6.408
108 6.413
109 6.407
110 6.413
111 6.407
112 6.413
113 6.407
114 6.413
115 6.406
116 6.413
117 6.406
118 6.413
119 6.406
120 6.413
121 6.406
122 6.413
123 6.405
124 6.413
125 6.405
126 6.413
127 6.405
128 6.413
129 6.405
130 6.413
131 6.404
132 6.412
133 6.404
134 6.412
135 6.404
136 6.412
137 6.404
138 6.412
139 6.403
140 6.412
141 6.403
142 6.412
143 6.403
144 6.412
145 6.403
146 6.412
147 6.403
148 6.412
149 6.403
150 6.412
151 6.402
152 6.412
153 6.402
154 6.412
155 6.402
156 6.412
157 6.402
158 6.412
159 6.402
160 6.412
161 6.402
162 6.412
163 6.401
164 6.411
165 6.401
166 6.411
167 6.401
168 6.411
169 6.401
170 6.411
171 6.401
172 6.411
173 6.401
174 6.411
175 6.401
176 6.411
177 6.400
178 6.411
179 6.400
180 6.411
181 6.400
182 6.411
183 6.400
184 6.411
185 6.400
186 6.411
187 6.400
188 6.411
189 6.400
190 6.411
191 6.400
192 6.411
193 6.400
194 6.411
195 6.399
196 6.411
197 6.399
198 6.411
199 6.399
200 6.410
201 6.399
202 6.410
203 6.399
204 6.410
205 6.399
206 6.410
207 6.399
208 6.410
209 6.399
210 6.410
211 6.399
212 6.410
213 6.399
214 6.410
215 6.399
216 6.410
217 6.398
218 6.410
219 6.398
220 6.410
221 6.398
222 6.410
223 6.398
224 6.410
225 6.398
226 6.410
227 6.398
228 6.410
229 6.398
230 6.410
231 6.398
232 6.410
233 6.398
234 6.410
235 6.398
236 6.410
237 6.398
238 6.409
239 6.398
240 6.409
241 6.398
242 6.409
243 6.398
244 6.409
245 6.397
246 6.409
247 6.397
248 6.409
249 6.397
250 6.409
251 6.397
252 6.409
253 6.397
254 6.409
255 6.397
256 6.409
257 6.397
258 6.409
259 6.397
260 6.409
261 6.397
262 6.409
263 6.397
264 6.409
265 6.397
266 6.409
267 6.397
268 6.409
269 6.397
270 6.409
271 6.397
272 6.409
273 6.397
274 6.409
275 6.397
276 6.409
277 6.397
278 6.409
279 6.396
280 6.409
281 6.396
282 6.408
283 6.396
284 6.408
285 6.396
286 6.408
287 6.396
288 6.408
289 6.396
290 6.408
291 6.396
292 6.408
293 6.396
294 6.408
295 6.396
296 6.408
297 6.396
298 6.408
299 6.396
300 6.408
301 6.396
302 6.408
303 6.396
304 6.408
305 6.396
306 6.408
307 6.396
308 6.408
309 6.396
310 6.408
311 6.396
312 6.408
313 6.396
314 6.408
315 6.396
316 6.408
317 6.396
318 6.408
319 6.396
320 6.408
321 6.396
322 6.408
323 6.396
324 6.408
325 6.396
326 6.408
327 6.396
328 6.408
329 6.396
330 6.408
331 6.396
332 6.408
333 6.396
334 6.407
335 6.397
336 6.407
337 6.397
338 6.407
339 6.397
340 6.407
341 6.397
342 6.407
343 6.397
344 6.407
345 6.397
346 6.407
347 6.397
348 6.407
349 6.397
350 6.407
351 6.397
352 6.407
353 6.397
354 6.407
355 6.397
356 6.407
357 6.398
358 6.407
359 6.398
360 6.407
361 6.398
362 6.407
363 6.398
364 6.407
365 6.398
366 6.407
367 6.398
368 6.407
369 6.398
370 6.407
371 6.398
372 6.407
373 6.398
374 6.407
375 6.398
376 6.407
377 6.398
378 6.407
379 6.398
380 6.407
381 6.398
382 6.407
383 6.399
384 6.407
385 6.399
386 6.407
387 6.399
388 6.407
389 6.399
390 6.407
391 6.399
392 6.407
393 6.399
394 6.406
395 6.399
396 6.406
397 6.399
398 6.406
399 6.399
400 6.406
