100.000 4.435
100.020 4.442
100.040 4.449
100.060 4.456
100.080 4.463
100.100 4.470
100.120 4.477
100.140 4.484
100.160 4.491
100.180 4.498
100.200 4.505
100.220 4.512
100.240 4.519
100.260 4.526
100.280 4.533
100.300 4.541
100.320 4.548
100.340 4.555
100.360 4.562
100.380 4.569
100.400 4.576
100.420 4.583
100.440 4.590
100.460 4.597
100.480 4.604
100.500 4.611
100.520 4.618
100.540 4.625
100.560 4.632
100.580 4.639
100.600 4.646
100.620 4.653
100.640 4.660
100.660 4.668
100.680 4.675
100.700 4.682
100.720 4.689
100.740 4.696
100.760 4.703
100.780 4.710
100.800 4.717
100.820 4.724
100.840 4.731
100.860 4.738
100.880 4.745
100.900 4.752
100.920 4.759
100.940 4.766
100.960 4.773
100.980 4.780
101.000 4.787
101.020 4.795
101.040 4.802
101.060 4.809
101.080 4.816
101.100 4.823
101.120 4.830
101.140 4.837
101.160 4.844
101.180 4.851
101.200 4.858
101.220 4.865
101.240 4.872
101.260 4.879
101.280 4.886
101.300 4.893
101.320 4.900
101.340 4.907
101.360 4.914
101.380 4.922
101.400 4.929
101.420 4.936
101.440 4.943
101.460 4.950
101.480 4.957
101.500 4.964
101.520 4.971
101.540 4.978
101.560 4.985
101.580 4.992
101.600 4.999
101.620 5.006
101.640 5.013
101.660 5.020
101.680 5.027
101.700 5.034
101.720 5.041
101.740 5.049
101.760 5.056
101.780 5.063
101.800 5.070
101.820 5.077
101.840 5.084
101.860 5.091
101.880 5.098
101.900 5.105
101.920 5.112
101.940 5.119
101.960 5.126
101.980 5.133
102.000 5.140
102.020 5.147
102.040 5.156
102.060 5.164
102.080 5.173
102.100 5.181
102.120 5.190
102.140 5.198
102.160 5.207
102.180 5.215
102.200 5.224
102.220 5.232
102.240 5.241
102.260 5.249
102.280 5.258
102.300 5.266
102.320 5.275
102.340 5.283
102.360 5.292
102.380 5.300
102.400 5.309
102.420 5.317
102.440 5.326
102.460 5.334
102.480 5.343
102.500 5.351
102.520 5.360
102.540 5.368
102.560 5.377
102.580 5.385
102.600 5.394
102.620 5.402
102.640 5.411
102.660 5.419
102.680 5.428
102.700 5.436
102.720 5.445
102.740 5.453
102.760 5.462
102.780 5.470
102.800 5.479
102.820 5.487
102.840 5.496
102.860 5.504
102.880 5.513
102.900 5.521
102.920 5.530
102.940 5.538
102.960 5.547
102.980 5.555
103.000 5.564
103.020 5.572
103.040 5.581
103.060 5.589
103.080 5.598
103.100 5.606
103.120 5.615
103.140 5.623
103.160 5.632
103.180 5.640
103.200 5.649
103.220 5.657
103.240 5.666
103.260 5.674
103.280 5.683
103.300 5.691
103.320 5.700
103.340 5.708
103.360 5.717
103.380 5.725
103.400 5.734
103.420 5.742
103.440 5.751
103.460 5.759
103.480 5.768
103.500 5.776
103.520 5.785
103.540 5.793
103.560 5.802
103.580 5.810
103.600 5.819
103.620 5.827
103.640 5.836
103.660 5.844
103.680 5.853
103.700 5.861
103.720 5.870
103.740 5.878
103.760 5.886
103.780 5.895
103.800 5.903
103.820 5.912
103.840 5.920
103.860 5.929
103.880 5.937
103.900 5.946
103.920 5.954
103.940 5.963
103.960 5.971
103.980 5.980
104.000 5.988
104.020 5.997
104.040 6.005
104.060 6.014
104.080 6.022
104.100 6.031
104.120 6.039
104.140 6.048
104.160 6.056
104.180 6.065
104.200 6.073
104.220 6.082
104.240 6.090
104.260 6.099
104.280 6.107
104.300 6.116
104.320 6.124
104.340 6.133
104.360 6.141
104.380 6.150
104.400 6.158
104.420 6.167
104.440 6.175
104.460 6.184
104.480 6.192
104.500 6.201
104.520 6.209
104.540 6.218
104.560 6.226
104.580 6.235
104.600 6.243
104.620 6.252
104.640 6.260
104.660 6.269
104.680 6.277
104.700 6.286
104.720 6.294
104.740 6.303
104.760 6.311
104.780 6.320
104.800 6.328
104.820 6.337
104.840 6.345
104.860 6.354
104.880 6.362
104.900 6.371
104.920 6.379
104.940 6.388
104.960 6.396
104.980 6.405
105.000 6.413
105.020 6.422
105.040 6.430
105.060 6.439
105.080 6.447
105.100 6.456
105.120 6.464
105.140 6.473
105.160 6.481
105.180 6.490
105.200 6.498
105.220 6.507
105.240 6.515
105.260 6.524
105.280 6.532
105.300 6.541
105.320 6.549
105.340 6.558
105.360 6.566
105.380 6.575
105.400 6.583
105.420 6.592
105.440 6.600
105.460 6.609
105.480 6.617
105.500 6.626
105.520 6.634
105.540 6.643
105.560 6.651
105.580 6.660
105.600 6.668
105.620 6.677
105.640 6.685
105.660 6.694
105.680 6.702
105.700 6.711
105.720 6.719
105.740 6.728
105.760 6.736
105.780 6.745
105.800 6.753
105.820 6.762
105.840 6.770
105.860 6.779
105.880 6.787
105.900 6.796
105.920 6.804
105.940 6.813
105.960 6.821
105.980 6.830
106.000 6.838
106.020 6.847
106.040 6.855
106.060 6.864
106.080 6.872
106.100 6.881
106.120 6.889
106.140 6.898
106.160 6.906
106.180 6.915
106.200 6.924
106.220 6.934
106.240 6.944
106.260 6.954
106.280 6.964
106.300 6.974
106.320 6.984
106.340 6.994
106.360 7.004
106.380 7.014
106.400 7.024
106.420 7.034
106.440 7.044
106.460 7.054
106.480 7.064
106.500 7.074
106.520 7.084
106.540 7.094
106.560 7.104
106.580 7.114
106.600 7.124
106.620 7.134
106.640 7.144
106.660 7.153
106.680 7.163
106.700 7.173
106.720 7.183
106.740 7.193
106.760 7.203
106.780 7.213
106.800 7.223
106.820 7.233
106.840 7.243
106.860 7.253
106.880 7.263
106.900 7.273
106.920 7.283
106.940 7.293
106.960 7.303
106.980 7.313
107.000 7.323
107.020 7.333
107.040 7.343
107.060 7.353
107.080 7.363
107.100 7.373
107.120 7.383
107.140 7.393
107.160 7.403
107.180 7.413
107.200 7.423
107.220 7.433
107.240 7.442
107.260 7.452
107.280 7.462
107.300 7.472
107.320 7.482
107.340 7.492
107.360 7.502
107.380 7.512
107.400 7.522
107.420 7.532
107.440 7.542
107.460 7.552
107.480 7.562
107.500 7.572
107.520 7.582
107.540 7.592
107.560 7.602
107.580 7.612
107.600 7.622
107.620 7.632
107.640 7.642
107.660 7.652
107.680 7.662
107.700 7.672
107.720 7.682
107.740 7.692
107.760 7.702
107.780 7.712
107.800 7.722
107.820 7.731
107.840 7.741
107.860 7.751
107.880 7.761
107.900 7.771
107.920 7.781
107.940 7.791
107.960 7.801
107.980 7.811
108.000 7.821
108.020 7.831
108.040 7.841
108.060 7.851
108.080 7.861
108.100 7.871
108.120 7.881
108.140 7.891
108.160 7.901
108.180 7.911
108.200 7.921
108.220 7.931
108.240 7.941
108.260 7.951
108.280 7.961
108.300 7.971
108.320 7.981
108.340 7.991
108.360 8.001
108.380 8.011
108.400 8.021
108.420 8.030
108.440 8.040
108.460 8.050
108.480 8.060
108.500 8.070
108.520 8.080
108.540 8.090
108.560 8.100
108.580 8.110
108.600 8.120
108.620 8.130
108.640 8.140
108.660 8.150
108.680 8.160
108.700 8.170
108.720 8.180
108.740 8.190
108.760 8.200
108.780 8.210
108.800 8.220
108.820 8.230
108.840 8.240
108.860 8.250
108.880 8.260
108.900 8.270
108.920 8.280
108.940 8.290
108.960 8.300
108.980 8.310
109.000 8.319
109.020 8.329
109.040 8.339
109.060 8.349
109.080 8.359
109.100 8.369
109.120 8.379
109.140 8.389
109.160 8.399
109.180 8.409
109.200 8.419
109.220 8.429
109.240 8.439
109.260 8.449
109.280 8.459
109.300 8.469
109.320 8.479
109.340 8.489
109.360 8.499
109.380 8.509
109.400 8.519
109.420 8.529
109.440 8.539
109.460 8.549
109.480 8.559
109.500 8.569
109.520 8.579
109.540 8.589
109.560 8.599
109.580 8.608
109.600 8.618
109.620 8.628
109.640 8.638
109.660 8.648
109.680 8.658
109.700 8.668
109.720 8.678
109.740 8.688
109.760 8.698
109.780 8.708
109.800 8.718
109.820 8.728
109.840 8.738
109.860 8.748
109.880 8.758
109.900 8.768
109.920 8.778
109.940 8.788
109.960 8.798
109.980 8.808
110.000 8.818
110.020 8.828
110.040 8.838
110.060 8.848
110.080 8.858
110.100 8.868
110.120 8.878
110.140 8.888
110.160 8.897
110.180 8.907
110.200 8.917
110.220 8.927
110.240 8.937
110.260 8.947
110.280 8.957
110.300 8.967
110.320 8.977
110.340 8.987
110.360 8.997
110.380 9.007
110.400 9.017
110.420 9.027
110.440 9.037
110.460 9.047
110.480 9.057
110.500 9.067
110.520 9.077
110.540 9.088
110.560 9.100
110.580 9.111
110.600 9.123
110.620 9.134
110.640 9.146
110.660 9.157
110.680 9.168
110.700 9.180
110.720 9.191
110.740 9.203
110.760 9.214
110.780 9.225
110.800 9.237
110.820 9.248
110.840 9.260
110.860 9.271
110.880 9.282
110.900 9.294
110.920 9.305
110.940 9.317
110.960 9.328
110.980 9.339
111.000 9.351
111.020 9.362
111.040 9.374
111.060 9.385
111.080 9.396
111.100 9.408
111.120 9.419
111.140 9.431
111.160 9.442
111.180 9.453
111.200 9.465
111.220 9.476
111.240 9.488
111.260 9.499
111.280 9.511
111.300 9.522
111.320 9.533
111.340 9.545
111.360 9.556
111.380 9.568
111.400 9.579
111.420 9.590
111.440 9.602
111.460 9.613
111.480 9.625
111.500 9.636
111.520 9.647
111.540 9.659
111.560 9.670
111.580 9.682
111.600 9.693
111.620 9.704
111.640 9.716
111.660 9.727
111.680 9.739
111.700 9.750
111.720 9.761
111.740 9.773
111.760 9.784
111.780 9.796
111.800 9.807
111.820 9.819
111.840 9.830
111.860 9.841
111.880 9.853
111.900 9.864
111.920 9.876
111.940 9.887
111.960 9.898
111.980 9.910
112.000 9.921
112.020 9.933
112.040 9.944
112.060 9.955
112.080 9.967
112.100 9.978
112.120 9.990
112.140 10.001
112.160 10.012
112.180 10.024
112.200 10.035
112.220 10.047
112.240 10.058
112.260 10.069
112.280 10.081
112.300 10.092
112.320 10.104
112.340 10.115
112.360 10.126
112.380 10.138
112.400 10.149
112.420 10.161
112.440 10.172
112.460 10.184
112.480 10.195
112.500 10.206
112.520 10.218
112.540 10.229
112.560 10.241
112.580 10.252
112.600 10.263
112.620 10.275
112.640 10.286
112.660 10.298
112.680 10.309
112.700 10.320
112.720 10.332
112.740 10.343
112.760 10.355
112.780 10.366
112.800 10.377
112.820 10.389
112.840 10.400
112.860 10.412
112.880 10.423
112.900 10.434
112.920 10.446
112.940 10.457
112.960 10.469
112.980 10.480
113.000 10.491
113.020 10.503
113.040 10.514
113.060 10.526
113.080 10.537
113.100 10.549
113.120 10.560
113.140 10.571
113.160 10.583
113.180 10.594
113.200 10.606
113.220 10.617
113.240 10.628
113.260 10.640
113.280 10.651
113.300 10.663
113.320 10.674
113.340 10.685
113.360 10.697
113.380 10.708
113.400 10.720
113.420 10.731
113.440 10.742
113.460 10.754
113.480 10.765
113.500 10.777
113.520 10.788
113.540 10.799
113.560 10.811
113.580 10.822
113.600 10.834
113.620 10.845
113.640 10.856
113.660 10.868
113.680 10.879
113.700 10.891
113.720 10.902
113.740 10.914
113.760 10.925
113.780 10.936
113.800 10.948
113.820 10.959
113.840 10.971
113.860 10.982
113.880 10.993
113.900 11.005
113.920 11.016
113.940 11.028
113.960 11.039
113.980 11.050
114.000 11.062
114.020 11.073
114.040 11.085
114.060 11.096
114.080 11.107
114.100 11.119
114.120 11.130
114.140 11.142
114.160 11.153
114.180 11.164
114.200 11.176
114.220 11.187
114.240 11.199
114.260 11.210
114.280 11.221
114.300 11.233
114.320 11.244
114.340 11.256
114.360 11.267
114.380 11.279
114.400 11.290
114.420 11.301
114.440 11.313
114.460 11.324
114.480 11.336
114.500 11.347
114.520 11.358
114.540 11.370
114.560 11.381
114.580 11.393
114.600 11.404
114.620 11.415
114.640 11.427
114.660 11.438
114.680 11.450
114.700 11.461
114.720 11.472
114.740 11.484
114.760 11.495
114.780 11.507
114.800 11.518
114.820 11.529
114.840 11.541
114.860 11.552
114.880 11.564
114.900 11.575
114.920 11.586
114.940 11.598
114.960 11.609
114.980 11.621
115.000 11.632
115.020 11.644
115.040 11.656
115.060 11.669
115.080 11.681
115.100 11.694
115.120 11.707
115.140 11.720
115.160 11.732
115.180 11.745
115.200 11.758
115.220 11.771
115.240 11.783
115.260 11.796
115.280 11.809
115.300 11.822
115.320 11.834
115.340 11.847
115.360 11.860
115.380 11.873
115.400 11.886
115.420 11.898
115.440 11.911
115.460 11.924
115.480 11.937
115.500 11.949
115.520 11.962
115.540 11.975
115.560 11.988
115.580 12.000
115.600 12.013
115.620 12.026
115.640 12.039
115.660 12.051
115.680 12.064
115.700 12.077
115.720 12.090
115.740 12.103
115.760 12.115
115.780 12.128
115.800 12.141
115.820 12.154
115.840 12.166
115.860 12.179
115.880 12.192
115.900 12.205
115.920 12.217
115.940 12.230
115.960 12.243
115.980 12.256
116.000 12.268
116.020 12.281
116.040 12.294
116.060 12.307
116.080 12.320
116.100 12.332
116.120 12.345
116.140 12.358
116.160 12.371
116.180 12.383
116.200 12.396
116.220 12.409
116.240 12.422
116.260 12.434
116.280 12.447
116.300 12.460
116.320 12.473
116.340 12.485
116.360 12.498
116.380 12.511
116.400 12.524
116.420 12.537
116.440 12.549
116.460 12.562
116.480 12.575
116.500 12.588
116.520 12.600
116.540 12.613
116.560 12.626
116.580 12.639
116.600 12.651
116.620 12.664
116.640 12.677
116.660 12.690
116.680 12.702
116.700 12.715
116.720 12.728
116.740 12.741
116.760 12.753
116.780 12.766
116.800 12.779
116.820 12.792
116.840 12.805
116.860 12.817
116.880 12.830
116.900 12.843
116.920 12.856
116.940 12.868
116.960 12.881
116.980 12.894
117.000 12.907
117.020 12.919
117.040 12.932
117.060 12.945
117.080 12.958
117.100 12.970
117.120 12.983
117.140 12.996
117.160 13.009
117.180 13.022
117.200 13.034
117.220 13.047
117.240 13.060
117.260 13.073
117.280 13.085
117.300 13.098
117.320 13.111
117.340 13.124
117.360 13.136
117.380 13.149
117.400 13.162
117.420 13.175
117.440 13.187
117.460 13.200
117.480 13.213
117.500 13.226
117.520 13.239
117.540 13.251
117.560 13.264
117.580 13.277
117.600 13.290
117.620 13.302
117.640 13.315
117.660 13.328
117.680 13.341
117.700 13.353
117.720 13.366
117.740 13.379
117.760 13.392
117.780 13.404
117.800 13.417
117.820 13.430
117.840 13.443
117.860 13.456
117.880 13.468
117.900 13.481
117.920 13.494
117.940 13.507
117.960 13.519
117.980 13.532
118.000 13.545
118.020 13.558
118.040 13.570
118.060 13.583
118.080 13.596
118.100 13.609
118.120 13.621
118.140 13.634
118.160 13.647
118.180 13.660
118.200 13.672
118.220 13.685
118.240 13.698
118.260 13.711
118.280 13.724
118.300 13.736
118.320 13.749
118.340 13.762
118.360 13.775
118.380 13.787
118.400 13.800
118.420 13.813
118.440 13.826
118.460 13.838
118.480 13.851
118.500 13.864
118.520 13.877
118.540 13.889
118.560 13.902
118.580 13.915
118.600 13.928
118.620 13.941
118.640 13.953
118.660 13.966
118.680 13.979
118.700 13.992
118.720 14.004
118.740 14.017
118.760 14.030
118.780 14.043
118.800 14.055
118.820 14.068
118.840 14.081
118.860 14.094
118.880 14.106
118.900 14.119
118.920 14.132
118.940 14.145
118.960 14.158
118.980 14.170
119.000 14.183
119.020 14.196
119.040 14.209
119.060 14.221
119.080 14.234
119.100 14.247
119.120 14.260
119.140 14.272
119.160 14.285
119.180 14.298
119.200 14.311
119.220 14.323
119.240 14.336
119.260 14.349
119.280 14.362
119.300 14.375
119.320 14.387
119.340 14.400
119.360 14.413
119.380 14.426
119.400 14.438
119.420 14.451
119.440 14.464
119.460 14.477
119.480 14.489
119.500 14.502
119.520 14.515
119.540 14.528
119.560 14.540
119.580 14.553
119.600 14.566
119.620 14.579
119.640 14.591
119.660 14.604
119.680 14.617
119.700 14.630
119.720 14.643
119.740 14.656
119.760 14.670
119.780 14.684
119.800 14.698
119.820 14.712
119.840 14.726
119.860 14.740
119.880 14.754
119.900 14.768
119.920 14.782
119.940 14.796
119.960 14.810
119.980 14.824
120.000 14.838
120.020 14.852
120.040 14.866
120.060 14.880
120.080 14.894
120.100 14.908
120.120 14.922
120.140 14.936
120.160 14.950
120.180 14.964
120.200 14.978
120.220 14.992
120.240 15.006
120.260 15.020
120.280 15.034
120.300 15.048
120.320 15.062
120.340 15.076
120.360 15.090
120.380 15.104
120.400 15.118
120.420 15.132
120.440 15.146
120.460 15.160
120.480 15.174
120.500 15.188
120.520 15.202
120.540 15.216
120.560 15.230
120.580 15.244
120.600 15.258
120.620 15.272
120.640 15.286
120.660 15.300
120.680 15.314
120.700 15.328
120.720 15.342
120.740 15.356
120.760 15.370
120.780 15.384
120.800 15.398
120.820 15.412
120.840 15.426
120.860 15.440
120.880 15.454
120.900 15.468
120.920 15.482
120.940 15.496
120.960 15.510
120.980 15.524
121.000 15.538
121.020 15.552
121.040 15.566
121.060 15.580
121.080 15.594
121.100 15.608
121.120 15.622
121.140 15.636
121.160 15.650
121.180 15.664
121.200 15.678
121.220 15.692
121.240 15.706
121.260 15.720
121.280 15.734
121.300 15.748
121.320 15.762
121.340 15.776
121.360 15.790
121.380 15.804
121.400 15.818
121.420 15.832
121.440 15.846
121.460 15.860
121.480 15.874
121.500 15.888
121.520 15.902
121.540 15.916
121.560 15.930
121.580 15.944
121.600 15.958
121.620 15.972
121.640 15.986
121.660 16.000
121.680 16.014
121.700 16.028
121.720 16.042
121.740 16.056
121.760 16.070
121.780 16.084
121.800 16.098
121.820 16.112
121.840 16.126
121.860 16.140
121.880 16.154
121.900 16.168
121.920 16.182
121.940 16.196
121.960 16.210
121.980 16.224
122.000 16.238
122.020 16.252
122.040 16.266
122.060 16.280
122.080 16.294
122.100 16.308
122.120 16.322
122.140 16.336
122.160 16.350
122.180 16.364
122.200 16.378
122.220 16.392
122.240 16.406
122.260 16.420
122.280 16.434
122.300 16.448
122.320 16.462
122.340 16.476
122.360 16.490
122.380 16.504
122.400 16.518
122.420 16.532
122.440 16.546
122.460 16.560
122.480 16.574
122.500 16.588
122.520 16.601
122.540 16.615
122.560 16.629
122.580 16.643
122.600 16.657
122.620 16.671
122.640 16.685
122.660 16.699
122.680 16.713
122.700 16.727
122.720 16.741
122.740 16.755
122.760 16.769
122.780 16.783
122.800 16.797
122.820 16.811
122.840 16.825
122.860 16.839
122.880 16.853
122.900 16.867
122.920 16.881
122.940 16.895
122.960 16.909
122.980 16.923
123.000 16.937
123.020 16.951
123.040 16.965
123.060 16.979
123.080 16.993
123.100 17.007
123.120 17.021
123.140 17.035
123.160 17.049
123.180 17.063
123.200 17.077
123.220 17.091
123.240 17.105
123.260 17.119
123.280 17.133
123.300 17.147
123.320 17.161
123.340 17.175
123.360 17.189
123.380 17.203
123.400 17.217
123.420 17.231
123.440 17.245
123.460 17.259
123.480 17.273
123.500 17.287
123.520 17.301
123.540 17.315
123.560 17.329
123.580 17.343
123.600 17.357
123.620 17.371
123.640 17.385
123.660 17.399
123.680 17.413
123.700 17.427
123.720 17.441
123.740 17.455
123.760 17.469
123.780 17.483
123.800 17.497
123.820 17.511
123.840 17.525
123.860 17.539
123.880 17.553
123.900 17.567
123.920 17.581
123.940 17.595
123.960 17.609
123.980 17.623
124.000 17.637
124.020 17.651
124.040 17.665
124.060 17.679
124.080 17.693
124.100 17.707
124.120 17.721
124.140 17.735
124.160 17.749
124.180 17.763
124.200 17.777
124.220 17.791
124.240 17.805
124.260 17.819
124.280 17.833
124.300 17.847
124.320 17.861
124.340 17.875
124.360 17.889
124.380 17.903
124.400 17.917
124.420 17.931
124.440 17.945
124.460 17.959
124.480 17.973
124.500 17.987
124.520 18.001
124.540 18.015
124.560 18.029
124.580 18.043
124.600 18.057
124.620 18.071
124.640 18.087
124.660 18.102
124.680 18.117
124.700 18.132
124.720 18.147
124.740 18.162
124.760 18.177
124.780 18.192
124.800 18.207
124.820 18.222
124.840 18.237
124.860 18.252
124.880 18.267
124.900 18.282
124.920 18.297
124.940 18.312
124.960 18.328
124.980 18.343
125.000 18.358
125.020 18.373
125.040 18.388
125.060 18.403
125.080 18.418
125.100 18.433
125.120 18.448
125.140 18.463
125.160 18.478
125.180 18.493
125.200 18.508
125.220 18.523
125.240 18.538
125.260 18.553
125.280 18.569
125.300 18.584
125.320 18.599
125.340 18.614
125.360 18.629
125.380 18.644
125.400 18.659
125.420 18.674
125.440 18.689
125.460 18.704
125.480 18.719
125.500 18.734
125.520 18.749
125.540 18.764
125.560 18.779
125.580 18.794
125.600 18.810
125.620 18.825
125.640 18.840
125.660 18.855
125.680 18.870
125.700 18.885
125.720 18.900
125.740 18.915
125.760 18.930
125.780 18.945
125.800 18.960
125.820 18.975
125.840 18.990
125.860 19.005
125.880 19.020
125.900 19.036
125.920 19.051
125.940 19.066
125.960 19.081
125.980 19.096
126.000 19.111
126.020 19.126
126.040 19.141
126.060 19.156
126.080 19.171
126.100 19.186
126.120 19.201
126.140 19.216
126.160 19.231
126.180 19.246
126.200 19.261
126.220 19.277
126.240 19.292
126.260 19.307
126.280 19.322
126.300 19.337
126.320 19.352
126.340 19.367
126.360 19.382
126.380 19.397
126.400 19.412
126.420 19.427
126.440 19.442
126.460 19.457
126.480 19.472
126.500 19.487
126.520 19.502
126.540 19.518
126.560 19.533
126.580 19.548
126.600 19.563
126.620 19.578
126.640 19.593
126.660 19.608
126.680 19.623
126.700 19.638
126.720 19.653
126.740 19.668
126.760 19.683
126.780 19.698
126.800 19.713
126.820 19.728
126.840 19.743
126.860 19.759
126.880 19.774
126.900 19.789
126.920 19.804
126.940 19.819
126.960 19.834
126.980 19.849
127.000 19.864
127.020 19.879
127.040 19.894
127.060 19.909
127.080 19.924
127.100 19.939
127.120 19.954
127.140 19.969
127.160 19.985
127.180 20.000
127.200 20.015
127.220 20.030
127.240 20.045
127.260 20.060
127.280 20.075
127.300 20.090
127.320 20.105
127.340 20.120
127.360 20.135
127.380 20.150
127.400 20.165
127.420 20.180
127.440 20.195
127.460 20.210
127.480 20.226
127.500 20.241
127.520 20.256
127.540 20.271
127.560 20.286
127.580 20.301
127.600 20.316
127.620 20.331
127.640 20.346
127.660 20.361
127.680 20.376
127.700 20.391
127.720 20.406
127.740 20.421
127.760 20.436
127.780 20.451
127.800 20.467
127.820 20.482
127.840 20.497
127.860 20.512
127.880 20.527
127.900 20.542
127.920 20.557
127.940 20.572
127.960 20.587
127.980 20.602
128.000 20.617
128.020 20.632
128.040 20.647
128.060 20.662
128.080 20.677
128.100 20.692
128.120 20.708
128.140 20.723
128.160 20.738
128.180 20.753
128.200 20.768
128.220 20.783
128.240 20.798
128.260 20.813
128.280 20.828
128.300 20.843
128.320 20.858
128.340 20.873
128.360 20.888
128.380 20.903
128.400 20.918
128.420 20.933
128.440 20.949
128.460 20.964
128.480 20.979
128.500 20.994
128.520 21.009
128.540 21.024
128.560 21.039
128.580 21.054
128.600 21.069
128.620 21.084
128.640 21.099
128.660 21.114
128.680 21.129
128.700 21.144
128.720 21.159
128.740 21.175
128.760 21.190
128.780 21.205
128.800 21.220
128.820 21.235
128.840 21.250
128.860 21.265
128.880 21.280
128.900 21.295
128.920 21.310
128.940 21.325
128.960 21.340
128.980 21.355
129.000 21.370
129.020 21.385
129.040 21.400
129.060 21.416
129.080 21.431
129.100 21.446
129.120 21.461
129.140 21.476
129.160 21.491
129.180 21.506
129.200 21.521
129.220 21.536
129.240 21.551
129.260 21.566
129.280 21.581
129.300 21.596
129.320 21.611
129.340 21.626
129.360 21.641
129.380 21.657
129.400 21.672
129.420 21.687
129.440 21.702
129.460 21.717
129.480 21.732
129.500 21.747
129.520 21.762
129.540 21.777
129.560 21.792
129.580 21.807
129.600 21.822
129.620 21.837
129.640 21.852
129.660 21.867
129.680 21.882
129.700 21.898
129.720 21.914
129.740 21.930
129.760 21.946
129.780 21.962
129.800 21.978
129.820 21.994
129.840 22.010
129.860 22.026
129.880 22.041
129.900 22.057
129.920 22.073
129.940 22.089
129.960 22.105
129.980 22.121
130.000 22.137
130.020 22.153
130.040 22.169
130.060 22.185
130.080 22.201
130.100 22.217
130.120 22.233
130.140 22.249
130.160 22.265
130.180 22.281
130.200 22.297
130.220 22.313
130.240 22.329
130.260 22.345
130.280 22.361
130.300 22.377
130.320 22.393
130.340 22.409
130.360 22.424
130.380 22.440
130.400 22.456
130.420 22.472
130.440 22.488
130.460 22.504
130.480 22.520
130.500 22.536
130.520 22.552
130.540 22.568
130.560 22.584
130.580 22.600
130.600 22.616
130.620 22.632
130.640 22.648
130.660 22.664
130.680 22.680
130.700 22.696
130.720 22.712
130.740 22.728
130.760 22.744
130.780 22.760
130.800 22.776
130.820 22.792
130.840 22.807
130.860 22.823
130.880 22.839
130.900 22.855
130.920 22.871
130.940 22.887
130.960 22.903
130.980 22.919
131.000 22.935
131.020 22.951
131.040 22.967
131.060 22.983
131.080 22.999
131.100 23.015
131.120 23.031
131.140 23.047
131.160 23.063
131.180 23.079
131.200 23.095
131.220 23.111
131.240 23.127
131.260 23.143
131.280 23.159
131.300 23.175
131.320 23.190
131.340 23.206
131.360 23.222
131.380 23.238
131.400 23.254
131.420 23.270
131.440 23.286
131.460 23.302
131.480 23.318
131.500 23.334
131.520 23.350
131.540 23.366
131.560 23.382
131.580 23.398
131.600 23.414
131.620 23.430
131.640 23.446
131.660 23.462
131.680 23.478
131.700 23.494
131.720 23.510
131.740 23.526
131.760 23.542
131.780 23.558
131.800 23.573
131.820 23.589
131.840 23.605
131.860 23.621
131.880 23.637
131.900 23.653
131.920 23.669
131.940 23.685
131.960 23.701
131.980 23.717
132.000 23.733
132.020 23.749
132.040 23.765
132.060 23.781
132.080 23.797
132.100 23.813
132.120 23.829
132.140 23.845
132.160 23.861
132.180 23.877
132.200 23.893
132.220 23.909
132.240 23.925
132.260 23.941
132.280 23.956
132.300 23.972
132.320 23.988
132.340 24.004
132.360 24.020
132.380 24.036
132.400 24.052
132.420 24.068
132.440 24.084
132.460 24.100
132.480 24.116
132.500 24.132
132.520 24.148
132.540 24.164
132.560 24.180
132.580 24.196
132.600 24.212
132.620 24.228
132.640 24.244
132.660 24.260
132.680 24.276
132.700 24.292
132.720 24.308
132.740 24.324
132.760 24.339
132.780 24.355
132.800 24.371
132.820 24.387
132.840 24.403
132.860 24.419
132.880 24.435
132.900 24.451
132.920 24.467
132.940 24.483
132.960 24.499
132.980 24.515
133.000 24.531
133.020 24.547
133.040 24.563
133.060 24.579
133.080 24.595
133.100 24.611
133.120 24.627
133.140 24.643
133.160 24.659
133.180 24.675
133.200 24.691
133.220 24.707
133.240 24.722
133.260 24.738
133.280 24.754
133.300 24.770
133.320 24.786
133.340 24.802
133.360 24.818
133.380 24.834
133.400 24.850
133.420 24.866
133.440 24.882
133.460 24.898
133.480 24.914
133.500 24.930
133.520 24.946
133.540 24.962
133.560 24.978
133.580 24.994
133.600 25.010
133.620 25.026
133.640 25.042
133.660 25.058
133.680 25.074
133.700 25.090
133.720 25.105
133.740 25.121
133.760 25.137
133.780 25.153
133.800 25.169
133.820 25.185
133.840 25.201
133.860 25.217
133.880 25.233
133.900 25.249
133.920 25.265
133.940 25.281
133.960 25.297
133.980 25.313
134.000 25.329
134.020 25.345
134.040 25.361
134.060 25.377
134.080 25.393
134.100 25.409
134.120 25.425
134.140 25.441
134.160 25.457
134.180 25.473
134.200 25.488
134.220 25.504
134.240 25.520
134.260 25.536
134.280 25.552
134.300 25.568
134.320 25.584
134.340 25.600
134.360 25.616
134.380 25.632
134.400 25.648
134.420 25.664
134.440 25.680
134.460 25.696
134.480 25.712
134.500 25.728
134.520 25.744
134.540 25.760
134.560 25.776
134.580 25.792
134.600 25.808
134.620 25.824
134.640 25.840
134.660 25.856
134.680 25.871
134.700 25.887
134.720 25.903
134.740 25.919
134.760 25.935
134.780 25.951
134.800 25.967
134.820 25.983
134.840 25.999
134.860 26.015
134.880 26.031
134.900 26.047
134.920 26.063
134.940 26.079
134.960 26.095
134.980 26.111
135.000 26.127
135.020 26.144
135.040 26.161
135.060 26.177
135.080 26.194
135.100 26.211
135.120 26.227
135.140 26.244
135.160 26.261
135.180 26.277
135.200 26.294
135.220 26.311
135.240 26.327
135.260 26.344
135.280 26.361
135.300 26.377
135.320 26.394
135.340 26.411
135.360 26.428
135.380 26.444
135.400 26.461
135.420 26.478
135.440 26.494
135.460 26.511
135.480 26.528
135.500 26.544
135.520 26.561
135.540 26.578
135.560 26.594
135.580 26.611
135.600 26.628
135.620 26.644
135.640 26.661
135.660 26.678
135.680 26.694
135.700 26.711
135.720 26.728
135.740 26.744
135.760 26.761
135.780 26.778
135.800 26.794
135.820 26.811
135.840 26.828
135.860 26.844
135.880 26.861
135.900 26.878
135.920 26.894
135.940 26.911
135.960 26.928
135.980 26.945
136.000 26.961
136.020 26.978
136.040 26.995
136.060 27.011
136.080 27.028
136.100 27.045
136.120 27.061
136.140 27.078
136.160 27.095
136.180 27.111
136.200 27.128
136.220 27.145
136.240 27.161
136.260 27.178
136.280 27.195
136.300 27.211
136.320 27.228
136.340 27.245
136.360 27.261
136.380 27.278
136.400 27.295
136.420 27.311
136.440 27.328
136.460 27.345
136.480 27.361
136.500 27.378
136.520 27.395
136.540 27.411
136.560 27.428
136.580 27.445
136.600 27.462
136.620 27.478
136.640 27.495
136.660 27.512
136.680 27.528
136.700 27.545
136.720 27.562
136.740 27.578
136.760 27.595
136.780 27.612
136.800 27.628
136.820 27.645
136.840 27.662
136.860 27.678
136.880 27.695
136.900 27.712
136.920 27.728
136.940 27.745
136.960 27.762
136.980 27.778
137.000 27.795
137.020 27.812
137.040 27.828
137.060 27.845
137.080 27.862
137.100 27.878
137.120 27.895
137.140 27.912
137.160 27.928
137.180 27.945
137.200 27.962
137.220 27.979
137.240 27.995
137.260 28.012
137.280 28.029
137.300 28.045
137.320 28.062
137.340 28.079
137.360 28.095
137.380 28.112
137.400 28.129
137.420 28.145
137.440 28.162
137.460 28.179
137.480 28.195
137.500 28.212
137.520 28.229
137.540 28.245
137.560 28.262
137.580 28.279
137.600 28.295
137.620 28.312
137.640 28.329
137.660 28.345
137.680 28.362
137.700 28.379
137.720 28.395
137.740 28.412
137.760 28.429
137.780 28.445
137.800 28.462
137.820 28.479
137.840 28.496
137.860 28.512
137.880 28.529
137.900 28.546
137.920 28.562
137.940 28.579
137.960 28.596
137.980 28.612
138.000 28.629
138.020 28.646
138.040 28.662
138.060 28.679
138.080 28.696
138.100 28.712
138.120 28.729
138.140 28.746
138.160 28.762
138.180 28.779
138.200 28.796
138.220 28.812
138.240 28.829
138.260 28.846
138.280 28.862
138.300 28.879
138.320 28.896
138.340 28.912
138.360 28.929
138.380 28.946
138.400 28.962
138.420 28.979
138.440 28.996
138.460 29.013
138.480 29.029
138.500 29.046
138.520 29.063
138.540 29.079
138.560 29.096
138.580 29.113
138.600 29.129
138.620 29.146
138.640 29.163
138.660 29.179
138.680 29.196
138.700 29.213
138.720 29.229
138.740 29.246
138.760 29.263
138.780 29.279
138.800 29.296
138.820 29.313
138.840 29.329
138.860 29.346
138.880 29.363
138.900 29.379
138.920 29.396
138.940 29.413
138.960 29.429
138.980 29.446
139.000 29.463
139.020 29.480
139.040 29.496
139.060 29.513
139.080 29.530
139.100 29.546
139.120 29.563
139.140 29.580
139.160 29.596
139.180 29.613
139.200 29.630
139.220 29.646
139.240 29.663
139.260 29.680
139.280 29.696
139.300 29.713
139.320 29.730
139.340 29.746
139.360 29.763
139.380 29.780
139.400 29.796
139.420 29.813
139.440 29.830
139.460 29.846
139.480 29.863
139.500 29.880
139.520 29.896
139.540 29.913
139.560 29.930
139.580 29.946
139.600 29.963
139.620 29.980
139.640 29.997
139.660 30.013
139.680 30.030
139.700 30.047
139.720 30.063
139.740 30.080
139.760 30.097
139.780 30.113
139.800 30.130
139.820 30.147
139.840 30.163
139.860 30.180
139.880 30.197
139.900 30.213
139.920 30.230
139.940 30.247
139.960 30.263
139.980 30.280
140.000 30.297
140.020 30.313
140.040 30.330
140.060 30.347
140.080 30.363
140.100 30.380
140.120 30.397
140.140 30.413
140.160 30.430
140.180 30.447
140.200 30.463
140.220 30.480
140.240 30.497
140.260 30.514
140.280 30.530
140.300 30.547
140.320 30.564
140.340 30.580
140.360 30.597
140.380 30.614
140.400 30.630
140.420 30.647
140.440 30.664
140.460 30.680
140.480 30.697
140.500 30.714
140.520 30.731
140.540 30.748
140.560 30.765
140.580 30.783
140.600 30.800
140.620 30.817
140.640 30.834
140.660 30.852
140.680 30.869
140.700 30.886
140.720 30.903
140.740 30.921
140.760 30.938
140.780 30.955
140.800 30.972
140.820 30.990
140.840 31.007
140.860 31.024
140.880 31.041
140.900 31.058
140.920 31.076
140.940 31.093
140.960 31.110
140.980 31.127
141.000 31.145
141.020 31.162
141.040 31.179
141.060 31.196
141.080 31.214
141.100 31.231
141.120 31.248
141.140 31.265
141.160 31.282
141.180 31.300
141.200 31.317
141.220 31.334
141.240 31.351
141.260 31.369
141.280 31.386
141.300 31.403
141.320 31.420
141.340 31.438
141.360 31.455
141.380 31.472
141.400 31.489
141.420 31.506
141.440 31.524
141.460 31.541
141.480 31.558
141.500 31.575
141.520 31.593
141.540 31.610
141.560 31.627
141.580 31.644
141.600 31.662
141.620 31.679
141.640 31.696
141.660 31.713
141.680 31.731
141.700 31.748
141.720 31.765
141.740 31.782
141.760 31.799
141.780 31.817
141.800 31.834
141.820 31.851
141.840 31.868
141.860 31.886
141.880 31.903
141.900 31.920
141.920 31.937
141.940 31.955
141.960 31.972
141.980 31.989
142.000 32.006
142.020 32.023
142.040 32.041
142.060 32.058
142.080 32.075
142.100 32.092
142.120 32.110
142.140 32.127
142.160 32.144
142.180 32.161
142.200 32.179
142.220 32.196
142.240 32.213
142.260 32.230
142.280 32.247
142.300 32.265
142.320 32.282
142.340 32.299
142.360 32.316
142.380 32.334
142.400 32.351
142.420 32.368
142.440 32.385
142.460 32.403
142.480 32.420
142.500 32.437
142.520 32.454
142.540 32.472
142.560 32.489
142.580 32.506
142.600 32.523
142.620 32.540
142.640 32.558
142.660 32.575
142.680 32.592
142.700 32.609
142.720 32.627
142.740 32.644
142.760 32.661
142.780 32.678
142.800 32.696
142.820 32.713
142.840 32.730
142.860 32.747
142.880 32.764
142.900 32.782
142.920 32.799
142.940 32.816
142.960 32.833
142.980 32.851
143.000 32.868
143.020 32.885
143.040 32.902
143.060 32.920
143.080 32.937
143.100 32.954
143.120 32.971
143.140 32.988
143.160 33.006
143.180 33.023
143.200 33.040
143.220 33.057
143.240 33.075
143.260 33.092
143.280 33.109
143.300 33.126
143.320 33.144
143.340 33.161
143.360 33.178
143.380 33.195
143.400 33.213
143.420 33.230
143.440 33.247
143.460 33.264
143.480 33.281
143.500 33.299
143.520 33.316
143.540 33.333
143.560 33.350
143.580 33.368
143.600 33.385
143.620 33.402
143.640 33.419
143.660 33.437
143.680 33.454
143.700 33.471
143.720 33.488
143.740 33.505
143.760 33.523
143.780 33.540
143.800 33.557
143.820 33.574
143.840 33.592
143.860 33.609
143.880 33.626
143.900 33.643
143.920 33.661
143.940 33.678
143.960 33.695
143.980 33.712
144.000 33.729
144.020 33.747
144.040 33.764
144.060 33.781
144.080 33.798
144.100 33.816
144.120 33.833
144.140 33.850
144.160 33.867
144.180 33.885
144.200 33.902
144.220 33.919
144.240 33.936
144.260 33.954
144.280 33.971
144.300 33.988
144.320 34.005
144.340 34.022
144.360 34.040
144.380 34.057
144.400 34.074
144.420 34.091
144.440 34.109
144.460 34.126
144.480 34.143
144.500 34.160
144.520 34.178
144.540 34.195
144.560 34.212
144.580 34.229
144.600 34.246
144.620 34.264
144.640 34.281
144.660 34.298
144.680 34.315
144.700 34.333
144.720 34.350
144.740 34.367
144.760 34.384
144.780 34.402
144.800 34.419
144.820 34.436
144.840 34.453
144.860 34.470
144.880 34.488
144.900 34.505
144.920 34.522
144.940 34.539
144.960 34.557
144.980 34.574
145.000 34.591
145.020 34.608
145.040 34.626
145.060 34.643
145.080 34.660
145.100 34.677
145.120 34.695
145.140 34.712
145.160 34.729
145.180 34.746
145.200 34.763
145.220 34.781
145.240 34.798
145.260 34.815
145.280 34.832
145.300 34.850
145.320 34.867
145.340 34.884
145.360 34.901
145.380 34.919
145.400 34.936
145.420 34.953
145.440 34.970
145.460 34.987
145.480 35.005
145.500 35.022
145.520 35.039
145.540 35.056
145.560 35.074
145.580 35.091
145.600 35.108
145.620 35.125
145.640 35.143
145.660 35.160
145.680 35.177
145.700 35.194
145.720 35.211
145.740 35.229
145.760 35.246
145.780 35.263
145.800 35.280
145.820 35.298
145.840 35.315
145.860 35.332
145.880 35.349
145.900 35.367
145.920 35.384
145.940 35.401
145.960 35.418
145.980 35.436
146.000 35.453
146.020 35.470
146.040 35.487
146.060 35.504
146.080 35.522
146.100 35.539
146.120 35.556
146.140 35.573
146.160 35.591
146.180 35.608
146.200 35.625
146.220 35.642
146.240 35.660
146.260 35.677
146.280 35.695
146.300 35.713
146.320 35.730
146.340 35.748
146.360 35.766
146.380 35.783
146.400 35.801
146.420 35.819
146.440 35.836
146.460 35.854
146.480 35.872
146.500 35.889
146.520 35.907
146.540 35.924
146.560 35.942
146.580 35.960
146.600 35.977
146.620 35.995
146.640 36.013
146.660 36.030
146.680 36.048
146.700 36.066
146.720 36.083
146.740 36.101
146.760 36.119
146.780 36.136
146.800 36.154
146.820 36.171
146.840 36.189
146.860 36.207
146.880 36.224
146.900 36.242
146.920 36.260
146.940 36.277
146.960 36.295
146.980 36.313
147.000 36.330
147.020 36.348
147.040 36.366
147.060 36.383
147.080 36.401
147.100 36.418
147.120 36.436
147.140 36.454
147.160 36.471
147.180 36.489
147.200 36.507
147.220 36.524
147.240 36.542
147.260 36.560
147.280 36.577
147.300 36.595
147.320 36.613
147.340 36.630
147.360 36.648
147.380 36.665
147.400 36.683
147.420 36.701
147.440 36.718
147.460 36.736
147.480 36.754
147.500 36.771
147.520 36.789
147.540 36.807
147.560 36.824
147.580 36.842
147.600 36.860
147.620 36.877
147.640 36.895
147.660 36.913
147.680 36.930
147.700 36.948
147.720 36.965
147.740 36.983
147.760 37.001
147.780 37.018
147.800 37.036
147.820 37.054
147.840 37.071
147.860 37.089
147.880 37.107
147.900 37.124
147.920 37.142
147.940 37.160
147.960 37.177
147.980 37.195
148.000 37.212
148.020 37.230
148.040 37.248
148.060 37.265
148.080 37.283
148.100 37.301
148.120 37.318
148.140 37.336
148.160 37.354
148.180 37.371
148.200 37.389
148.220 37.407
148.240 37.424
148.260 37.442
148.280 37.459
148.300 37.477
148.320 37.495
148.340 37.512
148.360 37.530
148.380 37.548
148.400 37.565
148.420 37.583
148.440 37.601
148.460 37.618
148.480 37.636
148.500 37.654
148.520 37.671
148.540 37.689
148.560 37.707
148.580 37.724
148.600 37.742
148.620 37.759
148.640 37.777
148.660 37.795
148.680 37.812
148.700 37.830
148.720 37.848
148.740 37.865
148.760 37.883
148.780 37.901
148.800 37.918
148.820 37.936
148.840 37.954
148.860 37.971
148.880 37.989
148.900 38.006
148.920 38.024
148.940 38.042
148.960 38.059
148.980 38.077
149.000 38.095
149.020 38.112
149.040 38.130
149.060 38.148
149.080 38.165
149.100 38.183
149.120 38.201
149.140 38.218
149.160 38.236
149.180 38.253
149.200 38.271
149.220 38.289
149.240 38.306
149.260 38.324
149.280 38.342
149.300 38.359
149.320 38.377
149.340 38.395
149.360 38.412
149.380 38.430
149.400 38.448
149.420 38.465
149.440 38.483
149.460 38.500
149.480 38.518
149.500 38.536
149.520 38.553
149.540 38.571
149.560 38.589
149.580 38.606
149.600 38.624
149.620 38.642
149.640 38.659
149.660 38.677
149.680 38.695
149.700 38.712
149.720 38.730
149.740 38.748
149.760 38.765
149.780 38.783
149.800 38.800
149.820 38.818
149.840 38.836
149.860 38.853
149.880 38.871
149.900 38.889
149.920 38.906
149.940 38.924
149.960 38.942
149.980 38.959
150.000 38.977
150.020 38.995
150.040 39.012
150.060 39.030
150.080 39.047
150.100 39.065
150.120 39.083
150.140 39.100
150.160 39.118
150.180 39.136
150.200 39.153
150.220 39.171
150.240 39.189
150.260 39.206
150.280 39.224
150.300 39.242
150.320 39.259
150.340 39.277
150.360 39.294
150.380 39.312
150.400 39.330
150.420 39.347
150.440 39.365
150.460 39.383
150.480 39.400
150.500 39.418
150.520 39.436
150.540 39.453
150.560 39.471
150.580 39.489
150.600 39.506
150.620 39.524
150.640 39.542
150.660 39.559
150.680 39.577
150.700 39.594
150.720 39.612
150.740 39.630
150.760 39.647
150.780 39.665
150.800 39.683
150.820 39.700
150.840 39.718
150.860 39.736
150.880 39.753
150.900 39.771
150.920 39.789
150.940 39.806
150.960 39.824
150.980 39.841
151.000 39.859
151.020 39.877
151.040 39.894
151.060 39.912
151.080 39.930
151.100 39.947
151.120 39.965
151.140 39.983
151.160 40.000
151.180 40.018
151.200 40.036
151.220 40.053
151.240 40.071
151.260 40.088
151.280 40.106
151.300 40.124
151.320 40.141
151.340 40.159
151.360 40.177
151.380 40.194
151.400 40.212
151.420 40.230
151.440 40.247
151.460 40.265
151.480 40.283
151.500 40.300
151.520 40.318
151.540 40.335
151.560 40.353
151.580 40.371
151.600 40.388
151.620 40.406
151.640 40.424
151.660 40.441
151.680 40.459
151.700 40.477
151.720 40.494
151.740 40.512
151.760 40.530
151.780 40.547
151.800 40.565
151.820 40.583
151.840 40.600
151.860 40.618
151.880 40.635
151.900 40.653
151.920 40.671
151.940 40.688
151.960 40.706
151.980 40.724
152.000 40.741
152.020 40.759
152.040 40.777
152.060 40.794
152.080 40.812
152.100 40.830
152.120 40.847
152.140 40.865
152.160 40.882
152.180 40.900
152.200 40.918
152.220 40.936
152.240 40.954
152.260 40.972
152.280 40.990
152.300 41.007
152.320 41.025
152.340 41.043
152.360 41.061
152.380 41.079
152.400 41.097
152.420 41.115
152.440 41.133
152.460 41.151
152.480 41.169
152.500 41.187
152.520 41.205
152.540 41.223
152.560 41.241
152.580 41.259
152.600 41.277
152.620 41.294
152.640 41.312
152.660 41.330
152.680 41.348
152.700 41.366
152.720 41.384
152.740 41.402
152.760 41.420
152.780 41.438
152.800 41.456
152.820 41.474
152.840 41.492
152.860 41.510
152.880 41.528
152.900 41.546
152.920 41.564
152.940 41.581
152.960 41.599
152.980 41.617
153.000 41.635
153.020 41.653
153.040 41.671
153.060 41.689
153.080 41.707
153.100 41.725
153.120 41.743
153.140 41.761
153.160 41.779
153.180 41.797
153.200 41.815
153.220 41.833
153.240 41.851
153.260 41.868
153.280 41.886
153.300 41.904
153.320 41.922
153.340 41.940
153.360 41.958
153.380 41.976
153.400 41.994
153.420 42.012
153.440 42.030
153.460 42.048
153.480 42.066
153.500 42.084
153.520 42.102
153.540 42.120
153.560 42.138
153.580 42.155
153.600 42.173
153.620 42.191
153.640 42.209
153.660 42.227
153.680 42.245
153.700 42.263
153.720 42.281
153.740 42.299
153.760 42.317
153.780 42.335
153.800 42.353
153.820 42.371
153.840 42.389
153.860 42.407
153.880 42.425
153.900 42.442
153.920 42.460
153.940 42.478
153.960 42.496
153.980 42.514
154.000 42.532
154.020 42.550
154.040 42.568
154.060 42.586
154.080 42.604
154.100 42.622
154.120 42.640
154.140 42.658
154.160 42.676
154.180 42.694
154.200 42.712
154.220 42.729
154.240 42.747
154.260 42.765
154.280 42.783
154.300 42.801
154.320 42.819
154.340 42.837
154.360 42.855
154.380 42.873
154.400 42.891
154.420 42.909
154.440 42.927
154.460 42.945
154.480 42.963
154.500 42.981
154.520 42.999
154.540 43.016
154.560 43.034
154.580 43.052
154.600 43.070
154.620 43.088
154.640 43.106
154.660 43.124
154.680 43.142
154.700 43.160
154.720 43.178
154.740 43.196
154.760 43.214
154.780 43.232
154.800 43.250
154.820 43.268
154.840 43.286
154.860 43.303
154.880 43.321
154.900 43.339
154.920 43.357
154.940 43.375
154.960 43.393
154.980 43.411
155.000 43.429
155.020 43.447
155.040 43.465
155.060 43.483
155.080 43.501
155.100 43.519
155.120 43.537
155.140 43.555
155.160 43.573
155.180 43.590
155.200 43.608
155.220 43.626
155.240 43.644
155.260 43.662
155.280 43.680
155.300 43.698
155.320 43.716
155.340 43.734
155.360 43.752
155.380 43.770
155.400 43.788
155.420 43.806
155.440 43.824
155.460 43.842
155.480 43.860
155.500 43.877
155.520 43.895
155.540 43.913
155.560 43.931
155.580 43.949
155.600 43.967
155.620 43.985
155.640 44.003
155.660 44.021
155.680 44.039
155.700 44.057
155.720 44.075
155.740 44.093
155.760 44.111
155.780 44.129
155.800 44.146
155.820 44.164
155.840 44.182
155.860 44.200
155.880 44.218
155.900 44.236
155.920 44.254
155.940 44.272
155.960 44.290
155.980 44.308
156.000 44.326
156.020 44.344
156.040 44.362
156.060 44.380
156.080 44.398
156.100 44.416
156.120 44.433
156.140 44.451
156.160 44.469
156.180 44.487
156.200 44.505
156.220 44.523
156.240 44.541
156.260 44.559
156.280 44.577
156.300 44.595
156.320 44.613
156.340 44.631
156.360 44.649
156.380 44.667
156.400 44.685
156.420 44.703
156.440 44.720
156.460 44.738
156.480 44.756
156.500 44.774
156.520 44.792
156.540 44.810
156.560 44.828
156.580 44.846
156.600 44.864
156.620 44.882
156.640 44.900
156.660 44.918
156.680 44.936
156.700 44.954
156.720 44.972
156.740 44.990
156.760 45.007
156.780 45.025
156.800 45.043
156.820 45.061
156.840 45.079
156.860 45.097
156.880 45.115
156.900 45.133
156.920 45.151
156.940 45.169
156.960 45.187
156.980 45.205
157.000 45.223
157.020 45.241
157.040 45.259
157.060 45.277
157.080 45.294
157.100 45.312
157.120 45.330
157.140 45.348
157.160 45.366
157.180 45.384
157.200 45.402
157.220 45.420
157.240 45.438
157.260 45.456
157.280 45.474
157.300 45.492
157.320 45.510
157.340 45.528
157.360 45.546
157.380 45.564
157.400 45.581
157.420 45.599
157.440 45.617
157.460 45.635
157.480 45.653
157.500 45.671
157.520 45.689
157.540 45.707
157.560 45.725
157.580 45.743
157.600 45.761
157.620 45.779
157.640 45.797
157.660 45.815
157.680 45.833
157.700 45.851
157.720 45.868
157.740 45.886
157.760 45.904
157.780 45.922
157.800 45.940
157.820 45.958
157.840 45.976
157.860 45.994
157.880 46.012
157.900 46.030
157.920 46.048
157.940 46.066
157.960 46.084
157.980 46.102
158.000 46.120
158.020 46.138
158.040 46.155
158.060 46.173
158.080 46.191
158.100 46.209
158.120 46.227
158.140 46.245
158.160 46.263
158.180 46.281
158.200 46.299
158.220 46.317
158.240 46.335
158.260 46.353
158.280 46.371
158.300 46.389
158.320 46.407
158.340 46.425
158.360 46.442
158.380 46.460
158.400 46.478
158.420 46.496
158.440 46.515
158.460 46.533
158.480 46.551
158.500 46.569
158.520 46.587
158.540 46.605
158.560 46.623
158.580 46.641
158.600 46.660
158.620 46.678
158.640 46.696
158.660 46.714
158.680 46.732
158.700 46.750
158.720 46.768
158.740 46.787
158.760 46.805
158.780 46.823
158.800 46.841
158.820 46.859
158.840 46.877
158.860 46.895
158.880 46.914
158.900 46.932
158.920 46.950
158.940 46.968
158.960 46.986
158.980 47.004
159.000 47.022
159.020 47.041
159.040 47.059
159.060 47.077
159.080 47.095
159.100 47.113
159.120 47.131
159.140 47.149
159.160 47.167
159.180 47.186
159.200 47.204
159.220 47.222
159.240 47.240
159.260 47.258
159.280 47.276
159.300 47.294
159.320 47.313
159.340 47.331
159.360 47.349
159.380 47.367
159.400 47.385
159.420 47.403
159.440 47.421
159.460 47.440
159.480 47.458
159.500 47.476
159.520 47.494
159.540 47.512
159.560 47.530
159.580 47.548
159.600 47.566
159.620 47.585
159.640 47.603
159.660 47.621
159.680 47.639
159.700 47.657
159.720 47.675
159.740 47.693
159.760 47.712
159.780 47.730
159.800 47.748
159.820 47.766
159.840 47.784
159.860 47.802
159.880 47.820
159.900 47.839
159.920 47.857
159.940 47.875
159.960 47.893
159.980 47.911
160.000 47.929
160.020 47.947
160.040 47.966
160.060 47.984
160.080 48.002
160.100 48.020
160.120 48.038
160.140 48.056
160.160 48.074
160.180 48.092
160.200 48.111
160.220 48.129
160.240 48.147
160.260 48.165
160.280 48.183
160.300 48.201
160.320 48.219
160.340 48.238
160.360 48.256
160.380 48.274
160.400 48.292
160.420 48.310
160.440 48.328
160.460 48.346
160.480 48.365
160.500 48.383
160.520 48.401
160.540 48.419
160.560 48.437
160.580 48.455
160.600 48.473
160.620 48.492
160.640 48.510
160.660 48.528
160.680 48.546
160.700 48.564
160.720 48.582
160.740 48.600
160.760 48.618
160.780 48.637
160.800 48.655
160.820 48.673
160.840 48.691
160.860 48.709
160.880 48.727
160.900 48.745
160.920 48.764
160.940 48.782
160.960 48.800
160.980 48.818
161.000 48.836
161.020 48.854
161.040 48.872
161.060 48.891
161.080 48.909
161.100 48.927
161.120 48.945
161.140 48.963
161.160 48.981
161.180 48.999
161.200 49.017
161.220 49.036
161.240 49.054
161.260 49.072
161.280 49.090
161.300 49.108
161.320 49.126
161.340 49.144
161.360 49.163
161.380 49.181
161.400 49.199
161.420 49.217
161.440 49.235
161.460 49.253
161.480 49.271
161.500 49.290
161.520 49.308
161.540 49.326
161.560 49.344
161.580 49.362
161.600 49.380
161.620 49.398
161.640 49.417
161.660 49.435
161.680 49.453
161.700 49.471
161.720 49.489
161.740 49.507
161.760 49.525
161.780 49.543
161.800 49.562
161.820 49.580
161.840 49.598
161.860 49.616
161.880 49.634
161.900 49.652
161.920 49.670
161.940 49.689
161.960 49.707
161.980 49.725
162.000 49.743
162.020 49.761
162.040 49.779
162.060 49.797
162.080 49.816
162.100 49.834
162.120 49.852
162.140 49.870
162.160 49.888
162.180 49.906
162.200 49.924
162.220 49.942
162.240 49.961
162.260 49.979
162.280 49.997
162.300 50.015
162.320 50.033
162.340 50.051
162.360 50.069
162.380 50.088
162.400 50.106
162.420 50.124
162.440 50.142
162.460 50.160
162.480 50.178
162.500 50.196
162.520 50.215
162.540 50.233
162.560 50.251
162.580 50.269
162.600 50.287
162.620 50.305
162.640 50.323
162.660 50.342
162.680 50.360
162.700 50.378
162.720 50.396
162.740 50.414
162.760 50.432
162.780 50.450
162.800 50.468
162.820 50.487
162.840 50.505
162.860 50.523
162.880 50.541
162.900 50.559
162.920 50.577
162.940 50.595
162.960 50.614
162.980 50.632
163.000 50.650
163.020 50.668
163.040 50.686
163.060 50.704
163.080 50.722
163.100 50.741
163.120 50.759
163.140 50.777
163.160 50.795
163.180 50.813
163.200 50.831
163.220 50.849
163.240 50.868
163.260 50.886
163.280 50.904
163.300 50.922
163.320 50.940
163.340 50.958
163.360 50.976
163.380 50.994
163.400 51.013
163.420 51.031
163.440 51.049
163.460 51.067
163.480 51.085
163.500 51.103
163.520 51.121
163.540 51.140
163.560 51.158
163.580 51.176
163.600 51.194
163.620 51.212
163.640 51.230
163.660 51.248
163.680 51.267
163.700 51.285
163.720 51.303
163.740 51.321
163.760 51.339
163.780 51.357
163.800 51.375
163.820 51.393
163.840 51.412
163.860 51.430
163.880 51.448
163.900 51.466
163.920 51.484
163.940 51.502
163.960 51.520
163.980 51.539
164.000 51.557
164.020 51.575
164.040 51.593
164.060 51.611
164.080 51.629
164.100 51.647
164.120 51.666
164.140 51.684
164.160 51.702
164.180 51.720
164.200 51.738
164.220 51.756
164.240 51.774
164.260 51.793
164.280 51.811
164.300 51.829
164.320 51.847
164.340 51.865
164.360 51.883
164.380 51.901
164.400 51.919
164.420 51.938
164.440 51.956
164.460 51.974
164.480 51.992
164.500 52.010
164.520 52.028
164.540 52.046
164.560 52.065
164.580 52.083
164.600 52.101
164.620 52.119
164.640 52.137
164.660 52.155
164.680 52.173
164.700 52.192
164.720 52.210
164.740 52.228
164.760 52.246
164.780 52.264
164.800 52.282
164.820 52.300
164.840 52.318
164.860 52.337
164.880 52.355
164.900 52.373
164.920 52.391
164.940 52.410
164.960 52.428
164.980 52.446
165.000 52.464
165.020 52.483
165.040 52.501
165.060 52.519
165.080 52.538
165.100 52.556
165.120 52.574
165.140 52.592
165.160 52.611
165.180 52.629
165.200 52.647
165.220 52.665
165.240 52.684
165.260 52.702
165.280 52.720
165.300 52.738
165.320 52.757
165.340 52.775
165.360 52.793
165.380 52.812
165.400 52.830
165.420 52.848
165.440 52.866
165.460 52.885
165.480 52.903
165.500 52.921
165.520 52.939
165.540 52.958
165.560 52.976
165.580 52.994
165.600 53.012
165.620 53.031
165.640 53.049
165.660 53.067
165.680 53.086
165.700 53.104
165.720 53.122
165.740 53.140
165.760 53.159
165.780 53.177
165.800 53.195
165.820 53.213
165.840 53.232
165.860 53.250
165.880 53.268
165.900 53.287
165.920 53.305
165.940 53.323
165.960 53.341
165.980 53.360
166.000 53.378
166.020 53.396
166.040 53.414
166.060 53.433
166.080 53.451
166.100 53.469
166.120 53.487
166.140 53.506
166.160 53.524
166.180 53.542
166.200 53.561
166.220 53.579
166.240 53.597
166.260 53.615
166.280 53.634
166.300 53.652
166.320 53.670
166.340 53.688
166.360 53.707
166.380 53.725
166.400 53.743
166.420 53.762
166.440 53.780
166.460 53.798
166.480 53.816
166.500 53.835
166.520 53.853
166.540 53.871
166.560 53.889
166.580 53.908
166.600 53.926
166.620 53.944
166.640 53.962
166.660 53.981
166.680 53.999
166.700 54.017
166.720 54.036
166.740 54.054
166.760 54.072
166.780 54.090
166.800 54.109
166.820 54.127
166.840 54.145
166.860 54.163
166.880 54.182
166.900 54.200
166.920 54.218
166.940 54.236
166.960 54.255
166.980 54.273
167.000 54.291
167.020 54.310
167.040 54.328
167.060 54.346
167.080 54.364
167.100 54.383
167.120 54.401
167.140 54.419
167.160 54.437
167.180 54.456
167.200 54.474
167.220 54.492
167.240 54.511
167.260 54.529
167.280 54.547
167.300 54.565
167.320 54.584
167.340 54.602
167.360 54.620
167.380 54.638
167.400 54.657
167.420 54.675
167.440 54.693
167.460 54.711
167.480 54.730
167.500 54.748
167.520 54.766
167.540 54.785
167.560 54.803
167.580 54.821
167.600 54.839
167.620 54.858
167.640 54.876
167.660 54.894
167.680 54.912
167.700 54.931
167.720 54.949
167.740 54.967
167.760 54.986
167.780 55.004
167.800 55.022
167.820 55.040
167.840 55.059
167.860 55.077
167.880 55.095
167.900 55.113
167.920 55.132
167.940 55.150
167.960 55.168
167.980 55.186
168.000 55.205
168.020 55.223
168.040 55.241
168.060 55.260
168.080 55.278
168.100 55.296
168.120 55.314
168.140 55.333
168.160 55.351
168.180 55.369
168.200 55.387
168.220 55.406
168.240 55.424
168.260 55.442
168.280 55.460
168.300 55.479
168.320 55.497
168.340 55.515
168.360 55.534
168.380 55.552
168.400 55.570
168.420 55.588
168.440 55.607
168.460 55.625
168.480 55.643
168.500 55.661
168.520 55.680
168.540 55.698
168.560 55.716
168.580 55.735
168.600 55.753
168.620 55.771
168.640 55.789
168.660 55.808
168.680 55.826
168.700 55.844
168.720 55.862
168.740 55.881
168.760 55.899
168.780 55.917
168.800 55.935
168.820 55.954
168.840 55.972
168.860 55.990
168.880 56.009
168.900 56.027
168.920 56.045
168.940 56.063
168.960 56.082
168.980 56.100
169.000 56.118
169.020 56.136
169.040 56.155
169.060 56.173
169.080 56.191
169.100 56.210
169.120 56.228
169.140 56.246
169.160 56.264
169.180 56.283
169.200 56.301
169.220 56.319
169.240 56.337
169.260 56.356
169.280 56.374
169.300 56.392
169.320 56.410
169.340 56.429
169.360 56.447
169.380 56.465
169.400 56.484
169.420 56.502
169.440 56.520
169.460 56.538
169.480 56.557
169.500 56.575
169.520 56.593
169.540 56.611
169.560 56.630
169.580 56.648
169.600 56.666
169.620 56.684
169.640 56.703
169.660 56.721
169.680 56.739
169.700 56.758
169.720 56.776
169.740 56.794
169.760 56.812
169.780 56.831
169.800 56.849
169.820 56.867
169.840 56.885
169.860 56.904
169.880 56.922
169.900 56.940
169.920 56.959
169.940 56.977
169.960 56.995
169.980 57.013
170.000 57.032
170.020 57.050
170.040 57.068
170.060 57.086
170.080 57.105
170.100 57.123
170.120 57.141
170.140 57.159
170.160 57.178
170.180 57.196
170.200 57.214
170.220 57.233
170.240 57.251
170.260 57.269
170.280 57.287
170.300 57.306
170.320 57.324
170.340 57.342
170.360 57.360
170.380 57.379
170.400 57.397
170.420 57.415
170.440 57.434
170.460 57.452
170.480 57.470
170.500 57.488
170.520 57.507
170.540 57.525
170.560 57.543
170.580 57.561
170.600 57.580
170.620 57.598
170.640 57.616
170.660 57.634
170.680 57.653
170.700 57.671
170.720 57.689
170.740 57.708
170.760 57.726
170.780 57.744
170.800 57.762
170.820 57.781
170.840 57.799
170.860 57.817
170.880 57.835
170.900 57.854
170.920 57.872
170.940 57.890
170.960 57.908
170.980 57.927
171.000 57.945
171.020 57.963
171.040 57.982
171.060 58.000
171.080 58.018
171.100 58.036
171.120 58.055
171.140 58.073
171.160 58.091
171.180 58.109
171.200 58.128
171.220 58.146
171.240 58.164
171.260 58.183
171.280 58.201
171.300 58.219
171.320 58.237
171.340 58.256
171.360 58.274
171.380 58.292
171.400 58.310
171.420 58.329
171.440 58.347
171.460 58.365
171.480 58.383
171.500 58.402
171.520 58.420
171.540 58.438
171.560 58.457
171.580 58.475
171.600 58.493
171.620 58.511
171.640 58.530
171.660 58.548
171.680 58.566
171.700 58.585
171.720 58.603
171.740 58.622
171.760 58.640
171.780 58.658
171.800 58.677
171.820 58.695
171.840 58.713
171.860 58.732
171.880 58.750
171.900 58.768
171.920 58.787
171.940 58.805
171.960 58.823
171.980 58.842
172.000 58.860
172.020 58.878
172.040 58.897
172.060 58.915
172.080 58.934
172.100 58.952
172.120 58.970
172.140 58.989
172.160 59.007
172.180 59.025
172.200 59.044
172.220 59.062
172.240 59.080
172.260 59.099
172.280 59.117
172.300 59.135
172.320 59.154
172.340 59.172
172.360 59.190
172.380 59.209
172.400 59.227
172.420 59.245
172.440 59.264
172.460 59.282
172.480 59.301
172.500 59.319
172.520 59.337
172.540 59.356
172.560 59.374
172.580 59.392
172.600 59.411
172.620 59.429
172.640 59.447
172.660 59.466
172.680 59.484
172.700 59.502
172.720 59.521
172.740 59.539
172.760 59.557
172.780 59.576
172.800 59.594
172.820 59.613
172.840 59.631
172.860 59.649
172.880 59.668
172.900 59.686
172.920 59.704
172.940 59.723
172.960 59.741
172.980 59.759
173.000 59.778
173.020 59.796
173.040 59.814
173.060 59.833
173.080 59.851
173.100 59.869
173.120 59.888
173.140 59.906
173.160 59.924
173.180 59.943
173.200 59.961
173.220 59.980
173.240 59.998
173.260 60.016
173.280 60.035
173.300 60.053
173.320 60.071
173.340 60.090
173.360 60.108
173.380 60.126
173.400 60.145
173.420 60.163
173.440 60.181
173.460 60.200
173.480 60.218
173.500 60.236
173.520 60.255
173.540 60.273
173.560 60.292
173.580 60.310
173.600 60.328
173.620 60.347
173.640 60.365
173.660 60.383
173.680 60.402
173.700 60.420
173.720 60.438
173.740 60.457
173.760 60.475
173.780 60.493
173.800 60.512
173.820 60.530
173.840 60.548
173.860 60.567
173.880 60.585
173.900 60.603
173.920 60.622
173.940 60.640
173.960 60.659
173.980 60.677
174.000 60.695
174.020 60.714
174.040 60.732
174.060 60.750
174.080 60.769
174.100 60.787
174.120 60.805
174.140 60.824
174.160 60.842
174.180 60.860
174.200 60.879
174.220 60.897
174.240 60.915
174.260 60.934
174.280 60.952
174.300 60.971
174.320 60.989
174.340 61.007
174.360 61.026
174.380 61.044
174.400 61.062
174.420 61.081
174.440 61.099
174.460 61.117
174.480 61.136
174.500 61.154
174.520 61.172
174.540 61.191
174.560 61.209
174.580 61.227
174.600 61.246
174.620 61.264
174.640 61.282
174.660 61.301
174.680 61.319
174.700 61.338
174.720 61.356
174.740 61.374
174.760 61.393
174.780 61.411
174.800 61.429
174.820 61.448
174.840 61.466
174.860 61.484
174.880 61.503
174.900 61.521
174.920 61.539
174.940 61.558
174.960 61.576
174.980 61.594
175.000 61.613
175.020 61.631
175.040 61.650
175.060 61.668
175.080 61.686
175.100 61.705
175.120 61.723
175.140 61.741
175.160 61.760
175.180 61.778
175.200 61.796
175.220 61.815
175.240 61.833
175.260 61.851
175.280 61.870
175.300 61.888
175.320 61.906
175.340 61.925
175.360 61.943
175.380 61.961
175.400 61.980
175.420 61.998
175.440 62.017
175.460 62.035
175.480 62.053
175.500 62.072
175.520 62.090
175.540 62.108
175.560 62.127
175.580 62.145
175.600 62.163
175.620 62.182
175.640 62.200
175.660 62.218
175.680 62.237
175.700 62.255
175.720 62.273
175.740 62.292
175.760 62.310
175.780 62.328
175.800 62.347
175.820 62.365
175.840 62.384
175.860 62.402
175.880 62.420
175.900 62.439
175.920 62.457
175.940 62.475
175.960 62.494
175.980 62.512
176.000 62.530
176.020 62.549
176.040 62.567
176.060 62.585
176.080 62.604
176.100 62.622
176.120 62.640
176.140 62.659
176.160 62.677
176.180 62.696
176.200 62.714
176.220 62.732
176.240 62.751
176.260 62.769
176.280 62.787
176.300 62.806
176.320 62.824
176.340 62.842
176.360 62.861
176.380 62.879
176.400 62.897
176.420 62.916
176.440 62.934
176.460 62.952
176.480 62.971
176.500 62.989
176.520 63.007
176.540 63.026
176.560 63.044
176.580 63.063
176.600 63.081
176.620 63.099
176.640 63.118
176.660 63.136
176.680 63.154
176.700 63.173
176.720 63.191
176.740 63.209
176.760 63.228
176.780 63.246
176.800 63.264
176.820 63.283
176.840 63.301
176.860 63.319
176.880 63.338
176.900 63.356
176.920 63.375
176.940 63.393
176.960 63.411
176.980 63.430
177.000 63.448
177.020 63.466
177.040 63.485
177.060 63.503
177.080 63.521
177.100 63.540
177.120 63.558
177.140 63.576
177.160 63.595
177.180 63.613
177.200 63.631
177.220 63.650
177.240 63.668
177.260 63.686
177.280 63.705
177.300 63.723
177.320 63.742
177.340 63.760
177.360 63.778
177.380 63.797
177.400 63.815
177.420 63.833
177.440 63.852
177.460 63.870
177.480 63.888
177.500 63.907
177.520 63.925
177.540 63.943
177.560 63.962
177.580 63.980
177.600 63.998
177.620 64.017
177.640 64.035
177.660 64.054
177.680 64.072
177.700 64.090
177.720 64.109
177.740 64.127
177.760 64.145
177.780 64.164
177.800 64.182
177.820 64.200
177.840 64.219
177.860 64.237
177.880 64.255
177.900 64.274
177.920 64.292
177.940 64.310
177.960 64.329
177.980 64.347
178.000 64.365
178.020 64.384
178.040 64.402
178.060 64.421
178.080 64.439
178.100 64.457
178.120 64.476
178.140 64.494
178.160 64.512
178.180 64.531
178.200 64.549
178.220 64.567
178.240 64.586
178.260 64.604
178.280 64.622
178.300 64.641
178.320 64.659
178.340 64.677
178.360 64.696
178.380 64.714
178.400 64.733
178.420 64.751
178.440 64.769
178.460 64.788
178.480 64.806
178.500 64.824
178.520 64.843
178.540 64.861
178.560 64.879
178.580 64.898
178.600 64.916
178.620 64.934
178.640 64.953
178.660 64.971
178.680 64.990
178.700 65.008
178.720 65.026
178.740 65.045
178.760 65.063
178.780 65.082
178.800 65.100
178.820 65.118
178.840 65.137
178.860 65.155
178.880 65.174
178.900 65.192
178.920 65.210
178.940 65.229
178.960 65.247
178.980 65.266
179.000 65.284
179.020 65.302
179.040 65.321
179.060 65.339
179.080 65.358
179.100 65.376
179.120 65.394
179.140 65.413
179.160 65.431
179.180 65.450
179.200 65.468
179.220 65.486
179.240 65.505
179.260 65.523
179.280 65.542
179.300 65.560
179.320 65.578
179.340 65.597
179.360 65.615
179.380 65.634
179.400 65.652
179.420 65.670
179.440 65.689
179.460 65.707
179.480 65.726
179.500 65.744
179.520 65.762
179.540 65.781
179.560 65.799
179.580 65.818
179.600 65.836
179.620 65.854
179.640 65.873
179.660 65.891
179.680 65.910
179.700 65.928
179.720 65.946
179.740 65.965
179.760 65.983
179.780 66.002
179.800 66.020
179.820 66.038
179.840 66.057
179.860 66.075
179.880 66.094
179.900 66.112
179.920 66.130
179.940 66.149
179.960 66.167
179.980 66.186
180.000 66.204
180.020 66.222
180.040 66.241
180.060 66.259
180.080 66.278
180.100 66.296
180.120 66.314
180.140 66.333
180.160 66.351
180.180 66.370
180.200 66.388
180.220 66.407
180.240 66.425
180.260 66.443
180.280 66.462
180.300 66.480
180.320 66.499
180.340 66.517
180.360 66.535
180.380 66.554
180.400 66.572
180.420 66.591
180.440 66.609
180.460 66.627
180.480 66.646
180.500 66.664
180.520 66.683
180.540 66.701
180.560 66.719
180.580 66.738
180.600 66.756
180.620 66.775
180.640 66.793
180.660 66.811
180.680 66.830
180.700 66.848
180.720 66.867
180.740 66.885
180.760 66.903
180.780 66.922
180.800 66.940
180.820 66.959
180.840 66.977
180.860 66.995
180.880 67.014
180.900 67.032
180.920 67.051
180.940 67.069
180.960 67.087
180.980 67.106
181.000 67.124
181.020 67.143
181.040 67.161
181.060 67.179
181.080 67.198
181.100 67.216
181.120 67.235
181.140 67.253
181.160 67.271
181.180 67.290
181.200 67.308
181.220 67.327
181.240 67.345
181.260 67.363
181.280 67.382
181.300 67.400
181.320 67.419
181.340 67.437
181.360 67.455
181.380 67.474
181.400 67.492
181.420 67.511
181.440 67.529
181.460 67.547
181.480 67.566
181.500 67.584
181.520 67.603
181.540 67.621
181.560 67.639
181.580 67.658
181.600 67.676
181.620 67.695
181.640 67.713
181.660 67.731
181.680 67.750
181.700 67.768
181.720 67.787
181.740 67.805
181.760 67.823
181.780 67.842
181.800 67.860
181.820 67.879
181.840 67.897
181.860 67.915
181.880 67.934
181.900 67.952
181.920 67.971
181.940 67.989
181.960 68.007
181.980 68.026
182.000 68.044
182.020 68.063
182.040 68.081
182.060 68.099
182.080 68.118
182.100 68.136
182.120 68.155
182.140 68.173
182.160 68.191
182.180 68.210
182.200 68.228
182.220 68.247
182.240 68.265
182.260 68.283
182.280 68.302
182.300 68.320
182.320 68.339
182.340 68.357
182.360 68.375
182.380 68.394
182.400 68.412
182.420 68.431
182.440 68.449
182.460 68.467
182.480 68.486
182.500 68.504
182.520 68.523
182.540 68.541
182.560 68.559
182.580 68.578
182.600 68.596
182.620 68.615
182.640 68.633
182.660 68.651
182.680 68.670
182.700 68.688
182.720 68.707
182.740 68.725
182.760 68.743
182.780 68.762
182.800 68.780
182.820 68.799
182.840 68.817
182.860 68.835
182.880 68.854
182.900 68.872
182.920 68.891
182.940 68.909
182.960 68.927
182.980 68.946
183.000 68.964
183.020 68.983
183.040 69.001
183.060 69.019
183.080 69.038
183.100 69.056
183.120 69.075
183.140 69.093
183.160 69.111
183.180 69.130
183.200 69.148
183.220 69.167
183.240 69.185
183.260 69.203
183.280 69.222
183.300 69.240
183.320 69.259
183.340 69.277
183.360 69.295
183.380 69.314
183.400 69.332
183.420 69.351
183.440 69.369
183.460 69.387
183.480 69.406
183.500 69.424
183.520 69.443
183.540 69.461
183.560 69.479
183.580 69.498
183.600 69.516
183.620 69.535
183.640 69.553
183.660 69.571
183.680 69.590
183.700 69.608
183.720 69.627
183.740 69.645
183.760 69.663
183.780 69.682
183.800 69.700
183.820 69.719
183.840 69.737
183.860 69.755
183.880 69.774
183.900 69.792
183.920 69.811
183.940 69.829
183.960 69.847
183.980 69.866
184.000 69.884
184.020 69.903
184.040 69.921
184.060 69.940
184.080 69.958
184.100 69.976
184.120 69.995
184.140 70.013
184.160 70.032
184.180 70.050
184.200 70.068
184.220 70.087
184.240 70.105
184.260 70.124
184.280 70.142
184.300 70.160
184.320 70.179
184.340 70.197
184.360 70.216
184.380 70.234
184.400 70.252
184.420 70.271
184.440 70.289
184.460 70.308
184.480 70.326
184.500 70.344
184.520 70.363
184.540 70.381
184.560 70.400
184.580 70.418
184.600 70.436
184.620 70.455
184.640 70.473
184.660 70.492
184.680 70.510
184.700 70.528
184.720 70.547
184.740 70.565
184.760 70.584
184.780 70.602
184.800 70.620
184.820 70.639
184.840 70.657
184.860 70.676
184.880 70.694
184.900 70.712
184.920 70.731
184.940 70.749
184.960 70.768
184.980 70.786
185.000 70.804
185.020 70.823
185.040 70.841
185.060 70.860
185.080 70.878
185.100 70.896
185.120 70.915
185.140 70.933
185.160 70.952
185.180 70.970
185.200 70.988
185.220 71.007
185.240 71.025
185.260 71.044
185.280 71.062
185.300 71.080
185.320 71.099
185.340 71.117
185.360 71.136
185.380 71.154
185.400 71.172
185.420 71.191
185.440 71.209
185.460 71.228
185.480 71.246
185.500 71.264
185.520 71.283
185.540 71.301
185.560 71.320
185.580 71.338
185.600 71.356
185.620 71.375
185.640 71.393
185.660 71.412
185.680 71.430
185.700 71.448
185.720 71.467
185.740 71.485
185.760 71.504
185.780 71.522
185.800 71.540
185.820 71.559
185.840 71.577
185.860 71.596
185.880 71.614
185.900 71.632
185.920 71.651
185.940 71.669
185.960 71.688
185.980 71.706
186.000 71.725
186.020 71.743
186.040 71.761
186.060 71.780
186.080 71.798
186.100 71.817
186.120 71.835
186.140 71.854
186.160 71.872
186.180 71.890
186.200 71.909
186.220 71.927
186.240 71.946
186.260 71.964
186.280 71.983
186.300 72.001
186.320 72.019
186.340 72.038
186.360 72.056
186.380 72.075
186.400 72.093
186.420 72.112
186.440 72.130
186.460 72.148
186.480 72.167
186.500 72.185
186.520 72.204
186.540 72.222
186.560 72.241
186.580 72.259
186.600 72.277
186.620 72.296
186.640 72.314
186.660 72.333
186.680 72.351
186.700 72.370
186.720 72.388
186.740 72.406
186.760 72.425
186.780 72.443
186.800 72.462
186.820 72.480
186.840 72.499
186.860 72.517
186.880 72.535
186.900 72.554
186.920 72.572
186.940 72.591
186.960 72.609
186.980 72.628
187.000 72.646
187.020 72.664
187.040 72.683
187.060 72.701
187.080 72.720
187.100 72.738
187.120 72.757
187.140 72.775
187.160 72.793
187.180 72.812
187.200 72.830
187.220 72.849
187.240 72.867
187.260 72.886
187.280 72.904
187.300 72.923
187.320 72.941
187.340 72.959
187.360 72.978
187.380 72.996
187.400 73.015
187.420 73.033
187.440 73.052
187.460 73.070
187.480 73.088
187.500 73.107
187.520 73.125
187.540 73.144
187.560 73.162
187.580 73.181
187.600 73.199
187.620 73.217
187.640 73.236
187.660 73.254
187.680 73.273
187.700 73.291
187.720 73.310
187.740 73.328
187.760 73.346
187.780 73.365
187.800 73.383
187.820 73.402
187.840 73.420
187.860 73.439
187.880 73.457
187.900 73.475
187.920 73.494
187.940 73.512
187.960 73.531
187.980 73.549
188.000 73.568
188.020 73.586
188.040 73.604
188.060 73.623
188.080 73.641
188.100 73.660
188.120 73.678
188.140 73.697
188.160 73.715
188.180 73.733
188.200 73.752
188.220 73.770
188.240 73.789
188.260 73.807
188.280 73.826
188.300 73.844
188.320 73.862
188.340 73.881
188.360 73.899
188.380 73.918
188.400 73.936
188.420 73.955
188.440 73.973
188.460 73.991
188.480 74.010
188.500 74.028
188.520 74.047
188.540 74.065
188.560 74.084
188.580 74.102
188.600 74.120
188.620 74.139
188.640 74.157
188.660 74.176
188.680 74.194
188.700 74.213
188.720 74.231
188.740 74.249
188.760 74.268
188.780 74.286
188.800 74.305
188.820 74.323
188.840 74.342
188.860 74.360
188.880 74.378
188.900 74.397
188.920 74.415
188.940 74.434
188.960 74.452
188.980 74.471
189.000 74.489
189.020 74.507
189.040 74.526
189.060 74.544
189.080 74.563
189.100 74.581
189.120 74.600
189.140 74.618
189.160 74.636
189.180 74.655
189.200 74.673
189.220 74.692
189.240 74.710
189.260 74.729
189.280 74.747
189.300 74.765
189.320 74.784
189.340 74.802
189.360 74.821
189.380 74.839
189.400 74.858
189.420 74.876
189.440 74.894
189.460 74.913
189.480 74.931
189.500 74.950
189.520 74.968
189.540 74.987
189.560 75.005
189.580 75.024
189.600 75.042
189.620 75.060
189.640 75.079
189.660 75.097
189.680 75.116
189.700 75.134
189.720 75.153
189.740 75.171
189.760 75.189
189.780 75.208
189.800 75.226
189.820 75.245
189.840 75.263
189.860 75.282
189.880 75.300
189.900 75.318
189.920 75.337
189.940 75.355
189.960 75.374
189.980 75.392
190.000 75.411
190.020 75.429
190.040 75.447
190.060 75.466
190.080 75.484
190.100 75.503
190.120 75.521
190.140 75.540
190.160 75.558
190.180 75.576
190.200 75.595
190.220 75.613
190.240 75.632
190.260 75.650
190.280 75.669
190.300 75.687
190.320 75.705
190.340 75.724
190.360 75.742
190.380 75.761
190.400 75.779
190.420 75.798
190.440 75.816
190.460 75.834
190.480 75.853
190.500 75.871
190.520 75.890
190.540 75.908
190.560 75.927
190.580 75.945
190.600 75.963
190.620 75.982
190.640 76.000
190.660 76.019
190.680 76.037
190.700 76.056
190.720 76.074
190.740 76.092
190.760 76.111
190.780 76.129
190.800 76.148
190.820 76.166
190.840 76.185
190.860 76.203
190.880 76.221
190.900 76.240
190.920 76.258
190.940 76.277
190.960 76.295
190.980 76.314
191.000 76.332
191.020 76.350
191.040 76.369
191.060 76.387
191.080 76.406
191.100 76.424
191.120 76.443
191.140 76.461
191.160 76.479
191.180 76.498
191.200 76.516
191.220 76.535
191.240 76.553
191.260 76.572
191.280 76.590
191.300 76.608
191.320 76.627
191.340 76.645
191.360 76.664
191.380 76.682
191.400 76.701
191.420 76.719
191.440 76.737
191.460 76.756
191.480 76.774
191.500 76.793
191.520 76.811
191.540 76.830
191.560 76.848
191.580 76.866
191.600 76.885
191.620 76.903
191.640 76.922
191.660 76.940
191.680 76.959
191.700 76.977
191.720 76.995
191.740 77.014
191.760 77.032
191.780 77.051
191.800 77.069
191.820 77.088
191.840 77.106
191.860 77.125
191.880 77.143
191.900 77.161
191.920 77.180
191.940 77.198
191.960 77.217
191.980 77.235
192.000 77.254
192.020 77.272
192.040 77.290
192.060 77.309
192.080 77.327
192.100 77.346
192.120 77.364
192.140 77.383
192.160 77.401
192.180 77.419
192.200 77.438
192.220 77.456
192.240 77.475
192.260 77.493
192.280 77.512
192.300 77.530
192.320 77.548
192.340 77.567
192.360 77.585
192.380 77.604
192.400 77.622
192.420 77.641
192.440 77.659
192.460 77.677
192.480 77.696
192.500 77.714
192.520 77.733
192.540 77.751
192.560 77.770
192.580 77.788
192.600 77.806
192.620 77.825
192.640 77.843
192.660 77.862
192.680 77.880
192.700 77.899
192.720 77.917
192.740 77.935
192.760 77.954
192.780 77.972
192.800 77.991
192.820 78.009
192.840 78.028
192.860 78.046
192.880 78.064
192.900 78.083
192.920 78.101
192.940 78.120
192.960 78.138
192.980 78.157
193.000 78.175
193.020 78.193
193.040 78.212
193.060 78.230
193.080 78.249
193.100 78.267
193.120 78.286
193.140 78.304
193.160 78.322
193.180 78.341
193.200 78.359
193.220 78.378
193.240 78.396
193.260 78.415
193.280 78.433
193.300 78.451
193.320 78.470
193.340 78.488
193.360 78.507
193.380 78.525
193.400 78.544
193.420 78.562
193.440 78.580
193.460 78.599
193.480 78.617
193.500 78.636
193.520 78.654
193.540 78.673
193.560 78.691
193.580 78.710
193.600 78.728
193.620 78.746
193.640 78.765
193.660 78.783
193.680 78.802
193.700 78.820
193.720 78.839
193.740 78.857
193.760 78.876
193.780 78.894
193.800 78.912
193.820 78.931
193.840 78.949
193.860 78.968
193.880 78.986
193.900 79.005
193.920 79.023
193.940 79.042
193.960 79.060
193.980 79.078
194.000 79.097
194.020 79.115
194.040 79.134
194.060 79.152
194.080 79.171
194.100 79.189
194.120 79.208
194.140 79.226
194.160 79.244
194.180 79.263
194.200 79.281
194.220 79.300
194.240 79.318
194.260 79.337
194.280 79.355
194.300 79.374
194.320 79.392
194.340 79.410
194.360 79.429
194.380 79.447
194.400 79.466
194.420 79.484
194.440 79.503
194.460 79.521
194.480 79.540
194.500 79.558
194.520 79.577
194.540 79.595
194.560 79.613
194.580 79.632
194.600 79.650
194.620 79.669
194.640 79.687
194.660 79.706
194.680 79.724
194.700 79.743
194.720 79.761
194.740 79.779
194.760 79.798
194.780 79.816
194.800 79.835
194.820 79.853
194.840 79.872
194.860 79.890
194.880 79.909
194.900 79.927
194.920 79.945
194.940 79.964
194.960 79.982
194.980 80.001
195.000 80.019
195.020 80.038
195.040 80.056
195.060 80.075
195.080 80.093
195.100 80.111
195.120 80.130
195.140 80.148
195.160 80.167
195.180 80.185
195.200 80.204
195.220 80.222
195.240 80.241
195.260 80.259
195.280 80.277
195.300 80.296
195.320 80.314
195.340 80.333
195.360 80.351
195.380 80.370
195.400 80.388
195.420 80.407
195.440 80.425
195.460 80.443
195.480 80.462
195.500 80.480
195.520 80.499
195.540 80.517
195.560 80.536
195.580 80.554
195.600 80.573
195.620 80.591
195.640 80.609
195.660 80.628
195.680 80.646
195.700 80.665
195.720 80.683
195.740 80.702
195.760 80.720
195.780 80.739
195.800 80.757
195.820 80.775
195.840 80.794
195.860 80.812
195.880 80.831
195.900 80.849
195.920 80.868
195.940 80.886
195.960 80.905
195.980 80.923
196.000 80.941
196.020 80.960
196.040 80.978
196.060 80.997
196.080 81.015
196.100 81.034
196.120 81.052
196.140 81.071
196.160 81.089
196.180 81.108
196.200 81.126
196.220 81.144
196.240 81.163
196.260 81.181
196.280 81.200
196.300 81.218
196.320 81.237
196.340 81.255
196.360 81.274
196.380 81.292
196.400 81.310
196.420 81.329
196.440 81.347
196.460 81.366
196.480 81.384
196.500 81.403
196.520 81.421
196.540 81.440
196.560 81.458
196.580 81.476
196.600 81.495
196.620 81.513
196.640 81.532
196.660 81.550
196.680 81.569
196.700 81.587
196.720 81.606
196.740 81.624
196.760 81.642
196.780 81.661
196.800 81.679
196.820 81.698
196.840 81.716
196.860 81.735
196.880 81.753
196.900 81.772
196.920 81.790
196.940 81.808
196.960 81.827
196.980 81.845
197.000 81.864
197.020 81.882
197.040 81.901
197.060 81.919
197.080 81.938
197.100 81.956
197.120 81.974
197.140 81.993
197.160 82.011
197.180 82.030
197.200 82.048
197.220 82.067
197.240 82.085
197.260 82.104
197.280 82.122
197.300 82.140
197.320 82.159
197.340 82.177
197.360 82.196
197.380 82.214
197.400 82.233
197.420 82.251
197.440 82.270
197.460 82.288
197.480 82.306
197.500 82.325
197.520 82.343
197.540 82.362
197.560 82.380
197.580 82.399
197.600 82.417
197.620 82.436
197.640 82.454
197.660 82.472
197.680 82.491
197.700 82.509
197.720 82.528
197.740 82.546
197.760 82.565
197.780 82.583
197.800 82.602
197.820 82.620
197.840 82.639
197.860 82.657
197.880 82.675
197.900 82.694
197.920 82.712
197.940 82.731
197.960 82.749
197.980 82.768
198.000 82.786
198.020 82.805
198.040 82.823
198.060 82.841
198.080 82.860
198.100 82.878
198.120 82.897
198.140 82.915
198.160 82.934
198.180 82.952
198.200 82.971
198.220 82.989
198.240 83.007
198.260 83.026
198.280 83.044
198.300 83.063
198.320 83.081
198.340 83.100
198.360 83.118
198.380 83.137
198.400 83.155
198.420 83.173
198.440 83.192
198.460 83.210
198.480 83.229
198.500 83.247
198.520 83.266
198.540 83.284
198.560 83.303
198.580 83.321
198.600 83.339
198.620 83.358
198.640 83.376
198.660 83.395
198.680 83.413
198.700 83.432
198.720 83.450
198.740 83.469
198.760 83.487
198.780 83.505
198.800 83.524
198.820 83.542
198.840 83.561
198.860 83.579
198.880 83.598
198.900 83.616
198.920 83.635
198.940 83.653
198.960 83.671
198.980 83.690
199.000 83.708
199.020 83.727
199.040 83.745
199.060 83.764
199.080 83.782
199.100 83.801
199.120 83.819
199.140 83.837
199.160 83.856
199.180 83.874
199.200 83.893
199.220 83.911
199.240 83.930
199.260 83.948
199.280 83.967
199.300 83.985
199.320 84.004
199.340 84.022
199.360 84.040
199.380 84.059
199.400 84.077
199.420 84.096
199.440 84.114
199.460 84.133
199.480 84.151
199.500 84.170
199.520 84.188
199.540 84.206
199.560 84.225
199.580 84.243
199.600 84.262
199.620 84.280
199.640 84.299
199.660 84.317
199.680 84.336
199.700 84.354
199.720 84.372
199.740 84.391
199.760 84.409
199.780 84.428
199.800 84.446
199.820 84.465
199.840 84.483
199.860 84.502
199.880 84.520
199.900 84.538
199.920 84.557
199.940 84.575
199.960 84.594
199.980 84.612
