100 2.876
101 2.879
102 2.874
103 2.880
104 2.872
105 2.881
106 2.869
107 2.882
108 2.867
109 2.882
110 2.865
111 2.883
112 2.862
113 2.883
114 2.860
115 2.883
116 2.857
117 2.883
118 2.859
119 2.882
120 2.862
121 2.882
122 2.864
123 2.882
124 2.866
125 2.881
126 2.868
127 2.880
128 2.870
129 2.880
130 2.871
131 2.879
132 2.873
133 2.878
134 2.874
135 2.877
136 2.875
137 2.876
138 2.876
139 2.874
140 2.877
141 2.873
142 2.878
143 2.872
144 2.878
145 2.871
146 2.879
147 2.869
148 2.879
149 2.868
150 2.879
151 2.866
152 2.880
153 2.865
154 2.880
155 2.863
156 2.880
157 2.862
158 2.880
159 2.861
160 2.880
161 2.863
162 2.879
163 2.865
164 2.879
165 2.866
166 2.879
167 2.867
168 2.878
169 2.869
170 2.878
171 2.870
172 2.878
173 2.871
174 2.877
175 2.872
176 2.876
177 2.872
178 2.876
179 2.873
180 2.875
181 2.874
182 2.874
183 2.875
184 2.874
185 2.875
186 2.873
187 2.876
188 2.872
189 2.876
190 2.871
191 2.877
192 2.870
193 2.877
194 2.870
195 2.877
196 2.869
197 2.877
198 2.868
199 2.877
200 2.867
201 2.878
202 2.866
203 2.878
204 2.865
205 2.878
206 2.863
207 2.878
208 2.864
209 2.878
210 2.865
211 2.877
212 2.866
213 2.877
214 2.867
215 2.877
216 2.868
217 2.877
218 2.869
219 2.877
220 2.869
221 2.876
222 2.870
223 2.876
224 2.871
225 2.876
226 2.872
227 2.875
228 2.872
229 2.875
230 2.873
231 2.874
232 2.873
233 2.874
234 2.874
235 2.873
236 2.874
237 2.873
238 2.874
239 2.872
240 2.875
241 2.872
242 2.875
243 2.871
244 2.875
245 2.871
246 2.876
247 2.870
248 2.876
249 2.869
250 2.876
251 2.869
252 2.876
253 2.868
254 2.876
255 2.867
256 2.876
257 2.866
258 2.876
259 2.866
260 2.876
261 2.865
262 2.876
263 2.865
264 2.876
265 2.866
266 2.876
267 2.867
268 2.876
269 2.868
270 2.876
271 2.868
272 2.876
273 2.869
274 2.876
275 2.869
276 2.875
277 2.870
278 2.875
279 2.870
280 2.875
281 2.871
282 2.875
283 2.871
284 2.874
285 2.872
286 2.874
287 2.872
288 2.874
289 2.873
290 2.873
291 2.873
292 2.873
293 2.873
294 2.873
295 2.874
296 2.872
297 2.874
298 2.872
299 2.874
300 2.872
301 2.874
302 2.871
303 2.874
304 2.871
305 2.875
306 2.870
307 2.875
308 2.870
309 2.875
310 2.869
311 2.875
312 2.869
313 2.875
314 2.868
315 2.875
316 2.868
317 2.875
318 2.867
319 2.875
320 2.867
321 2.875
322 2.866
323 2.875
324 2.866
325 2.875
326 2.867
327 2.875
328 2.867
329 2.875
330 2.868
331 2.875
332 2.868
333 2.875
334 2.869
335 2.875
336 2.869
337 2.875
338 2.870
339 2.875
340 2.870
341 2.874
342 2.870
343 2.874
344 2.871
345 2.874
346 2.871
347 2.874
348 2.872
349 2.874
350 2.872
351 2.873
352 2.872
353 2.873
354 2.872
355 2.873
356 2.873
357 2.873
358 2.873
359 2.872
360 2.873
361 2.872
362 2.873
363 2.872
364 2.873
365 2.872
366 2.874
367 2.871
368 2.874
369 2.871
370 2.874
371 2.871
372 2.874
373 2.870
374 2.874
375 2.870
376 2.874
377 2.870
378 2.874
379 2.869
380 2.874
381 2.869
382 2.874
383 2.868
384 2.874
385 2.868
386 2.874
387 2.868
388 2.874
389 2.867
390 2.874
391 2.867
392 2.874
393 2.867
394 2.874
395 2.868
396 2.874
397 2.868
398 2.874
399 2.868
400 2.874
