0.200 4.435
0.210 4.787
0.220 5.137
0.230 5.485
0.240 5.832
0.250 6.185
0.260 6.561
0.270 6.935
0.280 7.307
0.290 7.679
0.300 8.048
0.310 8.417
0.320 8.783
0.330 9.149
0.340 9.512
0.350 9.874
0.360 10.235
0.370 10.593
0.380 10.950
0.390 11.306
0.400 11.659
0.410 12.041
0.420 12.421
0.430 12.800
0.440 13.178
0.450 13.554
0.460 13.929
0.470 14.303
0.480 14.676
0.490 15.046
0.500 15.416
0.510 15.784
0.520 16.150
0.530 16.515
0.540 16.879
0.550 17.240
0.560 17.600
0.570 17.959
0.580 18.315
0.590 18.670
0.600 19.024
0.610 19.375
0.620 19.725
0.630 20.072
0.640 20.418
0.650 20.771
0.660 21.146
0.670 21.519
0.680 21.891
0.690 22.262
0.700 22.631
0.710 22.999
0.720 23.365
0.730 23.729
0.740 24.092
0.750 24.453
0.760 24.813
0.770 25.171
0.780 25.527
0.790 25.882
0.800 26.234
0.810 26.585
0.820 26.934
0.830 27.282
0.840 27.627
0.850 27.971
0.860 28.312
0.870 28.652
0.880 28.990
0.890 29.326
0.900 29.659
0.910 29.991
0.920 30.321
0.930 30.648
0.940 30.974
0.950 31.297
0.960 31.618
0.970 31.954
0.980 32.310
0.990 32.664
1.000 33.016
1.010 33.367
1.020 33.715
1.030 34.062
1.040 34.407
1.050 34.750
1.060 35.091
1.070 35.431
1.080 35.768
1.090 36.103
1.100 36.436
1.110 36.767
1.120 37.097
1.130 37.424
1.140 37.749
1.150 38.072
1.160 38.392
1.170 38.711
1.180 39.027
1.190 39.342
1.200 39.654
1.210 39.964
1.220 40.271
1.230 40.576
1.240 40.880
1.250 41.180
1.260 41.479
1.270 41.775
1.280 42.069
1.290 42.361
1.300 42.650
1.310 42.937
1.320 43.221
1.330 43.543
1.340 43.868
1.350 44.190
1.360 44.510
1.370 44.828
1.380 45.144
1.390 45.458
1.400 45.770
1.410 46.079
1.420 46.387
1.430 46.691
1.440 46.994
1.450 47.295
1.460 47.593
1.470 47.888
1.480 48.182
1.490 48.473
1.500 48.762
1.510 49.048
1.520 49.333
1.530 49.614
1.540 49.894
1.550 50.171
1.560 50.445
1.570 50.718
1.580 50.987
1.590 51.255
1.600 51.520
1.610 51.782
1.620 52.043
1.630 52.300
1.640 52.555
1.650 52.808
1.660 53.059
1.670 53.307
1.680 53.552
1.690 53.795
1.700 54.063
1.710 54.349
1.720 54.633
1.730 54.914
1.740 55.193
1.750 55.470
1.760 55.745
1.770 56.017
1.780 56.286
1.790 56.554
1.800 56.818
1.810 57.081
1.820 57.341
1.830 57.598
1.840 57.853
1.850 58.106
1.860 58.356
1.870 58.604
1.880 58.850
1.890 59.092
1.900 59.333
1.910 59.571
1.920 59.807
1.930 60.040
1.940 60.270
1.950 60.499
1.960 60.725
1.970 60.948
1.980 61.169
1.990 61.388
