0.080 4.435
0.100 3.736
0.120 3.183
0.140 2.641
0.160 2.224
0.180 1.816
0.200 1.511
0.220 1.213
0.240 0.997
0.260 0.786
0.280 0.639
0.300 0.494
0.320 0.396
0.340 0.300
0.360 0.238
0.380 0.177
0.400 0.138
0.420 0.101
0.440 0.078
0.460 0.055
0.480 0.042
0.500 0.029
0.520 0.022
0.540 0.015
0.560 0.011
0.580 0.007
0.600 0.005
0.620 0.003
0.640 0.003
0.660 0.002
0.680 0.001
0.700 0.001
0.720 0.000
0.740 0.000
0.760 0.000
0.780 0.000
0.800 0.000
0.820 0.000
0.840 0.000
0.860 0.000
0.880 0.000
0.900 0.000
0.920 0.000
0.940 0.000
0.960 0.000
0.980 0.000
1.000 0.000
1.020 0.000
1.040 0.000
1.060 0.000
1.080 0.000
1.100 0.000
1.120 0.000
1.140 0.000
1.160 0.000
1.180 0.000
1.200 0.000
1.220 0.000
1.240 0.000
1.260 0.000
1.280 0.000
1.300 0.000
1.320 0.000
1.340 0.000
1.360 0.000
1.380 0.000
1.400 0.000
1.420 0.000
1.440 0.000
1.460 0.000
1.480 0.000
1.500 0.000
1.520 0.000
1.540 0.000
1.560 0.000
1.580 0.000
1.600 0.000
1.620 0.000
1.640 0.000
1.660 0.000
1.680 0.000
1.700 0.000
1.720 0.000
1.740 0.000
1.760 0.000
1.780 0.000
1.800 0.000
1.820 0.000
1.840 0.000
1.860 0.000
1.880 0.000
1.900 0.000
1.920 0.000
1.940 0.000
1.960 0.000
1.980 0.000
