100 4.435
101 4.401
102 4.434
103 4.403
104 4.434
105 4.405
106 4.434
107 4.407
108 4.433
109 4.409
110 4.433
111 4.410
112 4.432
113 4.412
114 4.431
115 4.413
116 4.431
117 4.415
118 4.430
119 4.416
120 4.430
121 4.417
122 4.429
123 4.418
124 4.428
125 4.419
126 4.428
127 4.420
128 4.427
129 4.421
130 4.426
131 4.422
132 4.425
133 4.422
134 4.425
135 4.423
136 4.424
137 4.424
138 4.423
139 4.424
140 4.422
141 4.425
142 4.422
143 4.425
144 4.421
145 4.426
146 4.420
147 4.426
148 4.419
149 4.426
150 4.418
151 4.426
152 4.418
153 4.427
154 4.417
155 4.427
156 4.416
157 4.427
158 4.415
159 4.427
160 4.414
161 4.427
162 4.414
163 4.427
164 4.413
165 4.427
166 4.412
167 4.427
168 4.411
169 4.427
170 4.410
171 4.427
172 4.410
173 4.427
174 4.409
175 4.427
176 4.408
177 4.427
178 4.407
179 4.427
180 4.408
181 4.427
182 4.409
183 4.427
184 4.410
185 4.427
186 4.411
187 4.427
188 4.412
189 4.426
190 4.413
191 4.426
192 4.413
193 4.426
194 4.414
195 4.426
196 4.415
197 4.425
198 4.415
199 4.425
200 4.416
201 4.425
202 4.416
203 4.425
204 4.417
205 4.424
206 4.417
207 4.424
208 4.418
209 4.424
210 4.418
211 4.424
212 4.419
213 4.423
214 4.419
215 4.423
216 4.420
217 4.423
218 4.420
219 4.422
220 4.420
221 4.422
222 4.421
223 4.422
224 4.421
225 4.421
226 4.421
227 4.421
228 4.421
229 4.421
230 4.422
231 4.420
232 4.422
233 4.420
234 4.422
235 4.420
236 4.422
237 4.419
238 4.423
239 4.419
240 4.423
241 4.418
242 4.423
243 4.418
244 4.423
245 4.418
246 4.423
247 4.417
248 4.423
249 4.417
250 4.423
251 4.416
252 4.423
253 4.416
254 4.424
255 4.416
256 4.424
257 4.415
258 4.424
259 4.415
260 4.424
261 4.414
262 4.424
263 4.414
264 4.424
265 4.414
266 4.424
267 4.413
268 4.424
269 4.413
270 4.424
271 4.412
272 4.424
273 4.412
274 4.424
275 4.412
276 4.424
277 4.411
278 4.424
279 4.411
280 4.424
281 4.412
282 4.424
283 4.412
284 4.423
285 4.413
286 4.423
287 4.413
288 4.423
289 4.414
290 4.423
291 4.414
292 4.423
293 4.414
294 4.423
295 4.415
296 4.423
297 4.415
298 4.423
299 4.415
300 4.423
301 4.416
302 4.423
303 4.416
304 4.423
305 4.416
306 4.422
307 4.417
308 4.422
309 4.417
310 4.422
311 4.417
312 4.422
313 4.418
314 4.422
315 4.418
316 4.422
317 4.418
318 4.422
319 4.418
320 4.421
321 4.418
322 4.421
323 4.419
324 4.421
325 4.419
326 4.421
327 4.419
328 4.421
329 4.419
330 4.421
331 4.419
332 4.420
333 4.420
334 4.420
335 4.420
336 4.420
337 4.420
338 4.420
339 4.420
340 4.420
341 4.420
342 4.419
343 4.420
344 4.419
345 4.421
346 4.419
347 4.421
348 4.419
349 4.421
350 4.419
351 4.421
352 4.418
353 4.421
354 4.418
355 4.421
356 4.418
357 4.421
358 4.418
359 4.421
360 4.418
361 4.421
362 4.417
363 4.421
364 4.417
365 4.421
366 4.417
367 4.422
368 4.417
369 4.422
370 4.417
371 4.422
372 4.416
373 4.422
374 4.416
375 4.422
376 4.416
377 4.422
378 4.416
379 4.422
380 4.415
381 4.422
382 4.415
383 4.422
384 4.415
385 4.422
386 4.415
387 4.422
388 4.414
389 4.422
390 4.414
391 4.422
392 4.414
393 4.422
394 4.414
395 4.422
396 4.413
397 4.422
398 4.413
399 4.422
400 4.413
