100 12.085
101 12.120
102 12.086
103 12.120
104 12.086
105 12.120
106 12.087
107 12.120
108 12.087
109 12.119
110 12.087
111 12.119
112 12.088
113 12.119
114 12.088
115 12.119
116 12.088
117 12.118
118 12.088
119 12.118
120 12.089
121 12.118
122 12.089
123 12.118
124 12.089
125 12.118
126 12.090
127 12.117
128 12.090
129 12.117
130 12.090
131 12.117
132 12.090
133 12.117
134 12.091
135 12.117
136 12.091
137 12.117
138 12.091
139 12.116
140 12.091
141 12.116
142 12.091
143 12.116
144 12.092
145 12.116
146 12.092
147 12.116
148 12.092
149 12.116
150 12.092
151 12.116
152 12.092
153 12.115
154 12.093
155 12.115
156 12.093
157 12.115
158 12.093
159 12.115
160 12.093
161 12.115
162 12.093
163 12.115
164 12.093
165 12.115
166 12.094
167 12.115
168 12.094
169 12.115
170 12.094
171 12.114
172 12.094
173 12.114
174 12.094
175 12.114
176 12.094
177 12.114
178 12.094
179 12.114
180 12.094
181 12.114
182 12.095
183 12.114
184 12.095
185 12.114
186 12.095
187 12.114
188 12.095
189 12.114
190 12.095
191 12.114
192 12.095
193 12.113
194 12.095
195 12.113
196 12.095
197 12.113
198 12.095
199 12.113
200 12.096
201 12.113
202 12.096
203 12.113
204 12.096
205 12.113
206 12.096
207 12.113
208 12.096
209 12.113
210 12.096
211 12.113
212 12.096
213 12.113
214 12.096
215 12.113
216 12.096
217 12.113
218 12.096
219 12.113
220 12.097
221 12.112
222 12.097
223 12.112
224 12.097
225 12.112
226 12.097
227 12.112
228 12.097
229 12.112
230 12.097
231 12.112
232 12.097
233 12.112
234 12.097
235 12.112
236 12.097
237 12.112
238 12.097
239 12.112
240 12.097
241 12.112
242 12.097
243 12.112
244 12.097
245 12.112
246 12.098
247 12.112
248 12.098
249 12.112
250 12.098
251 12.112
252 12.098
253 12.112
254 12.098
255 12.112
256 12.098
257 12.112
258 12.098
259 12.112
260 12.098
261 12.111
262 12.098
263 12.111
264 12.098
265 12.111
266 12.098
267 12.111
268 12.098
269 12.111
270 12.098
271 12.111
272 12.098
273 12.111
274 12.098
275 12.111
276 12.098
277 12.111
278 12.098
279 12.111
280 12.099
281 12.111
282 12.099
283 12.111
284 12.099
285 12.111
286 12.099
287 12.111
288 12.099
289 12.111
290 12.099
291 12.111
292 12.099
293 12.111
294 12.099
295 12.111
296 12.099
297 12.111
298 12.099
299 12.111
300 12.099
301 12.111
302 12.099
303 12.111
304 12.099
305 12.111
306 12.099
307 12.111
308 12.099
309 12.111
310 12.099
311 12.111
312 12.099
313 12.111
314 12.099
315 12.111
316 12.099
317 12.110
318 12.099
319 12.110
320 12.099
321 12.110
322 12.099
323 12.110
324 12.100
325 12.110
326 12.100
327 12.110
328 12.100
329 12.110
330 12.100
331 12.110
332 12.100
333 12.110
334 12.100
335 12.110
336 12.100
337 12.110
338 12.100
339 12.110
340 12.100
341 12.110
342 12.100
343 12.110
344 12.100
345 12.110
346 12.100
347 12.110
348 12.100
349 12.110
350 12.100
351 12.110
352 12.100
353 12.110
354 12.100
355 12.110
356 12.100
357 12.110
358 12.100
359 12.110
360 12.100
361 12.110
362 12.100
363 12.110
364 12.100
365 12.110
366 12.100
367 12.110
368 12.100
369 12.110
370 12.100
371 12.110
372 12.100
373 12.110
374 12.100
375 12.110
376 12.100
377 12.110
378 12.100
379 12.110
380 12.100
381 12.110
382 12.100
383 12.110
384 12.101
385 12.110
386 12.101
387 12.110
388 12.101
389 12.110
390 12.101
391 12.110
392 12.101
393 12.110
394 12.101
395 12.110
396 12.101
397 12.110
398 12.101
399 12.110
400 12.101
