100 15.182
101 15.179
102 15.182
103 15.178
104 15.183
105 15.177
106 15.183
107 15.176
108 15.184
109 15.175
110 15.184
111 15.174
112 15.184
113 15.173
114 15.184
115 15.172
116 15.185
117 15.171
118 15.185
119 15.170
120 15.185
121 15.169
122 15.185
123 15.169
124 15.185
125 15.168
126 15.185
127 15.167
128 15.185
129 15.166
130 15.185
131 15.165
132 15.185
133 15.164
134 15.185
135 15.163
136 15.185
137 15.163
138 15.184
139 15.164
140 15.184
141 15.165
142 15.184
143 15.166
144 15.184
145 15.167
146 15.184
147 15.168
148 15.184
149 15.168
150 15.183
151 15.169
152 15.183
153 15.170
154 15.183
155 15.171
156 15.183
157 15.171
158 15.182
159 15.172
160 15.182
161 15.173
162 15.182
163 15.173
164 15.182
165 15.174
166 15.181
167 15.174
168 15.181
169 15.175
170 15.181
171 15.175
172 15.180
173 15.176
174 15.180
175 15.176
176 15.180
177 15.176
178 15.180
179 15.177
180 15.179
181 15.177
182 15.179
183 15.177
184 15.179
185 15.178
186 15.178
187 15.178
188 15.178
189 15.178
190 15.178
191 15.178
192 15.177
193 15.179
194 15.177
195 15.179
196 15.176
197 15.179
198 15.176
199 15.179
200 15.176
201 15.179
202 15.175
203 15.180
204 15.175
205 15.180
206 15.175
207 15.180
208 15.174
209 15.180
210 15.174
211 15.180
212 15.174
213 15.180
214 15.173
215 15.180
216 15.173
217 15.180
218 15.173
219 15.180
220 15.172
221 15.180
222 15.172
223 15.180
224 15.171
225 15.180
226 15.171
227 15.180
228 15.171
229 15.180
230 15.170
231 15.180
232 15.170
233 15.180
234 15.170
235 15.180
236 15.169
237 15.180
238 15.169
239 15.180
240 15.169
241 15.180
242 15.168
243 15.180
244 15.168
245 15.180
246 15.169
247 15.180
248 15.169
249 15.180
250 15.169
251 15.180
252 15.170
253 15.180
254 15.170
255 15.180
256 15.171
257 15.180
258 15.171
259 15.180
260 15.171
261 15.180
262 15.172
263 15.180
264 15.172
265 15.180
266 15.172
267 15.179
268 15.173
269 15.179
270 15.173
271 15.179
272 15.173
273 15.179
274 15.173
275 15.179
276 15.174
277 15.179
278 15.174
279 15.179
280 15.174
281 15.179
282 15.174
283 15.179
284 15.175
285 15.178
286 15.175
287 15.178
288 15.175
289 15.178
290 15.175
291 15.178
292 15.175
293 15.178
294 15.176
295 15.178
296 15.176
297 15.178
298 15.176
299 15.178
300 15.176
301 15.177
302 15.176
303 15.177
304 15.176
305 15.177
306 15.177
307 15.177
308 15.177
309 15.177
310 15.177
311 15.177
312 15.177
313 15.176
314 15.177
315 15.176
316 15.177
317 15.176
318 15.177
319 15.176
320 15.177
321 15.176
322 15.177
323 15.176
324 15.178
325 15.175
326 15.178
327 15.175
328 15.178
329 15.175
330 15.178
331 15.175
332 15.178
333 15.175
334 15.178
335 15.175
336 15.178
337 15.174
338 15.178
339 15.174
340 15.178
341 15.174
342 15.178
343 15.174
344 15.178
345 15.174
346 15.178
347 15.174
348 15.178
349 15.173
350 15.178
351 15.173
352 15.178
353 15.173
354 15.178
355 15.173
356 15.178
357 15.173
358 15.178
359 15.172
360 15.178
361 15.172
362 15.178
363 15.172
364 15.178
365 15.172
366 15.178
367 15.172
368 15.178
369 15.172
370 15.178
371 15.171
372 15.178
373 15.171
374 15.178
375 15.171
376 15.178
377 15.171
378 15.178
379 15.171
380 15.178
381 15.171
382 15.178
383 15.171
384 15.178
385 15.171
386 15.178
387 15.171
388 15.178
389 15.171
390 15.178
391 15.172
392 15.178
393 15.172
394 15.178
395 15.172
396 15.178
397 15.172
398 15.178
399 15.172
400 15.178
