100 9.477
101 9.481
102 9.478
103 9.480
104 9.479
105 9.479
106 9.480
107 9.478
108 9.480
109 9.477
110 9.481
111 9.476
112 9.482
113 9.475
114 9.482
115 9.474
116 9.483
117 9.473
118 9.483
119 9.472
120 9.483
121 9.472
122 9.484
123 9.471
124 9.484
125 9.470
126 9.484
127 9.469
128 9.484
129 9.468
130 9.484
131 9.467
132 9.484
133 9.466
134 9.485
135 9.465
136 9.485
137 9.464
138 9.485
139 9.464
140 9.485
141 9.463
142 9.485
143 9.462
144 9.485
145 9.461
146 9.484
147 9.460
148 9.484
149 9.460
150 9.484
151 9.459
152 9.484
153 9.460
154 9.484
155 9.461
156 9.484
157 9.462
158 9.484
159 9.463
160 9.483
161 9.464
162 9.483
163 9.465
164 9.483
165 9.466
166 9.483
167 9.467
168 9.483
169 9.467
170 9.482
171 9.468
172 9.482
173 9.469
174 9.482
175 9.470
176 9.482
177 9.470
178 9.481
179 9.471
180 9.481
181 9.472
182 9.481
183 9.472
184 9.480
185 9.473
186 9.480
187 9.473
188 9.480
189 9.474
190 9.479
191 9.474
192 9.479
193 9.475
194 9.479
195 9.475
196 9.479
197 9.475
198 9.478
199 9.476
200 9.478
201 9.476
202 9.478
203 9.477
204 9.477
205 9.477
206 9.477
207 9.477
208 9.476
209 9.477
210 9.476
211 9.478
212 9.476
213 9.478
214 9.475
215 9.478
216 9.475
217 9.478
218 9.475
219 9.479
220 9.474
221 9.479
222 9.474
223 9.479
224 9.474
225 9.479
226 9.473
227 9.479
228 9.473
229 9.479
230 9.473
231 9.479
232 9.472
233 9.480
234 9.472
235 9.480
236 9.472
237 9.480
238 9.471
239 9.480
240 9.471
241 9.480
242 9.470
243 9.480
244 9.470
245 9.480
246 9.470
247 9.480
248 9.469
249 9.480
250 9.469
251 9.480
252 9.469
253 9.480
254 9.468
255 9.480
256 9.468
257 9.480
258 9.468
259 9.480
260 9.467
261 9.480
262 9.467
263 9.480
264 9.466
265 9.480
266 9.466
267 9.480
268 9.466
269 9.480
270 9.466
271 9.480
272 9.466
273 9.480
274 9.467
275 9.480
276 9.467
277 9.480
278 9.468
279 9.480
280 9.468
281 9.480
282 9.469
283 9.480
284 9.469
285 9.479
286 9.469
287 9.479
288 9.470
289 9.479
290 9.470
291 9.479
292 9.470
293 9.479
294 9.471
295 9.479
296 9.471
297 9.479
298 9.471
299 9.479
300 9.472
301 9.479
302 9.472
303 9.479
304 9.472
305 9.478
306 9.473
307 9.478
308 9.473
309 9.478
310 9.473
311 9.478
312 9.473
313 9.478
314 9.474
315 9.478
316 9.474
317 9.478
318 9.474
319 9.478
320 9.474
321 9.477
322 9.474
323 9.477
324 9.475
325 9.477
326 9.475
327 9.477
328 9.475
329 9.477
330 9.475
331 9.477
332 9.475
333 9.477
334 9.476
335 9.476
336 9.476
337 9.476
338 9.476
339 9.476
340 9.476
341 9.476
342 9.476
343 9.476
344 9.476
345 9.476
346 9.476
347 9.475
348 9.477
349 9.475
350 9.477
351 9.475
352 9.477
353 9.475
354 9.477
355 9.475
356 9.477
357 9.475
358 9.477
359 9.474
360 9.477
361 9.474
362 9.477
363 9.474
364 9.477
365 9.474
366 9.477
367 9.474
368 9.477
369 9.474
370 9.478
371 9.473
372 9.478
373 9.473
374 9.478
375 9.473
376 9.478
377 9.473
378 9.478
379 9.473
380 9.478
381 9.472
382 9.478
383 9.472
384 9.478
385 9.472
386 9.478
387 9.472
388 9.478
389 9.472
390 9.478
391 9.472
392 9.478
393 9.471
394 9.478
395 9.471
396 9.478
397 9.471
398 9.478
399 9.471
400 9.478
