100.000 12.085
100.020 12.075
100.040 12.064
100.060 12.053
100.080 12.043
100.100 12.032
100.120 12.021
100.140 12.010
100.160 12.000
100.180 11.989
100.200 11.978
100.220 11.968
100.240 11.957
100.260 11.946
100.280 11.936
100.300 11.925
100.320 11.914
100.340 11.903
100.360 11.893
100.380 11.882
100.400 11.871
100.420 11.861
100.440 11.850
100.460 11.839
100.480 11.829
100.500 11.818
100.520 11.807
100.540 11.796
100.560 11.786
100.580 11.775
100.600 11.764
100.620 11.754
100.640 11.743
100.660 11.732
100.680 11.722
100.700 11.711
100.720 11.700
100.740 11.689
100.760 11.679
100.780 11.668
100.800 11.657
100.820 11.647
100.840 11.636
100.860 11.625
100.880 11.614
100.900 11.604
100.920 11.593
100.940 11.582
100.960 11.572
100.980 11.561
101.000 11.550
101.020 11.540
101.040 11.529
101.060 11.518
101.080 11.507
101.100 11.497
101.120 11.486
101.140 11.475
101.160 11.465
101.180 11.454
101.200 11.443
101.220 11.433
101.240 11.422
101.260 11.411
101.280 11.400
101.300 11.390
101.320 11.379
101.340 11.368
101.360 11.358
101.380 11.347
101.400 11.336
101.420 11.326
101.440 11.315
101.460 11.304
101.480 11.293
101.500 11.283
101.520 11.272
101.540 11.261
101.560 11.251
101.580 11.240
101.600 11.229
101.620 11.219
101.640 11.208
101.660 11.197
101.680 11.186
101.700 11.176
101.720 11.165
101.740 11.154
101.760 11.144
101.780 11.133
101.800 11.122
101.820 11.112
101.840 11.101
101.860 11.090
101.880 11.079
101.900 11.069
101.920 11.058
101.940 11.047
101.960 11.037
101.980 11.026
102.000 11.015
102.020 11.004
102.040 10.994
102.060 10.983
102.080 10.972
102.100 10.962
102.120 10.951
102.140 10.940
102.160 10.930
102.180 10.919
102.200 10.908
102.220 10.897
102.240 10.887
102.260 10.876
102.280 10.865
102.300 10.855
102.320 10.844
102.340 10.833
102.360 10.823
102.380 10.812
102.400 10.801
102.420 10.790
102.440 10.780
102.460 10.769
102.480 10.758
102.500 10.748
102.520 10.737
102.540 10.726
102.560 10.716
102.580 10.705
102.600 10.694
102.620 10.683
102.640 10.673
102.660 10.662
102.680 10.651
102.700 10.641
102.720 10.630
102.740 10.619
102.760 10.609
102.780 10.598
102.800 10.587
102.820 10.576
102.840 10.566
102.860 10.555
102.880 10.544
102.900 10.534
102.920 10.523
102.940 10.512
102.960 10.501
102.980 10.491
103.000 10.480
103.020 10.469
103.040 10.459
103.060 10.448
103.080 10.437
103.100 10.427
103.120 10.416
103.140 10.405
103.160 10.394
103.180 10.384
103.200 10.373
103.220 10.362
103.240 10.352
103.260 10.341
103.280 10.330
103.300 10.320
103.320 10.309
103.340 10.298
103.360 10.287
103.380 10.277
103.400 10.266
103.420 10.255
103.440 10.245
103.460 10.234
103.480 10.223
103.500 10.213
103.520 10.202
103.540 10.191
103.560 10.180
103.580 10.170
103.600 10.159
103.620 10.148
103.640 10.138
103.660 10.127
103.680 10.116
103.700 10.106
103.720 10.095
103.740 10.084
103.760 10.073
103.780 10.063
103.800 10.052
103.820 10.041
103.840 10.031
103.860 10.020
103.880 10.009
103.900 9.999
103.920 9.988
103.940 9.977
103.960 9.966
103.980 9.956
104.000 9.945
104.020 9.934
104.040 9.924
104.060 9.913
104.080 9.902
104.100 9.893
104.120 9.884
104.140 9.874
104.160 9.865
104.180 9.856
104.200 9.847
104.220 9.837
104.240 9.828
104.260 9.819
104.280 9.810
104.300 9.800
104.320 9.791
104.340 9.782
104.360 9.773
104.380 9.764
104.400 9.754
104.420 9.745
104.440 9.736
104.460 9.727
104.480 9.717
104.500 9.708
104.520 9.699
104.540 9.690
104.560 9.680
104.580 9.671
104.600 9.662
104.620 9.653
104.640 9.643
104.660 9.634
104.680 9.625
104.700 9.616
104.720 9.606
104.740 9.597
104.760 9.588
104.780 9.579
104.800 9.569
104.820 9.560
104.840 9.551
104.860 9.542
104.880 9.533
104.900 9.523
104.920 9.514
104.940 9.505
104.960 9.496
104.980 9.486
105.000 9.477
105.020 9.468
105.040 9.459
105.060 9.449
105.080 9.440
105.100 9.431
105.120 9.422
105.140 9.412
105.160 9.403
105.180 9.394
105.200 9.385
105.220 9.375
105.240 9.366
105.260 9.357
105.280 9.348
105.300 9.338
105.320 9.329
105.340 9.320
105.360 9.311
105.380 9.302
105.400 9.292
105.420 9.283
105.440 9.274
105.460 9.265
105.480 9.255
105.500 9.246
105.520 9.237
105.540 9.228
105.560 9.218
105.580 9.209
105.600 9.200
105.620 9.191
105.640 9.181
105.660 9.172
105.680 9.163
105.700 9.154
105.720 9.144
105.740 9.135
105.760 9.126
105.780 9.117
105.800 9.108
105.820 9.098
105.840 9.089
105.860 9.080
105.880 9.071
105.900 9.061
105.920 9.052
105.940 9.043
105.960 9.034
105.980 9.024
106.000 9.015
106.020 9.006
106.040 8.997
106.060 8.987
106.080 8.978
106.100 8.969
106.120 8.960
106.140 8.950
106.160 8.941
106.180 8.932
106.200 8.923
106.220 8.913
106.240 8.904
106.260 8.895
106.280 8.886
106.300 8.877
106.320 8.867
106.340 8.858
106.360 8.849
106.380 8.840
106.400 8.830
106.420 8.821
106.440 8.812
106.460 8.803
106.480 8.793
106.500 8.784
106.520 8.775
106.540 8.766
106.560 8.756
106.580 8.747
106.600 8.738
106.620 8.729
106.640 8.719
106.660 8.710
106.680 8.701
106.700 8.692
106.720 8.682
106.740 8.673
106.760 8.664
106.780 8.655
106.800 8.646
106.820 8.636
106.840 8.627
106.860 8.618
106.880 8.609
106.900 8.599
106.920 8.590
106.940 8.581
106.960 8.572
106.980 8.562
107.000 8.553
107.020 8.544
107.040 8.535
107.060 8.525
107.080 8.516
107.100 8.507
107.120 8.498
107.140 8.488
107.160 8.479
107.180 8.470
107.200 8.461
107.220 8.451
107.240 8.442
107.260 8.433
107.280 8.424
107.300 8.415
107.320 8.405
107.340 8.396
107.360 8.387
107.380 8.378
107.400 8.368
107.420 8.359
107.440 8.350
107.460 8.341
107.480 8.331
107.500 8.322
107.520 8.313
107.540 8.304
107.560 8.294
107.580 8.285
107.600 8.276
107.620 8.267
107.640 8.257
107.660 8.248
107.680 8.239
107.700 8.230
107.720 8.221
107.740 8.211
107.760 8.202
107.780 8.193
107.800 8.184
107.820 8.174
107.840 8.165
107.860 8.156
107.880 8.147
107.900 8.137
107.920 8.128
107.940 8.119
107.960 8.110
107.980 8.100
108.000 8.091
108.020 8.082
108.040 8.073
108.060 8.063
108.080 8.054
108.100 8.045
108.120 8.036
108.140 8.026
108.160 8.017
108.180 8.008
108.200 7.999
108.220 7.990
108.240 7.980
108.260 7.971
108.280 7.962
108.300 7.953
108.320 7.943
108.340 7.935
108.360 7.927
108.380 7.919
108.400 7.912
108.420 7.904
108.440 7.896
108.460 7.888
108.480 7.880
108.500 7.873
108.520 7.865
108.540 7.857
108.560 7.849
108.580 7.842
108.600 7.834
108.620 7.826
108.640 7.818
108.660 7.810
108.680 7.803
108.700 7.795
108.720 7.787
108.740 7.779
108.760 7.772
108.780 7.764
108.800 7.756
108.820 7.748
108.840 7.740
108.860 7.733
108.880 7.725
108.900 7.717
108.920 7.709
108.940 7.702
108.960 7.694
108.980 7.686
109.000 7.678
109.020 7.671
109.040 7.663
109.060 7.655
109.080 7.647
109.100 7.639
109.120 7.632
109.140 7.624
109.160 7.616
109.180 7.608
109.200 7.601
109.220 7.593
109.240 7.585
109.260 7.577
109.280 7.569
109.300 7.562
109.320 7.554
109.340 7.546
109.360 7.538
109.380 7.531
109.400 7.523
109.420 7.515
109.440 7.507
109.460 7.499
109.480 7.492
109.500 7.484
109.520 7.476
109.540 7.468
109.560 7.461
109.580 7.453
109.600 7.445
109.620 7.437
109.640 7.429
109.660 7.422
109.680 7.414
109.700 7.406
109.720 7.398
109.740 7.391
109.760 7.383
109.780 7.375
109.800 7.367
109.820 7.359
109.840 7.352
109.860 7.344
109.880 7.336
109.900 7.328
109.920 7.321
109.940 7.313
109.960 7.305
109.980 7.297
110.000 7.289
110.020 7.282
110.040 7.274
110.060 7.266
110.080 7.258
110.100 7.251
110.120 7.243
110.140 7.235
110.160 7.227
110.180 7.219
110.200 7.212
110.220 7.204
110.240 7.196
110.260 7.188
110.280 7.181
110.300 7.173
110.320 7.165
110.340 7.157
110.360 7.149
110.380 7.142
110.400 7.134
110.420 7.126
110.440 7.118
110.460 7.111
110.480 7.103
110.500 7.095
110.520 7.087
110.540 7.080
110.560 7.072
110.580 7.064
110.600 7.056
110.620 7.048
110.640 7.041
110.660 7.033
110.680 7.025
110.700 7.017
110.720 7.010
110.740 7.002
110.760 6.994
110.780 6.986
110.800 6.978
110.820 6.971
110.840 6.963
110.860 6.955
110.880 6.947
110.900 6.940
110.920 6.932
110.940 6.924
110.960 6.916
110.980 6.908
111.000 6.901
111.020 6.893
111.040 6.885
111.060 6.877
111.080 6.870
111.100 6.862
111.120 6.854
111.140 6.846
111.160 6.838
111.180 6.831
111.200 6.823
111.220 6.815
111.240 6.807
111.260 6.800
111.280 6.792
111.300 6.784
111.320 6.776
111.340 6.768
111.360 6.761
111.380 6.753
111.400 6.745
111.420 6.737
111.440 6.730
111.460 6.722
111.480 6.714
111.500 6.706
111.520 6.698
111.540 6.691
111.560 6.683
111.580 6.675
111.600 6.667
111.620 6.660
111.640 6.652
111.660 6.644
111.680 6.636
111.700 6.628
111.720 6.621
111.740 6.613
111.760 6.605
111.780 6.597
111.800 6.590
111.820 6.582
111.840 6.574
111.860 6.566
111.880 6.558
111.900 6.551
111.920 6.543
111.940 6.535
111.960 6.527
111.980 6.520
112.000 6.512
112.020 6.504
112.040 6.496
112.060 6.489
112.080 6.481
112.100 6.473
112.120 6.465
112.140 6.457
112.160 6.450
112.180 6.442
112.200 6.434
112.220 6.426
112.240 6.419
112.260 6.411
112.280 6.403
112.300 6.395
112.320 6.387
112.340 6.380
112.360 6.372
112.380 6.364
112.400 6.356
112.420 6.349
112.440 6.341
112.460 6.333
112.480 6.325
112.500 6.317
112.520 6.310
112.540 6.302
112.560 6.294
112.580 6.286
112.600 6.279
112.620 6.271
112.640 6.263
112.660 6.255
112.680 6.247
112.700 6.240
112.720 6.232
112.740 6.224
112.760 6.217
112.780 6.211
112.800 6.204
112.820 6.198
112.840 6.192
112.860 6.185
112.880 6.179
112.900 6.172
112.920 6.166
112.940 6.160
112.960 6.153
112.980 6.147
113.000 6.141
113.020 6.134
113.040 6.128
113.060 6.122
113.080 6.115
113.100 6.109
113.120 6.102
113.140 6.096
113.160 6.090
113.180 6.083
113.200 6.077
113.220 6.071
113.240 6.064
113.260 6.058
113.280 6.051
113.300 6.045
113.320 6.039
113.340 6.032
113.360 6.026
113.380 6.020
113.400 6.013
113.420 6.007
113.440 6.001
113.460 5.994
113.480 5.988
113.500 5.981
113.520 5.975
113.540 5.969
113.560 5.962
113.580 5.956
113.600 5.950
113.620 5.943
113.640 5.937
113.660 5.930
113.680 5.924
113.700 5.918
113.720 5.911
113.740 5.905
113.760 5.899
113.780 5.892
113.800 5.886
113.820 5.880
113.840 5.873
113.860 5.867
113.880 5.860
113.900 5.854
113.920 5.848
113.940 5.841
113.960 5.835
113.980 5.829
114.000 5.822
114.020 5.816
114.040 5.809
114.060 5.803
114.080 5.797
114.100 5.790
114.120 5.784
114.140 5.778
114.160 5.771
114.180 5.765
114.200 5.758
114.220 5.752
114.240 5.746
114.260 5.739
114.280 5.733
114.300 5.727
114.320 5.720
114.340 5.714
114.360 5.708
114.380 5.701
114.400 5.695
114.420 5.688
114.440 5.682
114.460 5.676
114.480 5.669
114.500 5.663
114.520 5.657
114.540 5.650
114.560 5.644
114.580 5.637
114.600 5.631
114.620 5.625
114.640 5.618
114.660 5.612
114.680 5.606
114.700 5.599
114.720 5.593
114.740 5.587
114.760 5.580
114.780 5.574
114.800 5.567
114.820 5.561
114.840 5.555
114.860 5.548
114.880 5.542
114.900 5.536
114.920 5.529
114.940 5.523
114.960 5.516
114.980 5.510
115.000 5.504
115.020 5.497
115.040 5.491
115.060 5.485
115.080 5.478
115.100 5.472
115.120 5.466
115.140 5.459
115.160 5.453
115.180 5.446
115.200 5.440
115.220 5.434
115.240 5.427
115.260 5.421
115.280 5.415
115.300 5.408
115.320 5.402
115.340 5.395
115.360 5.389
115.380 5.383
115.400 5.376
115.420 5.370
115.440 5.364
115.460 5.357
115.480 5.351
115.500 5.344
115.520 5.338
115.540 5.332
115.560 5.325
115.580 5.319
115.600 5.313
115.620 5.306
115.640 5.300
115.660 5.294
115.680 5.287
115.700 5.281
115.720 5.274
115.740 5.268
115.760 5.262
115.780 5.255
115.800 5.249
115.820 5.243
115.840 5.236
115.860 5.230
115.880 5.223
115.900 5.217
115.920 5.211
115.940 5.204
115.960 5.198
115.980 5.192
116.000 5.185
116.020 5.179
116.040 5.173
116.060 5.166
116.080 5.160
116.100 5.153
116.120 5.147
116.140 5.141
116.160 5.134
116.180 5.128
116.200 5.122
116.220 5.115
116.240 5.109
116.260 5.102
116.280 5.096
116.300 5.090
116.320 5.083
116.340 5.077
116.360 5.071
116.380 5.064
116.400 5.058
116.420 5.052
116.440 5.045
116.460 5.039
116.480 5.032
116.500 5.026
116.520 5.020
116.540 5.013
116.560 5.007
116.580 5.001
116.600 4.994
116.620 4.988
116.640 4.981
116.660 4.975
116.680 4.969
116.700 4.962
116.720 4.956
116.740 4.950
116.760 4.943
116.780 4.937
116.800 4.931
116.820 4.924
116.840 4.918
116.860 4.911
116.880 4.905
116.900 4.899
116.920 4.892
116.940 4.886
116.960 4.880
116.980 4.873
117.000 4.867
117.020 4.860
117.040 4.854
117.060 4.848
117.080 4.841
117.100 4.835
117.120 4.829
117.140 4.822
117.160 4.816
117.180 4.809
117.200 4.803
117.220 4.797
117.240 4.790
117.260 4.784
117.280 4.778
117.300 4.771
117.320 4.765
117.340 4.759
117.360 4.753
117.380 4.748
117.400 4.743
117.420 4.738
117.440 4.732
117.460 4.727
117.480 4.722
117.500 4.717
117.520 4.712
117.540 4.707
117.560 4.702
117.580 4.697
117.600 4.692
117.620 4.687
117.640 4.682
117.660 4.677
117.680 4.672
117.700 4.667
117.720 4.662
117.740 4.656
117.760 4.651
117.780 4.646
117.800 4.641
117.820 4.636
117.840 4.631
117.860 4.626
117.880 4.621
117.900 4.616
117.920 4.611
117.940 4.606
117.960 4.601
117.980 4.596
118.000 4.591
118.020 4.585
118.040 4.580
118.060 4.575
118.080 4.570
118.100 4.565
118.120 4.560
118.140 4.555
118.160 4.550
118.180 4.545
118.200 4.540
118.220 4.535
118.240 4.530
118.260 4.525
118.280 4.520
118.300 4.515
118.320 4.509
118.340 4.504
118.360 4.499
118.380 4.494
118.400 4.489
118.420 4.484
118.440 4.479
118.460 4.474
118.480 4.469
118.500 4.464
118.520 4.459
118.540 4.454
118.560 4.449
118.580 4.444
118.600 4.439
118.620 4.433
118.640 4.428
118.660 4.423
118.680 4.418
118.700 4.413
118.720 4.408
118.740 4.403
118.760 4.398
118.780 4.393
118.800 4.388
118.820 4.383
118.840 4.378
118.860 4.373
118.880 4.368
118.900 4.362
118.920 4.357
118.940 4.352
118.960 4.347
118.980 4.342
119.000 4.337
119.020 4.332
119.040 4.327
119.060 4.322
119.080 4.317
119.100 4.312
119.120 4.307
119.140 4.302
119.160 4.297
119.180 4.292
119.200 4.286
119.220 4.281
119.240 4.276
119.260 4.271
119.280 4.266
119.300 4.261
119.320 4.256
119.340 4.251
119.360 4.246
119.380 4.241
119.400 4.236
119.420 4.231
119.440 4.226
119.460 4.221
119.480 4.215
119.500 4.210
119.520 4.205
119.540 4.200
119.560 4.195
119.580 4.190
119.600 4.185
119.620 4.180
119.640 4.175
119.660 4.170
119.680 4.165
119.700 4.160
119.720 4.155
119.740 4.150
119.760 4.145
119.780 4.139
119.800 4.134
119.820 4.129
119.840 4.124
119.860 4.119
119.880 4.114
119.900 4.109
119.920 4.104
119.940 4.099
119.960 4.094
119.980 4.089
120.000 4.084
120.020 4.079
120.040 4.074
120.060 4.069
120.080 4.063
120.100 4.058
120.120 4.053
120.140 4.048
120.160 4.043
120.180 4.038
120.200 4.033
120.220 4.028
120.240 4.023
120.260 4.018
120.280 4.013
120.300 4.008
120.320 4.003
120.340 3.998
120.360 3.992
120.380 3.987
120.400 3.982
120.420 3.977
120.440 3.972
120.460 3.967
120.480 3.962
120.500 3.957
120.520 3.952
120.540 3.947
120.560 3.942
120.580 3.937
120.600 3.932
120.620 3.927
120.640 3.922
120.660 3.916
120.680 3.911
120.700 3.906
120.720 3.901
120.740 3.896
120.760 3.891
120.780 3.886
120.800 3.881
120.820 3.876
120.840 3.871
120.860 3.866
120.880 3.861
120.900 3.856
120.920 3.851
120.940 3.845
120.960 3.840
120.980 3.835
121.000 3.830
121.020 3.825
121.040 3.820
121.060 3.815
121.080 3.810
121.100 3.805
121.120 3.800
121.140 3.795
121.160 3.790
121.180 3.785
121.200 3.780
121.220 3.775
121.240 3.769
121.260 3.764
121.280 3.759
121.300 3.754
121.320 3.749
121.340 3.744
121.360 3.739
121.380 3.734
121.400 3.729
121.420 3.724
121.440 3.719
121.460 3.714
121.480 3.709
121.500 3.704
121.520 3.698
121.540 3.693
121.560 3.688
121.580 3.683
121.600 3.678
121.620 3.673
121.640 3.668
121.660 3.663
121.680 3.658
121.700 3.653
121.720 3.648
121.740 3.643
121.760 3.638
121.780 3.633
121.800 3.628
121.820 3.622
121.840 3.617
121.860 3.612
121.880 3.607
121.900 3.602
121.920 3.597
121.940 3.592
121.960 3.587
121.980 3.582
122.000 3.577
122.020 3.572
122.040 3.567
122.060 3.562
122.080 3.557
122.100 3.552
122.120 3.546
122.140 3.541
122.160 3.537
122.180 3.534
122.200 3.530
122.220 3.526
122.240 3.522
122.260 3.518
122.280 3.514
122.300 3.510
122.320 3.506
122.340 3.502
122.360 3.498
122.380 3.494
122.400 3.490
122.420 3.487
122.440 3.483
122.460 3.479
122.480 3.475
122.500 3.471
122.520 3.467
122.540 3.463
122.560 3.459
122.580 3.455
122.600 3.451
122.620 3.447
122.640 3.444
122.660 3.440
122.680 3.436
122.700 3.432
122.720 3.428
122.740 3.424
122.760 3.420
122.780 3.416
122.800 3.412
122.820 3.408
122.840 3.404
122.860 3.400
122.880 3.397
122.900 3.393
122.920 3.389
122.940 3.385
122.960 3.381
122.980 3.377
123.000 3.373
123.020 3.369
123.040 3.365
123.060 3.361
123.080 3.357
123.100 3.354
123.120 3.350
123.140 3.346
123.160 3.342
123.180 3.338
123.200 3.334
123.220 3.330
123.240 3.326
123.260 3.322
123.280 3.318
123.300 3.314
123.320 3.310
123.340 3.307
123.360 3.303
123.380 3.299
123.400 3.295
123.420 3.291
123.440 3.287
123.460 3.283
123.480 3.279
123.500 3.275
123.520 3.271
123.540 3.267
123.560 3.264
123.580 3.260
123.600 3.256
123.620 3.252
123.640 3.248
123.660 3.244
123.680 3.240
123.700 3.236
123.720 3.232
123.740 3.228
123.760 3.224
123.780 3.220
123.800 3.217
123.820 3.213
123.840 3.209
123.860 3.205
123.880 3.201
123.900 3.197
123.920 3.193
123.940 3.189
123.960 3.185
123.980 3.181
124.000 3.177
124.020 3.173
124.040 3.170
124.060 3.166
124.080 3.162
124.100 3.158
124.120 3.154
124.140 3.150
124.160 3.146
124.180 3.142
124.200 3.138
124.220 3.134
124.240 3.130
124.260 3.127
124.280 3.123
124.300 3.119
124.320 3.115
124.340 3.111
124.360 3.107
124.380 3.103
124.400 3.099
124.420 3.095
124.440 3.091
124.460 3.087
124.480 3.083
124.500 3.080
124.520 3.076
124.540 3.072
124.560 3.068
124.580 3.064
124.600 3.060
124.620 3.056
124.640 3.052
124.660 3.048
124.680 3.044
124.700 3.040
124.720 3.037
124.740 3.033
124.760 3.029
124.780 3.025
124.800 3.021
124.820 3.017
124.840 3.013
124.860 3.009
124.880 3.005
124.900 3.001
124.920 2.997
124.940 2.993
124.960 2.990
124.980 2.986
125.000 2.982
125.020 2.978
125.040 2.974
125.060 2.970
125.080 2.966
125.100 2.962
125.120 2.958
125.140 2.954
125.160 2.950
125.180 2.947
125.200 2.943
125.220 2.939
125.240 2.935
125.260 2.931
125.280 2.927
125.300 2.923
125.320 2.919
125.340 2.915
125.360 2.911
125.380 2.907
125.400 2.903
125.420 2.900
125.440 2.896
125.460 2.892
125.480 2.888
125.500 2.884
125.520 2.880
125.540 2.876
125.560 2.872
125.580 2.868
125.600 2.864
125.620 2.860
125.640 2.857
125.660 2.853
125.680 2.849
125.700 2.845
125.720 2.841
125.740 2.837
125.760 2.833
125.780 2.829
125.800 2.825
125.820 2.821
125.840 2.817
125.860 2.813
125.880 2.810
125.900 2.806
125.920 2.802
125.940 2.798
125.960 2.794
125.980 2.790
126.000 2.786
126.020 2.782
126.040 2.778
126.060 2.774
126.080 2.770
126.100 2.767
126.120 2.763
126.140 2.759
126.160 2.755
126.180 2.751
126.200 2.747
126.220 2.743
126.240 2.739
126.260 2.735
126.280 2.731
126.300 2.727
126.320 2.723
126.340 2.720
126.360 2.716
126.380 2.712
126.400 2.708
126.420 2.704
126.440 2.700
126.460 2.696
126.480 2.692
126.500 2.688
126.520 2.684
126.540 2.680
126.560 2.676
126.580 2.673
126.600 2.669
126.620 2.665
126.640 2.661
126.660 2.657
126.680 2.653
126.700 2.649
126.720 2.645
126.740 2.641
126.760 2.637
126.780 2.633
126.800 2.630
126.820 2.626
126.840 2.622
126.860 2.618
126.880 2.614
126.900 2.610
126.920 2.606
126.940 2.602
126.960 2.598
126.980 2.594
127.000 2.590
127.020 2.586
127.040 2.583
127.060 2.579
127.080 2.575
127.100 2.571
127.120 2.567
127.140 2.564
127.160 2.561
127.180 2.558
127.200 2.555
127.220 2.552
127.240 2.549
127.260 2.546
127.280 2.543
127.300 2.540
127.320 2.537
127.340 2.534
127.360 2.532
127.380 2.529
127.400 2.526
127.420 2.523
127.440 2.520
127.460 2.517
127.480 2.514
127.500 2.511
127.520 2.508
127.540 2.505
127.560 2.502
127.580 2.499
127.600 2.496
127.620 2.493
127.640 2.491
127.660 2.488
127.680 2.485
127.700 2.482
127.720 2.479
127.740 2.476
127.760 2.473
127.780 2.470
127.800 2.467
127.820 2.464
127.840 2.461
127.860 2.458
127.880 2.455
127.900 2.452
127.920 2.450
127.940 2.447
127.960 2.444
127.980 2.441
128.000 2.438
128.020 2.435
128.040 2.432
128.060 2.429
128.080 2.426
128.100 2.423
128.120 2.420
128.140 2.417
128.160 2.414
128.180 2.412
128.200 2.409
128.220 2.406
128.240 2.403
128.260 2.400
128.280 2.397
128.300 2.394
128.320 2.391
128.340 2.388
128.360 2.385
128.380 2.382
128.400 2.379
128.420 2.376
128.440 2.373
128.460 2.371
128.480 2.368
128.500 2.365
128.520 2.362
128.540 2.359
128.560 2.356
128.580 2.353
128.600 2.350
128.620 2.347
128.640 2.344
128.660 2.341
128.680 2.338
128.700 2.335
128.720 2.332
128.740 2.330
128.760 2.327
128.780 2.324
128.800 2.321
128.820 2.318
128.840 2.315
128.860 2.312
128.880 2.309
128.900 2.306
128.920 2.303
128.940 2.300
128.960 2.297
128.980 2.294
129.000 2.291
129.020 2.289
129.040 2.286
129.060 2.283
129.080 2.280
129.100 2.277
129.120 2.274
129.140 2.271
129.160 2.268
129.180 2.265
129.200 2.262
129.220 2.259
129.240 2.256
129.260 2.253
129.280 2.250
129.300 2.248
129.320 2.245
129.340 2.242
129.360 2.239
129.380 2.236
129.400 2.233
129.420 2.230
129.440 2.227
129.460 2.224
129.480 2.221
129.500 2.218
129.520 2.215
129.540 2.212
129.560 2.209
129.580 2.207
129.600 2.204
129.620 2.201
129.640 2.198
129.660 2.195
129.680 2.192
129.700 2.189
129.720 2.186
129.740 2.183
129.760 2.180
129.780 2.177
129.800 2.174
129.820 2.171
129.840 2.168
129.860 2.166
129.880 2.163
129.900 2.160
129.920 2.157
129.940 2.154
129.960 2.151
129.980 2.148
130.000 2.145
130.020 2.142
130.040 2.139
130.060 2.136
130.080 2.133
130.100 2.130
130.120 2.128
130.140 2.125
130.160 2.122
130.180 2.119
130.200 2.116
130.220 2.113
130.240 2.110
130.260 2.107
130.280 2.104
130.300 2.101
130.320 2.098
130.340 2.095
130.360 2.092
130.380 2.089
130.400 2.087
130.420 2.084
130.440 2.081
130.460 2.078
130.480 2.075
130.500 2.072
130.520 2.069
130.540 2.066
130.560 2.063
130.580 2.060
130.600 2.057
130.620 2.054
130.640 2.051
130.660 2.048
130.680 2.046
130.700 2.043
130.720 2.040
130.740 2.037
130.760 2.034
130.780 2.031
130.800 2.028
130.820 2.025
130.840 2.022
130.860 2.019
130.880 2.016
130.900 2.013
130.920 2.010
130.940 2.007
130.960 2.005
130.980 2.002
131.000 1.999
131.020 1.996
131.040 1.993
131.060 1.990
131.080 1.987
131.100 1.984
131.120 1.981
131.140 1.978
131.160 1.975
131.180 1.972
131.200 1.969
131.220 1.966
131.240 1.964
131.260 1.961
131.280 1.958
131.300 1.955
131.320 1.952
131.340 1.949
131.360 1.946
131.380 1.943
131.400 1.940
131.420 1.937
131.440 1.934
131.460 1.931
131.480 1.928
131.500 1.925
131.520 1.923
131.540 1.920
131.560 1.917
131.580 1.914
131.600 1.911
131.620 1.908
131.640 1.905
131.660 1.902
131.680 1.899
131.700 1.896
131.720 1.893
131.740 1.890
131.760 1.887
131.780 1.884
131.800 1.882
131.820 1.879
131.840 1.876
131.860 1.873
131.880 1.870
131.900 1.867
131.920 1.864
131.940 1.861
131.960 1.858
131.980 1.855
132.000 1.852
132.020 1.849
132.040 1.846
132.060 1.844
132.080 1.841
132.100 1.838
132.120 1.835
132.140 1.832
132.160 1.829
132.180 1.826
132.200 1.823
132.220 1.820
132.240 1.817
132.260 1.814
132.280 1.811
132.300 1.808
132.320 1.806
132.340 1.804
132.360 1.801
132.380 1.799
132.400 1.797
132.420 1.795
132.440 1.793
132.460 1.791
132.480 1.789
132.500 1.787
132.520 1.785
132.540 1.782
132.560 1.780
132.580 1.778
132.600 1.776
132.620 1.774
132.640 1.772
132.660 1.770
132.680 1.768
132.700 1.765
132.720 1.763
132.740 1.761
132.760 1.759
132.780 1.757
132.800 1.755
132.820 1.753
132.840 1.751
132.860 1.748
132.880 1.746
132.900 1.744
132.920 1.742
132.940 1.740
132.960 1.738
132.980 1.736
133.000 1.734
133.020 1.732
133.040 1.729
133.060 1.727
133.080 1.725
133.100 1.723
133.120 1.721
133.140 1.719
133.160 1.717
133.180 1.715
133.200 1.712
133.220 1.710
133.240 1.708
133.260 1.706
133.280 1.704
133.300 1.702
133.320 1.700
133.340 1.698
133.360 1.695
133.380 1.693
133.400 1.691
133.420 1.689
133.440 1.687
133.460 1.685
133.480 1.683
133.500 1.681
133.520 1.679
133.540 1.676
133.560 1.674
133.580 1.672
133.600 1.670
133.620 1.668
133.640 1.666
133.660 1.664
133.680 1.662
133.700 1.659
133.720 1.657
133.740 1.655
133.760 1.653
133.780 1.651
133.800 1.649
133.820 1.647
133.840 1.645
133.860 1.643
133.880 1.640
133.900 1.638
133.920 1.636
133.940 1.634
133.960 1.632
133.980 1.630
134.000 1.628
134.020 1.626
134.040 1.623
134.060 1.621
134.080 1.619
134.100 1.617
134.120 1.615
134.140 1.613
134.160 1.611
134.180 1.609
134.200 1.606
134.220 1.604
134.240 1.602
134.260 1.600
134.280 1.598
134.300 1.596
134.320 1.594
134.340 1.592
134.360 1.590
134.380 1.587
134.400 1.585
134.420 1.583
134.440 1.581
134.460 1.579
134.480 1.577
134.500 1.575
134.520 1.573
134.540 1.570
134.560 1.568
134.580 1.566
134.600 1.564
134.620 1.562
134.640 1.560
134.660 1.558
134.680 1.556
134.700 1.553
134.720 1.551
134.740 1.549
134.760 1.547
134.780 1.545
134.800 1.543
134.820 1.541
134.840 1.539
134.860 1.537
134.880 1.534
134.900 1.532
134.920 1.530
134.940 1.528
134.960 1.526
134.980 1.524
135.000 1.522
135.020 1.520
135.040 1.517
135.060 1.515
135.080 1.513
135.100 1.511
135.120 1.509
135.140 1.507
135.160 1.505
135.180 1.503
135.200 1.500
135.220 1.498
135.240 1.496
135.260 1.494
135.280 1.492
135.300 1.490
135.320 1.488
135.340 1.486
135.360 1.484
135.380 1.481
135.400 1.479
135.420 1.477
135.440 1.475
135.460 1.473
135.480 1.471
135.500 1.469
135.520 1.467
135.540 1.464
135.560 1.462
135.580 1.460
135.600 1.458
135.620 1.456
135.640 1.454
135.660 1.452
135.680 1.450
135.700 1.447
135.720 1.445
135.740 1.443
135.760 1.441
135.780 1.439
135.800 1.437
135.820 1.435
135.840 1.433
135.860 1.431
135.880 1.428
135.900 1.426
135.920 1.424
135.940 1.422
135.960 1.420
135.980 1.418
136.000 1.416
136.020 1.414
136.040 1.411
136.060 1.409
136.080 1.407
136.100 1.405
136.120 1.403
136.140 1.401
136.160 1.399
136.180 1.397
136.200 1.394
136.220 1.392
136.240 1.390
136.260 1.388
136.280 1.386
136.300 1.384
136.320 1.382
136.340 1.380
136.360 1.378
136.380 1.375
136.400 1.373
136.420 1.371
136.440 1.369
136.460 1.367
136.480 1.365
136.500 1.363
136.520 1.361
136.540 1.358
136.560 1.356
136.580 1.354
136.600 1.352
136.620 1.350
136.640 1.348
136.660 1.346
136.680 1.344
136.700 1.341
136.720 1.339
136.740 1.337
136.760 1.335
136.780 1.333
136.800 1.331
136.820 1.329
136.840 1.327
136.860 1.325
136.880 1.322
136.900 1.320
136.920 1.318
136.940 1.316
136.960 1.314
136.980 1.312
137.000 1.310
137.020 1.308
137.040 1.305
137.060 1.303
137.080 1.301
137.100 1.299
137.120 1.297
137.140 1.295
137.160 1.293
137.180 1.291
137.200 1.288
137.220 1.286
137.240 1.284
137.260 1.282
137.280 1.280
137.300 1.278
137.320 1.276
137.340 1.274
137.360 1.272
137.380 1.269
137.400 1.267
137.420 1.265
137.440 1.263
137.460 1.261
137.480 1.259
137.500 1.257
137.520 1.255
137.540 1.252
137.560 1.250
137.580 1.248
137.600 1.246
137.620 1.244
137.640 1.242
137.660 1.240
137.680 1.238
137.700 1.235
137.720 1.234
137.740 1.232
137.760 1.231
137.780 1.229
137.800 1.228
137.820 1.226
137.840 1.225
137.860 1.223
137.880 1.222
137.900 1.220
137.920 1.219
137.940 1.217
137.960 1.216
137.980 1.214
138.000 1.213
138.020 1.211
138.040 1.210
138.060 1.208
138.080 1.207
138.100 1.205
138.120 1.204
138.140 1.202
138.160 1.201
138.180 1.199
138.200 1.198
138.220 1.197
138.240 1.195
138.260 1.194
138.280 1.192
138.300 1.191
138.320 1.189
138.340 1.188
138.360 1.186
138.380 1.185
138.400 1.183
138.420 1.182
138.440 1.180
138.460 1.179
138.480 1.177
138.500 1.176
138.520 1.174
138.540 1.173
138.560 1.171
138.580 1.170
138.600 1.168
138.620 1.167
138.640 1.165
138.660 1.164
138.680 1.162
138.700 1.161
138.720 1.159
138.740 1.158
138.760 1.156
138.780 1.155
138.800 1.153
138.820 1.152
138.840 1.151
138.860 1.149
138.880 1.148
138.900 1.146
138.920 1.145
138.940 1.143
138.960 1.142
138.980 1.140
139.000 1.139
139.020 1.137
139.040 1.136
139.060 1.134
139.080 1.133
139.100 1.131
139.120 1.130
139.140 1.128
139.160 1.127
139.180 1.125
139.200 1.124
139.220 1.122
139.240 1.121
139.260 1.119
139.280 1.118
139.300 1.116
139.320 1.115
139.340 1.113
139.360 1.112
139.380 1.110
139.400 1.109
139.420 1.107
139.440 1.106
139.460 1.105
139.480 1.103
139.500 1.102
139.520 1.100
139.540 1.099
139.560 1.097
139.580 1.096
139.600 1.094
139.620 1.093
139.640 1.091
139.660 1.090
139.680 1.088
139.700 1.087
139.720 1.085
139.740 1.084
139.760 1.082
139.780 1.081
139.800 1.079
139.820 1.078
139.840 1.076
139.860 1.075
139.880 1.073
139.900 1.072
139.920 1.070
139.940 1.069
139.960 1.067
139.980 1.066
140.000 1.064
140.020 1.063
140.040 1.061
140.060 1.060
140.080 1.059
140.100 1.057
140.120 1.056
140.140 1.054
140.160 1.053
140.180 1.051
140.200 1.050
140.220 1.048
140.240 1.047
140.260 1.045
140.280 1.044
140.300 1.042
140.320 1.041
140.340 1.039
140.360 1.038
140.380 1.036
140.400 1.035
140.420 1.033
140.440 1.032
140.460 1.030
140.480 1.029
140.500 1.027
140.520 1.026
140.540 1.024
140.560 1.023
140.580 1.021
140.600 1.020
140.620 1.018
140.640 1.017
140.660 1.015
140.680 1.014
140.700 1.013
140.720 1.011
140.740 1.010
140.760 1.008
140.780 1.007
140.800 1.005
140.820 1.004
140.840 1.002
140.860 1.001
140.880 0.999
140.900 0.998
140.920 0.996
140.940 0.995
140.960 0.993
140.980 0.992
141.000 0.990
141.020 0.989
141.040 0.987
141.060 0.986
141.080 0.984
141.100 0.983
141.120 0.981
141.140 0.980
141.160 0.978
141.180 0.977
141.200 0.975
141.220 0.974
141.240 0.972
141.260 0.971
141.280 0.969
141.300 0.968
141.320 0.967
141.340 0.965
141.360 0.964
141.380 0.962
141.400 0.961
141.420 0.959
141.440 0.958
141.460 0.956
141.480 0.955
141.500 0.953
141.520 0.952
141.540 0.950
141.560 0.949
141.580 0.947
141.600 0.946
141.620 0.944
141.640 0.943
141.660 0.941
141.680 0.940
141.700 0.938
141.720 0.937
141.740 0.935
141.760 0.934
141.780 0.932
141.800 0.931
141.820 0.929
141.840 0.928
141.860 0.926
141.880 0.925
141.900 0.923
141.920 0.922
141.940 0.921
141.960 0.919
141.980 0.918
142.000 0.916
142.020 0.915
142.040 0.913
142.060 0.912
142.080 0.910
142.100 0.909
142.120 0.907
142.140 0.906
142.160 0.904
142.180 0.903
142.200 0.901
142.220 0.900
142.240 0.898
142.260 0.897
142.280 0.895
142.300 0.894
142.320 0.892
142.340 0.891
142.360 0.889
142.380 0.888
142.400 0.886
142.420 0.885
142.440 0.883
142.460 0.882
142.480 0.880
142.500 0.879
142.520 0.877
142.540 0.876
142.560 0.875
142.580 0.873
142.600 0.872
142.620 0.870
142.640 0.869
142.660 0.867
142.680 0.866
142.700 0.864
142.720 0.863
142.740 0.861
142.760 0.860
142.780 0.858
142.800 0.857
142.820 0.855
142.840 0.854
142.860 0.852
142.880 0.851
142.900 0.849
142.920 0.848
142.940 0.846
142.960 0.845
142.980 0.843
143.000 0.842
143.020 0.840
143.040 0.839
143.060 0.837
143.080 0.836
143.100 0.834
143.120 0.833
143.140 0.831
143.160 0.830
143.180 0.829
143.200 0.827
143.220 0.826
143.240 0.824
143.260 0.823
143.280 0.821
143.300 0.820
143.320 0.818
143.340 0.817
143.360 0.816
143.380 0.815
143.400 0.814
143.420 0.813
143.440 0.812
143.460 0.811
143.480 0.810
143.500 0.809
143.520 0.808
143.540 0.807
143.560 0.806
143.580 0.805
143.600 0.804
143.620 0.803
143.640 0.802
143.660 0.801
143.680 0.800
143.700 0.799
143.720 0.798
143.740 0.797
143.760 0.796
143.780 0.795
143.800 0.794
143.820 0.793
143.840 0.792
143.860 0.791
143.880 0.790
143.900 0.789
143.920 0.788
143.940 0.787
143.960 0.786
143.980 0.785
144.000 0.784
144.020 0.783
144.040 0.782
144.060 0.781
144.080 0.780
144.100 0.779
144.120 0.778
144.140 0.777
144.160 0.776
144.180 0.775
144.200 0.774
144.220 0.773
144.240 0.772
144.260 0.771
144.280 0.770
144.300 0.769
144.320 0.768
144.340 0.767
144.360 0.766
144.380 0.765
144.400 0.764
144.420 0.763
144.440 0.762
144.460 0.761
144.480 0.760
144.500 0.759
144.520 0.758
144.540 0.757
144.560 0.756
144.580 0.755
144.600 0.754
144.620 0.753
144.640 0.752
144.660 0.751
144.680 0.750
144.700 0.749
144.720 0.748
144.740 0.747
144.760 0.746
144.780 0.745
144.800 0.744
144.820 0.743
144.840 0.742
144.860 0.741
144.880 0.740
144.900 0.739
144.920 0.738
144.940 0.737
144.960 0.736
144.980 0.735
145.000 0.734
145.020 0.733
145.040 0.732
145.060 0.731
145.080 0.730
145.100 0.729
145.120 0.728
145.140 0.727
145.160 0.726
145.180 0.725
145.200 0.724
145.220 0.723
145.240 0.722
145.260 0.721
145.280 0.720
145.300 0.719
145.320 0.718
145.340 0.717
145.360 0.716
145.380 0.715
145.400 0.714
145.420 0.713
145.440 0.712
145.460 0.710
145.480 0.709
145.500 0.708
145.520 0.707
145.540 0.706
145.560 0.705
145.580 0.704
145.600 0.703
145.620 0.702
145.640 0.701
145.660 0.700
145.680 0.699
145.700 0.698
145.720 0.697
145.740 0.696
145.760 0.695
145.780 0.694
145.800 0.693
145.820 0.692
145.840 0.691
145.860 0.690
145.880 0.689
145.900 0.688
145.920 0.687
145.940 0.686
145.960 0.685
145.980 0.684
146.000 0.683
146.020 0.682
146.040 0.681
146.060 0.680
146.080 0.679
146.100 0.678
146.120 0.677
146.140 0.676
146.160 0.675
146.180 0.674
146.200 0.673
146.220 0.672
146.240 0.671
146.260 0.670
146.280 0.669
146.300 0.668
146.320 0.667
146.340 0.666
146.360 0.665
146.380 0.664
146.400 0.663
146.420 0.662
146.440 0.661
146.460 0.660
146.480 0.659
146.500 0.658
146.520 0.657
146.540 0.656
146.560 0.655
146.580 0.654
146.600 0.653
146.620 0.652
146.640 0.651
146.660 0.650
146.680 0.649
146.700 0.648
146.720 0.647
146.740 0.646
146.760 0.645
146.780 0.644
146.800 0.643
146.820 0.642
146.840 0.641
146.860 0.640
146.880 0.639
146.900 0.638
146.920 0.637
146.940 0.636
146.960 0.635
146.980 0.634
147.000 0.633
147.020 0.632
147.040 0.631
147.060 0.630
147.080 0.629
147.100 0.628
147.120 0.627
147.140 0.626
147.160 0.625
147.180 0.624
147.200 0.623
147.220 0.622
147.240 0.621
147.260 0.620
147.280 0.619
147.300 0.618
147.320 0.617
147.340 0.616
147.360 0.615
147.380 0.614
147.400 0.613
147.420 0.612
147.440 0.611
147.460 0.610
147.480 0.609
147.500 0.608
147.520 0.607
147.540 0.606
147.560 0.605
147.580 0.604
147.600 0.603
147.620 0.602
147.640 0.601
147.660 0.600
147.680 0.599
147.700 0.598
147.720 0.597
147.740 0.596
147.760 0.595
147.780 0.594
147.800 0.593
147.820 0.592
147.840 0.591
147.860 0.590
147.880 0.589
147.900 0.588
147.920 0.587
147.940 0.586
147.960 0.585
147.980 0.584
148.000 0.583
148.020 0.582
148.040 0.581
148.060 0.580
148.080 0.579
148.100 0.578
148.120 0.577
148.140 0.576
148.160 0.575
148.180 0.574
148.200 0.573
148.220 0.572
148.240 0.571
148.260 0.570
148.280 0.569
148.300 0.568
148.320 0.567
148.340 0.566
148.360 0.565
148.380 0.564
148.400 0.563
148.420 0.562
148.440 0.561
148.460 0.560
148.480 0.559
148.500 0.558
148.520 0.557
148.540 0.556
148.560 0.555
148.580 0.554
148.600 0.553
148.620 0.552
148.640 0.551
148.660 0.550
148.680 0.549
148.700 0.548
148.720 0.547
148.740 0.546
148.760 0.545
148.780 0.544
148.800 0.543
148.820 0.542
148.840 0.541
148.860 0.540
148.880 0.539
148.900 0.538
148.920 0.537
148.940 0.536
148.960 0.535
148.980 0.534
149.000 0.533
149.020 0.532
149.040 0.531
149.060 0.530
149.080 0.529
149.100 0.528
149.120 0.527
149.140 0.526
149.160 0.525
149.180 0.524
149.200 0.523
149.220 0.523
149.240 0.522
149.260 0.521
149.280 0.521
149.300 0.520
149.320 0.519
149.340 0.519
149.360 0.518
149.380 0.517
149.400 0.517
149.420 0.516
149.440 0.515
149.460 0.515
149.480 0.514
149.500 0.513
149.520 0.513
149.540 0.512
149.560 0.511
149.580 0.511
149.600 0.510
149.620 0.510
149.640 0.509
149.660 0.508
149.680 0.508
149.700 0.507
149.720 0.506
149.740 0.506
149.760 0.505
149.780 0.504
149.800 0.504
149.820 0.503
149.840 0.502
149.860 0.502
149.880 0.501
149.900 0.500
149.920 0.500
149.940 0.499
149.960 0.498
149.980 0.498
150.000 0.497
150.020 0.496
150.040 0.496
150.060 0.495
150.080 0.494
150.100 0.494
150.120 0.493
150.140 0.492
150.160 0.492
150.180 0.491
150.200 0.491
150.220 0.490
150.240 0.489
150.260 0.489
150.280 0.488
150.300 0.487
150.320 0.487
150.340 0.486
150.360 0.485
150.380 0.485
150.400 0.484
150.420 0.483
150.440 0.483
150.460 0.482
150.480 0.481
150.500 0.481
150.520 0.480
150.540 0.479
150.560 0.479
150.580 0.478
150.600 0.477
150.620 0.477
150.640 0.476
150.660 0.475
150.680 0.475
150.700 0.474
150.720 0.474
150.740 0.473
150.760 0.472
150.780 0.472
150.800 0.471
150.820 0.470
150.840 0.470
150.860 0.469
150.880 0.468
150.900 0.468
150.920 0.467
150.940 0.466
150.960 0.466
150.980 0.465
151.000 0.464
151.020 0.464
151.040 0.463
151.060 0.462
151.080 0.462
151.100 0.461
151.120 0.460
151.140 0.460
151.160 0.459
151.180 0.458
151.200 0.458
151.220 0.457
151.240 0.457
151.260 0.456
151.280 0.455
151.300 0.455
151.320 0.454
151.340 0.453
151.360 0.453
151.380 0.452
151.400 0.451
151.420 0.451
151.440 0.450
151.460 0.449
151.480 0.449
151.500 0.448
151.520 0.447
151.540 0.447
151.560 0.446
151.580 0.445
151.600 0.445
151.620 0.444
151.640 0.443
151.660 0.443
151.680 0.442
151.700 0.441
151.720 0.441
151.740 0.440
151.760 0.440
151.780 0.439
151.800 0.438
151.820 0.438
151.840 0.437
151.860 0.436
151.880 0.436
151.900 0.435
151.920 0.434
151.940 0.434
151.960 0.433
151.980 0.432
152.000 0.432
152.020 0.431
152.040 0.430
152.060 0.430
152.080 0.429
152.100 0.428
152.120 0.428
152.140 0.427
152.160 0.426
152.180 0.426
152.200 0.425
152.220 0.424
152.240 0.424
152.260 0.423
152.280 0.423
152.300 0.422
152.320 0.421
152.340 0.421
152.360 0.420
152.380 0.419
152.400 0.419
152.420 0.418
152.440 0.417
152.460 0.417
152.480 0.416
152.500 0.415
152.520 0.415
152.540 0.414
152.560 0.413
152.580 0.413
152.600 0.412
152.620 0.411
152.640 0.411
152.660 0.410
152.680 0.409
152.700 0.409
152.720 0.408
152.740 0.407
152.760 0.407
152.780 0.406
152.800 0.405
152.820 0.405
152.840 0.404
152.860 0.404
152.880 0.403
152.900 0.402
152.920 0.402
152.940 0.401
152.960 0.400
152.980 0.400
153.000 0.399
153.020 0.398
153.040 0.398
153.060 0.397
153.080 0.396
153.100 0.396
153.120 0.395
153.140 0.394
153.160 0.394
153.180 0.393
153.200 0.392
153.220 0.392
153.240 0.391
153.260 0.390
153.280 0.390
153.300 0.389
153.320 0.388
153.340 0.388
153.360 0.387
153.380 0.387
153.400 0.386
153.420 0.385
153.440 0.385
153.460 0.384
153.480 0.383
153.500 0.383
153.520 0.382
153.540 0.381
153.560 0.381
153.580 0.380
153.600 0.379
153.620 0.379
153.640 0.378
153.660 0.377
153.680 0.377
153.700 0.376
153.720 0.375
153.740 0.375
153.760 0.374
153.780 0.373
153.800 0.373
153.820 0.372
153.840 0.371
153.860 0.371
153.880 0.370
153.900 0.370
153.920 0.369
153.940 0.368
153.960 0.368
153.980 0.367
154.000 0.366
154.020 0.366
154.040 0.365
154.060 0.364
154.080 0.364
154.100 0.363
154.120 0.362
154.140 0.362
154.160 0.361
154.180 0.360
154.200 0.360
154.220 0.359
154.240 0.358
154.260 0.358
154.280 0.357
154.300 0.356
154.320 0.356
154.340 0.355
154.360 0.354
154.380 0.354
154.400 0.353
154.420 0.353
154.440 0.352
154.460 0.351
154.480 0.351
154.500 0.350
154.520 0.349
154.540 0.349
154.560 0.348
154.580 0.347
154.600 0.347
154.620 0.346
154.640 0.345
154.660 0.345
154.680 0.344
154.700 0.343
154.720 0.343
154.740 0.342
154.760 0.341
154.780 0.341
154.800 0.340
154.820 0.339
154.840 0.339
154.860 0.338
154.880 0.337
154.900 0.337
154.920 0.336
154.940 0.336
154.960 0.335
154.980 0.334
155.000 0.334
155.020 0.333
155.040 0.332
155.060 0.332
155.080 0.331
155.100 0.330
155.120 0.330
155.140 0.329
155.160 0.328
155.180 0.328
155.200 0.327
155.220 0.326
155.240 0.326
155.260 0.325
155.280 0.324
155.300 0.324
155.320 0.324
155.340 0.323
155.360 0.323
155.380 0.322
155.400 0.322
155.420 0.322
155.440 0.321
155.460 0.321
155.480 0.320
155.500 0.320
155.520 0.320
155.540 0.319
155.560 0.319
155.580 0.318
155.600 0.318
155.620 0.318
155.640 0.317
155.660 0.317
155.680 0.316
155.700 0.316
155.720 0.315
155.740 0.315
155.760 0.315
155.780 0.314
155.800 0.314
155.820 0.313
155.840 0.313
155.860 0.313
155.880 0.312
155.900 0.312
155.920 0.311
155.940 0.311
155.960 0.311
155.980 0.310
156.000 0.310
156.020 0.309
156.040 0.309
156.060 0.308
156.080 0.308
156.100 0.308
156.120 0.307
156.140 0.307
156.160 0.306
156.180 0.306
156.200 0.306
156.220 0.305
156.240 0.305
156.260 0.304
156.280 0.304
156.300 0.304
156.320 0.303
156.340 0.303
156.360 0.302
156.380 0.302
156.400 0.301
156.420 0.301
156.440 0.301
156.460 0.300
156.480 0.300
156.500 0.299
156.520 0.299
156.540 0.299
156.560 0.298
156.580 0.298
156.600 0.297
156.620 0.297
156.640 0.297
156.660 0.296
156.680 0.296
156.700 0.295
156.720 0.295
156.740 0.294
156.760 0.294
156.780 0.294
156.800 0.293
156.820 0.293
156.840 0.292
156.860 0.292
156.880 0.292
156.900 0.291
156.920 0.291
156.940 0.290
156.960 0.290
156.980 0.290
157.000 0.289
157.020 0.289
157.040 0.288
157.060 0.288
157.080 0.287
157.100 0.287
157.120 0.287
157.140 0.286
157.160 0.286
157.180 0.285
157.200 0.285
157.220 0.285
157.240 0.284
157.260 0.284
157.280 0.283
157.300 0.283
157.320 0.283
157.340 0.282
157.360 0.282
157.380 0.281
157.400 0.281
157.420 0.280
157.440 0.280
157.460 0.280
157.480 0.279
157.500 0.279
157.520 0.278
157.540 0.278
157.560 0.278
157.580 0.277
157.600 0.277
157.620 0.276
157.640 0.276
157.660 0.276
157.680 0.275
157.700 0.275
157.720 0.274
157.740 0.274
157.760 0.274
157.780 0.273
157.800 0.273
157.820 0.272
157.840 0.272
157.860 0.271
157.880 0.271
157.900 0.271
157.920 0.270
157.940 0.270
157.960 0.269
157.980 0.269
158.000 0.269
158.020 0.268
158.040 0.268
158.060 0.267
158.080 0.267
158.100 0.267
158.120 0.266
158.140 0.266
158.160 0.265
158.180 0.265
158.200 0.264
158.220 0.264
158.240 0.264
158.260 0.263
158.280 0.263
158.300 0.262
158.320 0.262
158.340 0.262
158.360 0.261
158.380 0.261
158.400 0.260
158.420 0.260
158.440 0.260
158.460 0.259
158.480 0.259
158.500 0.258
158.520 0.258
158.540 0.257
158.560 0.257
158.580 0.257
158.600 0.256
158.620 0.256
158.640 0.255
158.660 0.255
158.680 0.255
158.700 0.254
158.720 0.254
158.740 0.253
158.760 0.253
158.780 0.253
158.800 0.252
158.820 0.252
158.840 0.251
158.860 0.251
158.880 0.250
158.900 0.250
158.920 0.250
158.940 0.249
158.960 0.249
158.980 0.248
159.000 0.248
159.020 0.248
159.040 0.247
159.060 0.247
159.080 0.246
159.100 0.246
159.120 0.246
159.140 0.245
159.160 0.245
159.180 0.244
159.200 0.244
159.220 0.243
159.240 0.243
159.260 0.243
159.280 0.242
159.300 0.242
159.320 0.241
159.340 0.241
159.360 0.241
159.380 0.240
159.400 0.240
159.420 0.239
159.440 0.239
159.460 0.239
159.480 0.238
159.500 0.238
159.520 0.237
159.540 0.237
159.560 0.236
159.580 0.236
159.600 0.236
159.620 0.235
159.640 0.235
159.660 0.234
159.680 0.234
159.700 0.234
159.720 0.233
159.740 0.233
159.760 0.232
159.780 0.232
159.800 0.232
159.820 0.231
159.840 0.231
159.860 0.230
159.880 0.230
159.900 0.230
159.920 0.229
159.940 0.229
159.960 0.228
159.980 0.228
160.000 0.227
160.020 0.227
160.040 0.227
160.060 0.226
160.080 0.226
160.100 0.225
160.120 0.225
160.140 0.225
160.160 0.224
160.180 0.224
160.200 0.223
160.220 0.223
160.240 0.223
160.260 0.222
160.280 0.222
160.300 0.221
160.320 0.221
160.340 0.220
160.360 0.220
160.380 0.220
160.400 0.219
160.420 0.219
160.440 0.218
160.460 0.218
160.480 0.218
160.500 0.217
160.520 0.217
160.540 0.216
160.560 0.216
160.580 0.216
160.600 0.215
160.620 0.215
160.640 0.214
160.660 0.214
160.680 0.213
160.700 0.213
160.720 0.213
160.740 0.212
160.760 0.212
160.780 0.211
160.800 0.211
160.820 0.211
160.840 0.210
160.860 0.210
160.880 0.209
160.900 0.209
160.920 0.209
160.940 0.208
160.960 0.208
160.980 0.207
161.000 0.207
161.020 0.206
161.040 0.206
161.060 0.206
161.080 0.205
161.100 0.205
161.120 0.204
161.140 0.204
161.160 0.204
161.180 0.203
161.200 0.203
161.220 0.202
161.240 0.202
161.260 0.202
161.280 0.201
161.300 0.201
161.320 0.200
161.340 0.200
161.360 0.199
161.380 0.199
161.400 0.199
161.420 0.198
161.440 0.198
161.460 0.197
161.480 0.197
161.500 0.197
161.520 0.196
161.540 0.196
161.560 0.195
161.580 0.195
161.600 0.195
161.620 0.194
161.640 0.194
161.660 0.194
161.680 0.193
161.700 0.193
161.720 0.193
161.740 0.193
161.760 0.193
161.780 0.192
161.800 0.192
161.820 0.192
161.840 0.192
161.860 0.191
161.880 0.191
161.900 0.191
161.920 0.191
161.940 0.190
161.960 0.190
161.980 0.190
162.000 0.190
162.020 0.189
162.040 0.189
162.060 0.189
162.080 0.189
162.100 0.188
162.120 0.188
162.140 0.188
162.160 0.188
162.180 0.187
162.200 0.187
162.220 0.187
162.240 0.187
162.260 0.186
162.280 0.186
162.300 0.186
162.320 0.186
162.340 0.185
162.360 0.185
162.380 0.185
162.400 0.185
162.420 0.184
162.440 0.184
162.460 0.184
162.480 0.184
162.500 0.183
162.520 0.183
162.540 0.183
162.560 0.183
162.580 0.182
162.600 0.182
162.620 0.182
162.640 0.182
162.660 0.181
162.680 0.181
162.700 0.181
162.720 0.181
162.740 0.180
162.760 0.180
162.780 0.180
162.800 0.180
162.820 0.179
162.840 0.179
162.860 0.179
162.880 0.179
162.900 0.178
162.920 0.178
162.940 0.178
162.960 0.178
162.980 0.177
163.000 0.177
163.020 0.177
163.040 0.177
163.060 0.176
163.080 0.176
163.100 0.176
163.120 0.176
163.140 0.175
163.160 0.175
163.180 0.175
163.200 0.175
163.220 0.174
163.240 0.174
163.260 0.174
163.280 0.174
163.300 0.173
163.320 0.173
163.340 0.173
163.360 0.173
163.380 0.172
163.400 0.172
163.420 0.172
163.440 0.172
163.460 0.171
163.480 0.171
163.500 0.171
163.520 0.171
163.540 0.170
163.560 0.170
163.580 0.170
163.600 0.170
163.620 0.169
163.640 0.169
163.660 0.169
163.680 0.169
163.700 0.168
163.720 0.168
163.740 0.168
163.760 0.168
163.780 0.167
163.800 0.167
163.820 0.167
163.840 0.167
163.860 0.166
163.880 0.166
163.900 0.166
163.920 0.166
163.940 0.165
163.960 0.165
163.980 0.165
164.000 0.165
164.020 0.164
164.040 0.164
164.060 0.164
164.080 0.164
164.100 0.163
164.120 0.163
164.140 0.163
164.160 0.163
164.180 0.162
164.200 0.162
164.220 0.162
164.240 0.162
164.260 0.161
164.280 0.161
164.300 0.161
164.320 0.161
164.340 0.160
164.360 0.160
164.380 0.160
164.400 0.160
164.420 0.159
164.440 0.159
164.460 0.159
164.480 0.159
164.500 0.158
164.520 0.158
164.540 0.158
164.560 0.158
164.580 0.157
164.600 0.157
164.620 0.157
164.640 0.157
164.660 0.156
164.680 0.156
164.700 0.156
164.720 0.156
164.740 0.155
164.760 0.155
164.780 0.155
164.800 0.155
164.820 0.154
164.840 0.154
164.860 0.154
164.880 0.154
164.900 0.153
164.920 0.153
164.940 0.153
164.960 0.153
164.980 0.152
165.000 0.152
165.020 0.152
165.040 0.152
165.060 0.151
165.080 0.151
165.100 0.151
165.120 0.151
165.140 0.150
165.160 0.150
165.180 0.150
165.200 0.150
165.220 0.149
165.240 0.149
165.260 0.149
165.280 0.149
165.300 0.148
165.320 0.148
165.340 0.148
165.360 0.148
165.380 0.147
165.400 0.147
165.420 0.147
165.440 0.147
165.460 0.146
165.480 0.146
165.500 0.146
165.520 0.146
165.540 0.145
165.560 0.145
165.580 0.145
165.600 0.145
165.620 0.144
165.640 0.144
165.660 0.144
165.680 0.144
165.700 0.143
165.720 0.143
165.740 0.143
165.760 0.143
165.780 0.142
165.800 0.142
165.820 0.142
165.840 0.142
165.860 0.141
165.880 0.141
165.900 0.141
165.920 0.141
165.940 0.140
165.960 0.140
165.980 0.140
166.000 0.140
166.020 0.139
166.040 0.139
166.060 0.139
166.080 0.139
166.100 0.138
166.120 0.138
166.140 0.138
166.160 0.138
166.180 0.137
166.200 0.137
166.220 0.137
166.240 0.137
166.260 0.136
166.280 0.136
166.300 0.136
166.320 0.136
166.340 0.135
166.360 0.135
166.380 0.135
166.400 0.135
166.420 0.134
166.440 0.134
166.460 0.134
166.480 0.134
166.500 0.134
166.520 0.133
166.540 0.133
166.560 0.133
166.580 0.133
166.600 0.132
166.620 0.132
166.640 0.132
166.660 0.132
166.680 0.131
166.700 0.131
166.720 0.131
166.740 0.131
166.760 0.130
166.780 0.130
166.800 0.130
166.820 0.130
166.840 0.129
166.860 0.129
166.880 0.129
166.900 0.129
166.920 0.128
166.940 0.128
166.960 0.128
166.980 0.128
167.000 0.127
167.020 0.127
167.040 0.127
167.060 0.127
167.080 0.126
167.100 0.126
167.120 0.126
167.140 0.126
167.160 0.125
167.180 0.125
167.200 0.125
167.220 0.125
167.240 0.124
167.260 0.124
167.280 0.124
167.300 0.124
167.320 0.123
167.340 0.123
167.360 0.123
167.380 0.123
167.400 0.122
167.420 0.122
167.440 0.122
167.460 0.122
167.480 0.121
167.500 0.121
167.520 0.121
167.540 0.121
167.560 0.120
167.580 0.120
167.600 0.120
167.620 0.120
167.640 0.119
167.660 0.119
167.680 0.119
167.700 0.119
167.720 0.118
167.740 0.118
167.760 0.118
167.780 0.118
167.800 0.117
167.820 0.117
167.840 0.117
167.860 0.117
167.880 0.116
167.900 0.116
167.920 0.116
167.940 0.116
167.960 0.115
167.980 0.115
168.000 0.115
168.020 0.115
168.040 0.114
168.060 0.114
168.080 0.114
168.100 0.114
168.120 0.113
168.140 0.113
168.160 0.113
168.180 0.113
168.200 0.112
168.220 0.112
168.240 0.112
168.260 0.112
168.280 0.112
168.300 0.112
168.320 0.111
168.340 0.111
168.360 0.111
168.380 0.111
168.400 0.111
168.420 0.111
168.440 0.111
168.460 0.110
168.480 0.110
168.500 0.110
168.520 0.110
168.540 0.110
168.560 0.110
168.580 0.110
168.600 0.109
168.620 0.109
168.640 0.109
168.660 0.109
168.680 0.109
168.700 0.109
168.720 0.109
168.740 0.108
168.760 0.108
168.780 0.108
168.800 0.108
168.820 0.108
168.840 0.108
168.860 0.108
168.880 0.107
168.900 0.107
168.920 0.107
168.940 0.107
168.960 0.107
168.980 0.107
169.000 0.107
169.020 0.106
169.040 0.106
169.060 0.106
169.080 0.106
169.100 0.106
169.120 0.106
169.140 0.106
169.160 0.105
169.180 0.105
169.200 0.105
169.220 0.105
169.240 0.105
169.260 0.105
169.280 0.104
169.300 0.104
169.320 0.104
169.340 0.104
169.360 0.104
169.380 0.104
169.400 0.104
169.420 0.103
169.440 0.103
169.460 0.103
169.480 0.103
169.500 0.103
169.520 0.103
169.540 0.103
169.560 0.102
169.580 0.102
169.600 0.102
169.620 0.102
169.640 0.102
169.660 0.102
169.680 0.102
169.700 0.101
169.720 0.101
169.740 0.101
169.760 0.101
169.780 0.101
169.800 0.101
169.820 0.101
169.840 0.100
169.860 0.100
169.880 0.100
169.900 0.100
169.920 0.100
169.940 0.100
169.960 0.100
169.980 0.099
170.000 0.099
170.020 0.099
170.040 0.099
170.060 0.099
170.080 0.099
170.100 0.099
170.120 0.098
170.140 0.098
170.160 0.098
170.180 0.098
170.200 0.098
170.220 0.098
170.240 0.098
170.260 0.097
170.280 0.097
170.300 0.097
170.320 0.097
170.340 0.097
170.360 0.097
170.380 0.097
170.400 0.096
170.420 0.096
170.440 0.096
170.460 0.096
170.480 0.096
170.500 0.096
170.520 0.096
170.540 0.095
170.560 0.095
170.580 0.095
170.600 0.095
170.620 0.095
170.640 0.095
170.660 0.094
170.680 0.094
170.700 0.094
170.720 0.094
170.740 0.094
170.760 0.094
170.780 0.094
170.800 0.093
170.820 0.093
170.840 0.093
170.860 0.093
170.880 0.093
170.900 0.093
170.920 0.093
170.940 0.092
170.960 0.092
170.980 0.092
171.000 0.092
171.020 0.092
171.040 0.092
171.060 0.092
171.080 0.091
171.100 0.091
171.120 0.091
171.140 0.091
171.160 0.091
171.180 0.091
171.200 0.091
171.220 0.090
171.240 0.090
171.260 0.090
171.280 0.090
171.300 0.090
171.320 0.090
171.340 0.090
171.360 0.089
171.380 0.089
171.400 0.089
171.420 0.089
171.440 0.089
171.460 0.089
171.480 0.089
171.500 0.088
171.520 0.088
171.540 0.088
171.560 0.088
171.580 0.088
171.600 0.088
171.620 0.088
171.640 0.087
171.660 0.087
171.680 0.087
171.700 0.087
171.720 0.087
171.740 0.087
171.760 0.087
171.780 0.086
171.800 0.086
171.820 0.086
171.840 0.086
171.860 0.086
171.880 0.086
171.900 0.086
171.920 0.085
171.940 0.085
171.960 0.085
171.980 0.085
172.000 0.085
172.020 0.085
172.040 0.084
172.060 0.084
172.080 0.084
172.100 0.084
172.120 0.084
172.140 0.084
172.160 0.084
172.180 0.083
172.200 0.083
172.220 0.083
172.240 0.083
172.260 0.083
172.280 0.083
172.300 0.083
172.320 0.082
172.340 0.082
172.360 0.082
172.380 0.082
172.400 0.082
172.420 0.082
172.440 0.082
172.460 0.081
172.480 0.081
172.500 0.081
172.520 0.081
172.540 0.081
172.560 0.081
172.580 0.081
172.600 0.080
172.620 0.080
172.640 0.080
172.660 0.080
172.680 0.080
172.700 0.080
172.720 0.080
172.740 0.079
172.760 0.079
172.780 0.079
172.800 0.079
172.820 0.079
172.840 0.079
172.860 0.079
172.880 0.078
172.900 0.078
172.920 0.078
172.940 0.078
172.960 0.078
172.980 0.078
173.000 0.078
173.020 0.077
173.040 0.077
173.060 0.077
173.080 0.077
173.100 0.077
173.120 0.077
173.140 0.077
173.160 0.076
173.180 0.076
173.200 0.076
173.220 0.076
173.240 0.076
173.260 0.076
173.280 0.075
173.300 0.075
173.320 0.075
173.340 0.075
173.360 0.075
173.380 0.075
173.400 0.075
173.420 0.074
173.440 0.074
173.460 0.074
173.480 0.074
173.500 0.074
173.520 0.074
173.540 0.074
173.560 0.073
173.580 0.073
173.600 0.073
173.620 0.073
173.640 0.073
173.660 0.073
173.680 0.073
173.700 0.072
173.720 0.072
173.740 0.072
173.760 0.072
173.780 0.072
173.800 0.072
173.820 0.072
173.840 0.071
173.860 0.071
173.880 0.071
173.900 0.071
173.920 0.071
173.940 0.071
173.960 0.071
173.980 0.070
174.000 0.070
174.020 0.070
174.040 0.070
174.060 0.070
174.080 0.070
174.100 0.070
174.120 0.069
174.140 0.069
174.160 0.069
174.180 0.069
174.200 0.069
174.220 0.069
174.240 0.069
174.260 0.068
174.280 0.068
174.300 0.068
174.320 0.068
174.340 0.068
174.360 0.068
174.380 0.068
174.400 0.067
174.420 0.067
174.440 0.067
174.460 0.067
174.480 0.067
174.500 0.067
174.520 0.067
174.540 0.066
174.560 0.066
174.580 0.066
174.600 0.066
174.620 0.066
174.640 0.066
174.660 0.065
174.680 0.065
174.700 0.065
174.720 0.065
174.740 0.065
174.760 0.065
174.780 0.065
174.800 0.064
174.820 0.064
174.840 0.064
174.860 0.064
174.880 0.064
174.900 0.064
174.920 0.064
174.940 0.063
174.960 0.063
174.980 0.063
175.000 0.063
175.020 0.063
175.040 0.063
175.060 0.063
175.080 0.062
175.100 0.062
175.120 0.062
175.140 0.062
175.160 0.062
175.180 0.062
175.200 0.062
175.220 0.062
175.240 0.062
175.260 0.062
175.280 0.062
175.300 0.062
175.320 0.062
175.340 0.061
175.360 0.061
175.380 0.061
175.400 0.061
175.420 0.061
175.440 0.061
175.460 0.061
175.480 0.061
175.500 0.061
175.520 0.061
175.540 0.061
175.560 0.061
175.580 0.060
175.600 0.060
175.620 0.060
175.640 0.060
175.660 0.060
175.680 0.060
175.700 0.060
175.720 0.060
175.740 0.060
175.760 0.060
175.780 0.060
175.800 0.060
175.820 0.059
175.840 0.059
175.860 0.059
175.880 0.059
175.900 0.059
175.920 0.059
175.940 0.059
175.960 0.059
175.980 0.059
176.000 0.059
176.020 0.059
176.040 0.059
176.060 0.059
176.080 0.058
176.100 0.058
176.120 0.058
176.140 0.058
176.160 0.058
176.180 0.058
176.200 0.058
176.220 0.058
176.240 0.058
176.260 0.058
176.280 0.058
176.300 0.058
176.320 0.057
176.340 0.057
176.360 0.057
176.380 0.057
176.400 0.057
176.420 0.057
176.440 0.057
176.460 0.057
176.480 0.057
176.500 0.057
176.520 0.057
176.540 0.057
176.560 0.056
176.580 0.056
176.600 0.056
176.620 0.056
176.640 0.056
176.660 0.056
176.680 0.056
176.700 0.056
176.720 0.056
176.740 0.056
176.760 0.056
176.780 0.056
176.800 0.056
176.820 0.055
176.840 0.055
176.860 0.055
176.880 0.055
176.900 0.055
176.920 0.055
176.940 0.055
176.960 0.055
176.980 0.055
177.000 0.055
177.020 0.055
177.040 0.055
177.060 0.054
177.080 0.054
177.100 0.054
177.120 0.054
177.140 0.054
177.160 0.054
177.180 0.054
177.200 0.054
177.220 0.054
177.240 0.054
177.260 0.054
177.280 0.054
177.300 0.053
177.320 0.053
177.340 0.053
177.360 0.053
177.380 0.053
177.400 0.053
177.420 0.053
177.440 0.053
177.460 0.053
177.480 0.053
177.500 0.053
177.520 0.053
177.540 0.053
177.560 0.052
177.580 0.052
177.600 0.052
177.620 0.052
177.640 0.052
177.660 0.052
177.680 0.052
177.700 0.052
177.720 0.052
177.740 0.052
177.760 0.052
177.780 0.052
177.800 0.051
177.820 0.051
177.840 0.051
177.860 0.051
177.880 0.051
177.900 0.051
177.920 0.051
177.940 0.051
177.960 0.051
177.980 0.051
178.000 0.051
178.020 0.051
178.040 0.050
178.060 0.050
178.080 0.050
178.100 0.050
178.120 0.050
178.140 0.050
178.160 0.050
178.180 0.050
178.200 0.050
178.220 0.050
178.240 0.050
178.260 0.050
178.280 0.049
178.300 0.049
178.320 0.049
178.340 0.049
178.360 0.049
178.380 0.049
178.400 0.049
178.420 0.049
178.440 0.049
178.460 0.049
178.480 0.049
178.500 0.049
178.520 0.049
178.540 0.048
178.560 0.048
178.580 0.048
178.600 0.048
178.620 0.048
178.640 0.048
178.660 0.048
178.680 0.048
178.700 0.048
178.720 0.048
178.740 0.048
178.760 0.048
178.780 0.047
178.800 0.047
178.820 0.047
178.840 0.047
178.860 0.047
178.880 0.047
178.900 0.047
178.920 0.047
178.940 0.047
178.960 0.047
178.980 0.047
179.000 0.047
179.020 0.046
179.040 0.046
179.060 0.046
179.080 0.046
179.100 0.046
179.120 0.046
179.140 0.046
179.160 0.046
179.180 0.046
179.200 0.046
179.220 0.046
179.240 0.046
179.260 0.046
179.280 0.045
179.300 0.045
179.320 0.045
179.340 0.045
179.360 0.045
179.380 0.045
179.400 0.045
179.420 0.045
179.440 0.045
179.460 0.045
179.480 0.045
179.500 0.045
179.520 0.044
179.540 0.044
179.560 0.044
179.580 0.044
179.600 0.044
179.620 0.044
179.640 0.044
179.660 0.044
179.680 0.044
179.700 0.044
179.720 0.044
179.740 0.044
179.760 0.043
179.780 0.043
179.800 0.043
179.820 0.043
179.840 0.043
179.860 0.043
179.880 0.043
179.900 0.043
179.920 0.043
179.940 0.043
179.960 0.043
179.980 0.043
180.000 0.043
180.020 0.042
180.040 0.042
180.060 0.042
180.080 0.042
180.100 0.042
180.120 0.042
180.140 0.042
180.160 0.042
180.180 0.042
180.200 0.042
180.220 0.042
180.240 0.042
180.260 0.041
180.280 0.041
180.300 0.041
180.320 0.041
180.340 0.041
180.360 0.041
180.380 0.041
180.400 0.041
180.420 0.041
180.440 0.041
180.460 0.041
180.480 0.041
180.500 0.040
180.520 0.040
180.540 0.040
180.560 0.040
180.580 0.040
180.600 0.040
180.620 0.040
180.640 0.040
180.660 0.040
180.680 0.040
180.700 0.040
180.720 0.040
180.740 0.040
180.760 0.039
180.780 0.039
180.800 0.039
180.820 0.039
180.840 0.039
180.860 0.039
180.880 0.039
180.900 0.039
180.920 0.039
180.940 0.039
180.960 0.039
180.980 0.039
181.000 0.038
181.020 0.038
181.040 0.038
181.060 0.038
181.080 0.038
181.100 0.038
181.120 0.038
181.140 0.038
181.160 0.038
181.180 0.038
181.200 0.038
181.220 0.038
181.240 0.037
181.260 0.037
181.280 0.037
181.300 0.037
181.320 0.037
181.340 0.037
181.360 0.037
181.380 0.037
181.400 0.037
181.420 0.037
181.440 0.037
181.460 0.037
181.480 0.037
181.500 0.036
181.520 0.036
181.540 0.036
181.560 0.036
181.580 0.036
181.600 0.036
181.620 0.036
181.640 0.036
181.660 0.036
181.680 0.036
181.700 0.036
181.720 0.036
181.740 0.035
181.760 0.035
181.780 0.035
181.800 0.035
181.820 0.035
181.840 0.035
181.860 0.035
181.880 0.035
181.900 0.035
181.920 0.035
181.940 0.035
181.960 0.035
181.980 0.034
182.000 0.034
182.020 0.034
182.040 0.034
182.060 0.034
182.080 0.034
182.100 0.034
182.120 0.034
182.140 0.034
182.160 0.034
182.180 0.034
182.200 0.034
182.220 0.034
182.240 0.033
182.260 0.033
182.280 0.033
182.300 0.033
182.320 0.033
182.340 0.033
182.360 0.033
182.380 0.033
182.400 0.033
182.420 0.033
182.440 0.033
182.460 0.033
182.480 0.033
182.500 0.033
182.520 0.033
182.540 0.033
182.560 0.033
182.580 0.033
182.600 0.033
182.620 0.033
182.640 0.033
182.660 0.033
182.680 0.033
182.700 0.032
182.720 0.032
182.740 0.032
182.760 0.032
182.780 0.032
182.800 0.032
182.820 0.032
182.840 0.032
182.860 0.032
182.880 0.032
182.900 0.032
182.920 0.032
182.940 0.032
182.960 0.032
182.980 0.032
183.000 0.032
183.020 0.032
183.040 0.032
183.060 0.032
183.080 0.032
183.100 0.032
183.120 0.032
183.140 0.032
183.160 0.031
183.180 0.031
183.200 0.031
183.220 0.031
183.240 0.031
183.260 0.031
183.280 0.031
183.300 0.031
183.320 0.031
183.340 0.031
183.360 0.031
183.380 0.031
183.400 0.031
183.420 0.031
183.440 0.031
183.460 0.031
183.480 0.031
183.500 0.031
183.520 0.031
183.540 0.031
183.560 0.031
183.580 0.031
183.600 0.031
183.620 0.030
183.640 0.030
183.660 0.030
183.680 0.030
183.700 0.030
183.720 0.030
183.740 0.030
183.760 0.030
183.780 0.030
183.800 0.030
183.820 0.030
183.840 0.030
183.860 0.030
183.880 0.030
183.900 0.030
183.920 0.030
183.940 0.030
183.960 0.030
183.980 0.030
184.000 0.030
184.020 0.030
184.040 0.030
184.060 0.029
184.080 0.029
184.100 0.029
184.120 0.029
184.140 0.029
184.160 0.029
184.180 0.029
184.200 0.029
184.220 0.029
184.240 0.029
184.260 0.029
184.280 0.029
184.300 0.029
184.320 0.029
184.340 0.029
184.360 0.029
184.380 0.029
184.400 0.029
184.420 0.029
184.440 0.029
184.460 0.029
184.480 0.029
184.500 0.029
184.520 0.028
184.540 0.028
184.560 0.028
184.580 0.028
184.600 0.028
184.620 0.028
184.640 0.028
184.660 0.028
184.680 0.028
184.700 0.028
184.720 0.028
184.740 0.028
184.760 0.028
184.780 0.028
184.800 0.028
184.820 0.028
184.840 0.028
184.860 0.028
184.880 0.028
184.900 0.028
184.920 0.028
184.940 0.028
184.960 0.028
184.980 0.027
185.000 0.027
185.020 0.027
185.040 0.027
185.060 0.027
185.080 0.027
185.100 0.027
185.120 0.027
185.140 0.027
185.160 0.027
185.180 0.027
185.200 0.027
185.220 0.027
185.240 0.027
185.260 0.027
185.280 0.027
185.300 0.027
185.320 0.027
185.340 0.027
185.360 0.027
185.380 0.027
185.400 0.027
185.420 0.027
185.440 0.026
185.460 0.026
185.480 0.026
185.500 0.026
185.520 0.026
185.540 0.026
185.560 0.026
185.580 0.026
185.600 0.026
185.620 0.026
185.640 0.026
185.660 0.026
185.680 0.026
185.700 0.026
185.720 0.026
185.740 0.026
185.760 0.026
185.780 0.026
185.800 0.026
185.820 0.026
185.840 0.026
185.860 0.026
185.880 0.026
185.900 0.025
185.920 0.025
185.940 0.025
185.960 0.025
185.980 0.025
186.000 0.025
186.020 0.025
186.040 0.025
186.060 0.025
186.080 0.025
186.100 0.025
186.120 0.025
186.140 0.025
186.160 0.025
186.180 0.025
186.200 0.025
186.220 0.025
186.240 0.025
186.260 0.025
186.280 0.025
186.300 0.025
186.320 0.025
186.340 0.025
186.360 0.024
186.380 0.024
186.400 0.024
186.420 0.024
186.440 0.024
186.460 0.024
186.480 0.024
186.500 0.024
186.520 0.024
186.540 0.024
186.560 0.024
186.580 0.024
186.600 0.024
186.620 0.024
186.640 0.024
186.660 0.024
186.680 0.024
186.700 0.024
186.720 0.024
186.740 0.024
186.760 0.024
186.780 0.024
186.800 0.024
186.820 0.023
186.840 0.023
186.860 0.023
186.880 0.023
186.900 0.023
186.920 0.023
186.940 0.023
186.960 0.023
186.980 0.023
187.000 0.023
187.020 0.023
187.040 0.023
187.060 0.023
187.080 0.023
187.100 0.023
187.120 0.023
187.140 0.023
187.160 0.023
187.180 0.023
187.200 0.023
187.220 0.023
187.240 0.023
187.260 0.023
187.280 0.022
187.300 0.022
187.320 0.022
187.340 0.022
187.360 0.022
187.380 0.022
187.400 0.022
187.420 0.022
187.440 0.022
187.460 0.022
187.480 0.022
187.500 0.022
187.520 0.022
187.540 0.022
187.560 0.022
187.580 0.022
187.600 0.022
187.620 0.022
187.640 0.022
187.660 0.022
187.680 0.022
187.700 0.022
187.720 0.022
187.740 0.021
187.760 0.021
187.780 0.021
187.800 0.021
187.820 0.021
187.840 0.021
187.860 0.021
187.880 0.021
187.900 0.021
187.920 0.021
187.940 0.021
187.960 0.021
187.980 0.021
188.000 0.021
188.020 0.021
188.040 0.021
188.060 0.021
188.080 0.021
188.100 0.021
188.120 0.021
188.140 0.021
188.160 0.021
188.180 0.021
188.200 0.020
188.220 0.020
188.240 0.020
188.260 0.020
188.280 0.020
188.300 0.020
188.320 0.020
188.340 0.020
188.360 0.020
188.380 0.020
188.400 0.020
188.420 0.020
188.440 0.020
188.460 0.020
188.480 0.020
188.500 0.020
188.520 0.020
188.540 0.020
188.560 0.020
188.580 0.020
188.600 0.020
188.620 0.020
188.640 0.019
188.660 0.019
188.680 0.019
188.700 0.019
188.720 0.019
188.740 0.019
188.760 0.019
188.780 0.019
188.800 0.019
188.820 0.019
188.840 0.019
188.860 0.019
188.880 0.019
188.900 0.019
188.920 0.019
188.940 0.019
188.960 0.019
188.980 0.019
189.000 0.019
189.020 0.019
189.040 0.019
189.060 0.019
189.080 0.019
189.100 0.018
189.120 0.018
189.140 0.018
189.160 0.018
189.180 0.018
189.200 0.018
189.220 0.018
189.240 0.018
189.260 0.018
189.280 0.018
189.300 0.018
189.320 0.018
189.340 0.018
189.360 0.018
189.380 0.018
189.400 0.018
189.420 0.018
189.440 0.018
189.460 0.018
189.480 0.018
189.500 0.018
189.520 0.018
189.540 0.018
189.560 0.017
189.580 0.017
189.600 0.017
189.620 0.017
189.640 0.017
189.660 0.017
189.680 0.017
189.700 0.017
189.720 0.017
189.740 0.017
189.760 0.017
189.780 0.017
189.800 0.017
189.820 0.017
189.840 0.017
189.860 0.017
189.880 0.017
189.900 0.017
189.920 0.017
189.940 0.017
189.960 0.017
189.980 0.017
190.000 0.017
190.020 0.017
190.040 0.017
190.060 0.017
190.080 0.017
190.100 0.017
190.120 0.017
190.140 0.017
190.160 0.017
190.180 0.017
190.200 0.017
190.220 0.017
190.240 0.017
190.260 0.017
190.280 0.017
190.300 0.017
190.320 0.017
190.340 0.017
190.360 0.016
190.380 0.016
190.400 0.016
190.420 0.016
190.440 0.016
190.460 0.016
190.480 0.016
190.500 0.016
190.520 0.016
190.540 0.016
190.560 0.016
190.580 0.016
190.600 0.016
190.620 0.016
190.640 0.016
190.660 0.016
190.680 0.016
190.700 0.016
190.720 0.016
190.740 0.016
190.760 0.016
190.780 0.016
190.800 0.016
190.820 0.016
190.840 0.016
190.860 0.016
190.880 0.016
190.900 0.016
190.920 0.016
190.940 0.016
190.960 0.016
190.980 0.016
191.000 0.016
191.020 0.016
191.040 0.016
191.060 0.016
191.080 0.016
191.100 0.016
191.120 0.016
191.140 0.016
191.160 0.016
191.180 0.016
191.200 0.016
191.220 0.016
191.240 0.016
191.260 0.015
191.280 0.015
191.300 0.015
191.320 0.015
191.340 0.015
191.360 0.015
191.380 0.015
191.400 0.015
191.420 0.015
191.440 0.015
191.460 0.015
191.480 0.015
191.500 0.015
191.520 0.015
191.540 0.015
191.560 0.015
191.580 0.015
191.600 0.015
191.620 0.015
191.640 0.015
191.660 0.015
191.680 0.015
191.700 0.015
191.720 0.015
191.740 0.015
191.760 0.015
191.780 0.015
191.800 0.015
191.820 0.015
191.840 0.015
191.860 0.015
191.880 0.015
191.900 0.015
191.920 0.015
191.940 0.015
191.960 0.015
191.980 0.015
192.000 0.015
192.020 0.015
192.040 0.015
192.060 0.015
192.080 0.015
192.100 0.015
192.120 0.015
192.140 0.014
192.160 0.014
192.180 0.014
192.200 0.014
192.220 0.014
192.240 0.014
192.260 0.014
192.280 0.014
192.300 0.014
192.320 0.014
192.340 0.014
192.360 0.014
192.380 0.014
192.400 0.014
192.420 0.014
192.440 0.014
192.460 0.014
192.480 0.014
192.500 0.014
192.520 0.014
192.540 0.014
192.560 0.014
192.580 0.014
192.600 0.014
192.620 0.014
192.640 0.014
192.660 0.014
192.680 0.014
192.700 0.014
192.720 0.014
192.740 0.014
192.760 0.014
192.780 0.014
192.800 0.014
192.820 0.014
192.840 0.014
192.860 0.014
192.880 0.014
192.900 0.014
192.920 0.014
192.940 0.014
192.960 0.014
192.980 0.014
193.000 0.014
193.020 0.013
193.040 0.013
193.060 0.013
193.080 0.013
193.100 0.013
193.120 0.013
193.140 0.013
193.160 0.013
193.180 0.013
193.200 0.013
193.220 0.013
193.240 0.013
193.260 0.013
193.280 0.013
193.300 0.013
193.320 0.013
193.340 0.013
193.360 0.013
193.380 0.013
193.400 0.013
193.420 0.013
193.440 0.013
193.460 0.013
193.480 0.013
193.500 0.013
193.520 0.013
193.540 0.013
193.560 0.013
193.580 0.013
193.600 0.013
193.620 0.013
193.640 0.013
193.660 0.013
193.680 0.013
193.700 0.013
193.720 0.013
193.740 0.013
193.760 0.013
193.780 0.013
193.800 0.013
193.820 0.013
193.840 0.013
193.860 0.013
193.880 0.013
193.900 0.013
193.920 0.012
193.940 0.012
193.960 0.012
193.980 0.012
194.000 0.012
194.020 0.012
194.040 0.012
194.060 0.012
194.080 0.012
194.100 0.012
194.120 0.012
194.140 0.012
194.160 0.012
194.180 0.012
194.200 0.012
194.220 0.012
194.240 0.012
194.260 0.012
194.280 0.012
194.300 0.012
194.320 0.012
194.340 0.012
194.360 0.012
194.380 0.012
194.400 0.012
194.420 0.012
194.440 0.012
194.460 0.012
194.480 0.012
194.500 0.012
194.520 0.012
194.540 0.012
194.560 0.012
194.580 0.012
194.600 0.012
194.620 0.012
194.640 0.012
194.660 0.012
194.680 0.012
194.700 0.012
194.720 0.012
194.740 0.012
194.760 0.012
194.780 0.012
194.800 0.011
194.820 0.011
194.840 0.011
194.860 0.011
194.880 0.011
194.900 0.011
194.920 0.011
194.940 0.011
194.960 0.011
194.980 0.011
195.000 0.011
195.020 0.011
195.040 0.011
195.060 0.011
195.080 0.011
195.100 0.011
195.120 0.011
195.140 0.011
195.160 0.011
195.180 0.011
195.200 0.011
195.220 0.011
195.240 0.011
195.260 0.011
195.280 0.011
195.300 0.011
195.320 0.011
195.340 0.011
195.360 0.011
195.380 0.011
195.400 0.011
195.420 0.011
195.440 0.011
195.460 0.011
195.480 0.011
195.500 0.011
195.520 0.011
195.540 0.011
195.560 0.011
195.580 0.011
195.600 0.011
195.620 0.011
195.640 0.011
195.660 0.011
195.680 0.010
195.700 0.010
195.720 0.010
195.740 0.010
195.760 0.010
195.780 0.010
195.800 0.010
195.820 0.010
195.840 0.010
195.860 0.010
195.880 0.010
195.900 0.010
195.920 0.010
195.940 0.010
195.960 0.010
195.980 0.010
196.000 0.010
196.020 0.010
196.040 0.010
196.060 0.010
196.080 0.010
196.100 0.010
196.120 0.010
196.140 0.010
196.160 0.010
196.180 0.010
196.200 0.010
196.220 0.010
196.240 0.010
196.260 0.010
196.280 0.010
196.300 0.010
196.320 0.010
196.340 0.010
196.360 0.010
196.380 0.010
196.400 0.010
196.420 0.010
196.440 0.010
196.460 0.010
196.480 0.010
196.500 0.010
196.520 0.010
196.540 0.010
196.560 0.010
196.580 0.009
196.600 0.009
196.620 0.009
196.640 0.009
196.660 0.009
196.680 0.009
196.700 0.009
196.720 0.009
196.740 0.009
196.760 0.009
196.780 0.009
196.800 0.009
196.820 0.009
196.840 0.009
196.860 0.009
196.880 0.009
196.900 0.009
196.920 0.009
196.940 0.009
196.960 0.009
196.980 0.009
197.000 0.009
197.020 0.009
197.040 0.009
197.060 0.009
197.080 0.009
197.100 0.009
197.120 0.009
197.140 0.009
197.160 0.009
197.180 0.009
197.200 0.009
197.220 0.009
197.240 0.009
197.260 0.009
197.280 0.009
197.300 0.009
197.320 0.009
197.340 0.009
197.360 0.009
197.380 0.009
197.400 0.009
197.420 0.009
197.440 0.009
197.460 0.009
197.480 0.009
197.500 0.009
197.520 0.008
197.540 0.008
197.560 0.008
197.580 0.008
197.600 0.008
197.620 0.008
197.640 0.008
197.660 0.008
197.680 0.008
197.700 0.008
197.720 0.008
197.740 0.008
197.760 0.008
197.780 0.008
197.800 0.008
197.820 0.008
197.840 0.008
197.860 0.008
197.880 0.008
197.900 0.008
197.920 0.008
197.940 0.008
197.960 0.008
197.980 0.008
198.000 0.008
198.020 0.008
198.040 0.008
198.060 0.008
198.080 0.008
198.100 0.008
198.120 0.008
198.140 0.008
198.160 0.008
198.180 0.008
198.200 0.008
198.220 0.008
198.240 0.008
198.260 0.008
198.280 0.008
198.300 0.008
198.320 0.008
198.340 0.008
198.360 0.008
198.380 0.008
198.400 0.008
198.420 0.008
198.440 0.008
198.460 0.008
198.480 0.008
198.500 0.008
198.520 0.008
198.540 0.008
198.560 0.008
198.580 0.008
198.600 0.008
198.620 0.008
198.640 0.008
198.660 0.008
198.680 0.008
198.700 0.008
198.720 0.008
198.740 0.008
198.760 0.008
198.780 0.008
198.800 0.008
198.820 0.008
198.840 0.008
198.860 0.008
198.880 0.008
198.900 0.008
198.920 0.008
198.940 0.008
198.960 0.008
198.980 0.008
199.000 0.008
199.020 0.008
199.040 0.008
199.060 0.008
199.080 0.008
199.100 0.008
199.120 0.008
199.140 0.008
199.160 0.008
199.180 0.008
199.200 0.008
199.220 0.008
199.240 0.008
199.260 0.008
199.280 0.008
199.300 0.008
199.320 0.007
199.340 0.007
199.360 0.007
199.380 0.007
199.400 0.007
199.420 0.007
199.440 0.007
199.460 0.007
199.480 0.007
199.500 0.007
199.520 0.007
199.540 0.007
199.560 0.007
199.580 0.007
199.600 0.007
199.620 0.007
199.640 0.007
199.660 0.007
199.680 0.007
199.700 0.007
199.720 0.007
199.740 0.007
199.760 0.007
199.780 0.007
199.800 0.007
199.820 0.007
199.840 0.007
199.860 0.007
199.880 0.007
199.900 0.007
199.920 0.007
199.940 0.007
199.960 0.007
199.980 0.007
