1 1.340052
2 1.328040
3 1.585686
4 1.487971
5 1.475326
6 1.511811
7 1.425279
8 1.505856
9 1.413043
10 1.495234
11 1.447218
12 1.484618
13 1.465108
14 1.474985
15 1.474588
16 1.466454
17 1.479391
18 1.458926
19 1.481457
20 1.452263
21 1.481864
22 1.446334
23 1.481240
24 1.448701
25 1.479971
26 1.456500
27 1.478297
28 1.462349
29 1.476374
30 1.466730
31 1.474306
32 1.469991
33 1.472159
34 1.472386
35 1.469981
36 1.474104
37 1.467802
38 1.475289
39 1.465643
40 1.476052
41 1.463518
42 1.476475
43 1.461437
44 1.476627
45 1.459406
46 1.476560
47 1.458861
48 1.476316
49 1.461758
50 1.475929
51 1.464216
52 1.475424
53 1.466297
54 1.474826
55 1.468054
56 1.474151
57 1.469531
58 1.473414
59 1.470764
60 1.472629
61 1.471786
62 1.471804
63 1.472623
64 1.470948
65 1.473298
66 1.470068
67 1.473831
68 1.469170
69 1.474240
70 1.468259
71 1.474539
72 1.467339
73 1.474742
74 1.466414
75 1.474859
76 1.465485
77 1.474900
78 1.464556
79 1.474874
80 1.464539
81 1.474788
82 1.465801
83 1.474650
84 1.466933
85 1.474465
86 1.467946
87 1.474239
88 1.468850
89 1.473975
90 1.469656
91 1.473679
92 1.470371
93 1.473353
94 1.471004
95 1.473002
96 1.471560
97 1.472628
98 1.472047
99 1.472234
100 1.472470
101 1.471822
102 1.472834
103 1.471394
104 1.473145
105 1.470952
106 1.473405
107 1.470498
108 1.473620
109 1.470033
110 1.473792
111 1.469559
112 1.473925
113 1.469077
114 1.474022
115 1.468588
116 1.474086
117 1.468093
118 1.474119
119 1.467593
120 1.474123
121 1.467089
122 1.474102
123 1.467601
124 1.474055
125 1.468235
126 1.473986
127 1.468821
128 1.473897
129 1.469361
130 1.473788
131 1.469857
132 1.473660
133 1.470313
134 1.473517
135 1.470731
136 1.473357
137 1.471113
138 1.473184
139 1.471462
140 1.472997
141 1.471778
142 1.472798
143 1.472065
144 1.472588
145 1.472323
146 1.472367
147 1.472554
148 1.472136
149 1.472761
150 1.471897
151 1.472943
152 1.471649
153 1.473103
154 1.471393
155 1.473242
156 1.471130
157 1.473360
158 1.470861
159 1.473460
160 1.470586
161 1.473541
162 1.470305
163 1.473606
164 1.470019
165 1.473655
166 1.469728
167 1.473688
168 1.469433
169 1.473707
170 1.469134
171 1.473712
172 1.468832
173 1.473704
174 1.468980
175 1.473684
176 1.469357
177 1.473652
178 1.469712
179 1.473609
180 1.470044
181 1.473556
182 1.470357
183 1.473493
184 1.470649
185 1.473421
186 1.470923
187 1.473339
188 1.471178
189 1.473249
190 1.471416
191 1.473152
192 1.471638
193 1.473046
194 1.471843
195 1.472933
196 1.472034
197 1.472814
198 1.472210
199 1.472688
200 1.472372
201 1.472556
202 1.472520
203 1.472418
204 1.472656
205 1.472274
206 1.472780
207 1.472126
208 1.472891
209 1.471972
210 1.472992
211 1.471814
212 1.473081
213 1.471651
214 1.473160
215 1.471484
216 1.473229
217 1.471313
218 1.473289
219 1.471138
220 1.473339
221 1.470959
222 1.473380
223 1.470778
224 1.473413
225 1.470593
226 1.473437
227 1.470405
228 1.473454
229 1.470214
230 1.473464
231 1.470020
232 1.473466
233 1.469824
234 1.473461
235 1.469967
236 1.473449
237 1.470204
238 1.473431
239 1.470429
240 1.473406
241 1.470644
242 1.473376
243 1.470847
244 1.473340
245 1.471040
246 1.473299
247 1.471223
248 1.473252
249 1.471396
250 1.473200
251 1.471559
252 1.473143
253 1.471714
254 1.473082
255 1.471859
256 1.473016
257 1.471996
258 1.472946
259 1.472125
260 1.472871
261 1.472245
262 1.472793
263 1.472358
264 1.472710
265 1.472463
266 1.472624
267 1.472561
268 1.472535
269 1.472652
270 1.472441
271 1.472737
272 1.472345
273 1.472814
274 1.472245
275 1.472885
276 1.472143
277 1.472950
278 1.472037
279 1.473009
280 1.471929
281 1.473062
282 1.471818
283 1.473109
284 1.471704
285 1.473151
286 1.471587
287 1.473187
288 1.471469
289 1.473219
290 1.471348
291 1.473245
292 1.471225
293 1.473267
294 1.471099
295 1.473283
296 1.470972
297 1.473296
298 1.470842
299 1.473303
300 1.470711
301 1.473307
302 1.470578
303 1.473306
304 1.470507
305 1.473301
306 1.470670
307 1.473293
308 1.470826
309 1.473280
310 1.470975
311 1.473264
312 1.471119
313 1.473245
314 1.471256
315 1.473222
316 1.471388
317 1.473195
318 1.471513
319 1.473165
320 1.471633
321 1.473132
322 1.471748
323 1.473096
324 1.471857
325 1.473057
326 1.471960
327 1.473015
328 1.472059
329 1.472971
330 1.472153
331 1.472923
332 1.472242
333 1.472873
334 1.472326
335 1.472821
336 1.472406
337 1.472765
338 1.472481
339 1.472708
340 1.472552
341 1.472648
342 1.472618
343 1.472586
344 1.472681
345 1.472521
346 1.472739
347 1.472455
348 1.472794
349 1.472386
350 1.472844
351 1.472315
352 1.472891
353 1.472243
354 1.472934
355 1.472168
356 1.472974
357 1.472092
358 1.473010
359 1.472014
360 1.473042
361 1.471934
362 1.473072
363 1.471852
364 1.473098
365 1.471769
366 1.473121
367 1.471684
368 1.473140
369 1.471598
370 1.473157
371 1.471510
372 1.473171
373 1.471420
374 1.473182
375 1.471330
376 1.473190
377 1.471238
378 1.473196
379 1.471144
380 1.473198
381 1.471050
382 1.473199
383 1.470954
384 1.473196
385 1.471065
386 1.473191
387 1.471176
388 1.473184
389 1.471283
390 1.473175
391 1.471386
392 1.473163
393 1.471486
394 1.473148
395 1.471581
396 1.473132
397 1.471674
398 1.473113
399 1.471762
400 1.473093
