1 1.987350
2 1.975338
3 2.232984
4 2.135269
5 2.122623
6 2.159109
7 2.072577
8 2.153154
9 2.060341
10 2.142532
11 2.094516
12 2.131915
13 2.112406
14 2.122283
15 2.121886
16 2.113752
17 2.126689
18 2.106224
19 2.128755
20 2.099561
21 2.129162
22 2.093632
23 2.128538
24 2.095999
25 2.127269
26 2.103798
27 2.125595
28 2.109647
29 2.123672
30 2.114028
31 2.121603
32 2.117289
33 2.119457
34 2.119684
35 2.117279
36 2.121402
37 2.115100
38 2.122587
39 2.112941
40 2.123349
41 2.110816
42 2.123773
43 2.108735
44 2.123925
45 2.106704
46 2.123858
47 2.106159
48 2.123614
49 2.109056
50 2.123226
51 2.111514
52 2.122722
53 2.113595
54 2.122124
55 2.115352
56 2.121449
57 2.116829
58 2.120712
59 2.118062
60 2.119927
61 2.119084
62 2.119102
63 2.119920
64 2.118246
65 2.120596
66 2.117366
67 2.121129
68 2.116468
69 2.121538
70 2.115557
71 2.121837
72 2.114637
73 2.122040
74 2.113712
75 2.122156
76 2.112783
77 2.122198
78 2.111854
79 2.122172
80 2.111837
81 2.122086
82 2.113099
83 2.121948
84 2.114231
85 2.121763
86 2.115244
87 2.121536
88 2.116148
89 2.121273
90 2.116954
91 2.120977
92 2.117669
93 2.120651
94 2.118301
95 2.120300
96 2.118858
97 2.119926
98 2.119345
99 2.119532
100 2.119768
101 2.119120
102 2.120132
103 2.118692
104 2.120442
105 2.118250
106 2.120703
107 2.117796
108 2.120917
109 2.117331
110 2.121090
111 2.116857
112 2.121223
113 2.116375
114 2.121320
115 2.115886
116 2.121384
117 2.115391
118 2.121417
119 2.114891
120 2.121421
121 2.114387
122 2.121399
123 2.114899
124 2.121353
125 2.115533
126 2.121284
127 2.116119
128 2.121195
129 2.116658
130 2.121085
131 2.117155
132 2.120958
133 2.117611
134 2.120814
135 2.118029
136 2.120655
137 2.118411
138 2.120482
139 2.118760
140 2.120295
141 2.119076
142 2.120096
143 2.119363
144 2.119886
145 2.119621
146 2.119665
147 2.119852
148 2.119434
149 2.120058
150 2.119195
151 2.120241
152 2.118947
153 2.120401
154 2.118691
155 2.120540
156 2.118428
157 2.120658
158 2.118159
159 2.120758
160 2.117884
161 2.120839
162 2.117603
163 2.120904
164 2.117317
165 2.120952
166 2.117026
167 2.120986
168 2.116731
169 2.121005
170 2.116432
171 2.121010
172 2.116130
173 2.121002
174 2.116278
175 2.120982
176 2.116655
177 2.120950
178 2.117009
179 2.120907
180 2.117342
181 2.120854
182 2.117655
183 2.120791
184 2.117947
185 2.120719
186 2.118220
187 2.120637
188 2.118476
189 2.120547
190 2.118714
191 2.120449
192 2.118936
193 2.120344
194 2.119141
195 2.120231
196 2.119332
197 2.120112
198 2.119508
199 2.119986
200 2.119670
201 2.119854
202 2.119818
203 2.119716
204 2.119954
205 2.119572
206 2.120078
207 2.119424
208 2.120189
209 2.119270
210 2.120290
211 2.119111
212 2.120379
213 2.118949
214 2.120458
215 2.118782
216 2.120527
217 2.118611
218 2.120586
219 2.118436
220 2.120637
221 2.118257
222 2.120678
223 2.118076
224 2.120711
225 2.117891
226 2.120735
227 2.117703
228 2.120752
229 2.117512
230 2.120761
231 2.117318
232 2.120763
233 2.117122
234 2.120758
235 2.117265
236 2.120747
237 2.117502
238 2.120729
239 2.117727
240 2.120704
241 2.117941
242 2.120674
243 2.118145
244 2.120638
245 2.118338
246 2.120597
247 2.118520
248 2.120550
249 2.118693
250 2.120498
251 2.118857
252 2.120441
253 2.119011
254 2.120380
255 2.119157
256 2.120314
257 2.119294
258 2.120244
259 2.119423
260 2.120169
261 2.119543
262 2.120091
263 2.119656
264 2.120008
265 2.119761
266 2.119922
267 2.119859
268 2.119832
269 2.119950
270 2.119739
271 2.120034
272 2.119643
273 2.120112
274 2.119543
275 2.120183
276 2.119441
277 2.120248
278 2.119335
279 2.120307
280 2.119227
281 2.120360
282 2.119115
283 2.120407
284 2.119002
285 2.120449
286 2.118885
287 2.120485
288 2.118767
289 2.120517
290 2.118646
291 2.120543
292 2.118522
293 2.120564
294 2.118397
295 2.120581
296 2.118270
297 2.120593
298 2.118140
299 2.120601
300 2.118009
301 2.120605
302 2.117876
303 2.120604
304 2.117805
305 2.120599
306 2.117968
307 2.120591
308 2.118124
309 2.120578
310 2.118273
311 2.120562
312 2.118417
313 2.120543
314 2.118554
315 2.120519
316 2.118685
317 2.120493
318 2.118811
319 2.120463
320 2.118931
321 2.120430
322 2.119045
323 2.120394
324 2.119154
325 2.120355
326 2.119258
327 2.120313
328 2.119357
329 2.120269
330 2.119451
331 2.120221
332 2.119540
333 2.120171
334 2.119624
335 2.120118
336 2.119704
337 2.120063
338 2.119779
339 2.120006
340 2.119850
341 2.119946
342 2.119916
343 2.119884
344 2.119979
345 2.119819
346 2.120037
347 2.119753
348 2.120091
349 2.119684
350 2.120142
351 2.119613
352 2.120189
353 2.119541
354 2.120232
355 2.119466
356 2.120271
357 2.119390
358 2.120307
359 2.119312
360 2.120340
361 2.119232
362 2.120369
363 2.119150
364 2.120396
365 2.119067
366 2.120418
367 2.118982
368 2.120438
369 2.118896
370 2.120455
371 2.118808
372 2.120469
373 2.118718
374 2.120480
375 2.118628
376 2.120488
377 2.118536
378 2.120494
379 2.118442
380 2.120496
381 2.118347
382 2.120497
383 2.118251
384 2.120494
385 2.118363
386 2.120489
387 2.118474
388 2.120482
389 2.118581
390 2.120472
391 2.118684
392 2.120461
393 2.118784
394 2.120446
395 2.118879
396 2.120430
397 2.118971
398 2.120411
399 2.119060
400 2.120391
