1 1.987350
6 2.159109
11 2.094516
16 2.113752
21 2.129162
26 2.103798
31 2.121603
36 2.121402
41 2.110816
46 2.123858
51 2.111514
56 2.121449
61 2.119084
66 2.117366
71 2.121837
76 2.112783
81 2.122086
86 2.115244
91 2.120977
96 2.118858
101 2.119120
106 2.120703
111 2.116857
116 2.121384
121 2.114387
126 2.121284
131 2.117155
136 2.120655
141 2.119076
146 2.119665
151 2.120241
156 2.118428
161 2.120839
166 2.117026
171 2.121010
176 2.116655
181 2.120854
186 2.118220
191 2.120449
196 2.119332
201 2.119854
206 2.120078
211 2.119111
216 2.120527
221 2.118257
226 2.120735
231 2.117318
236 2.120747
241 2.117941
246 2.120597
251 2.118857
256 2.120314
261 2.119543
266 2.119922
271 2.120034
276 2.119441
281 2.120360
286 2.118885
291 2.120543
296 2.118270
301 2.120605
306 2.117968
311 2.120562
316 2.118685
321 2.120430
326 2.119258
331 2.120221
336 2.119704
341 2.119946
346 2.120037
351 2.119613
356 2.120271
361 2.119232
366 2.120418
371 2.118808
376 2.120488
381 2.118347
386 2.120489
391 2.118684
396 2.120430
