1 1.340052
6 1.511811
11 1.447218
16 1.466454
21 1.481864
26 1.456500
31 1.474306
36 1.474104
41 1.463518
46 1.476560
51 1.464216
56 1.474151
61 1.471786
66 1.470068
71 1.474539
76 1.465485
81 1.474788
86 1.467946
91 1.473679
96 1.471560
101 1.471822
106 1.473405
111 1.469559
116 1.474086
121 1.467089
126 1.473986
131 1.469857
136 1.473357
141 1.471778
146 1.472367
151 1.472943
156 1.471130
161 1.473541
166 1.469728
171 1.473712
176 1.469357
181 1.473556
186 1.470923
191 1.473152
196 1.472034
201 1.472556
206 1.472780
211 1.471814
216 1.473229
221 1.470959
226 1.473437
231 1.470020
236 1.473449
241 1.470644
246 1.473299
251 1.471559
256 1.473016
261 1.472245
266 1.472624
271 1.472737
276 1.472143
281 1.473062
286 1.471587
291 1.473245
296 1.470972
301 1.473307
306 1.470670
311 1.473264
316 1.471388
321 1.473132
326 1.471960
331 1.472923
336 1.472406
341 1.472648
346 1.472739
351 1.472315
356 1.472974
361 1.471934
366 1.473121
371 1.471510
376 1.473190
381 1.471050
386 1.473191
391 1.471386
396 1.473132
