203.05
204.95
205.55
202.7
203.3
203.3
201.45
200
200.8
199.5
198.15
194.35
193.35
193.25
189
189.9
189.4
194.65
195.9
195.05
197.7
200.15
200.8
198.9
202.6
203.2
202.6
202.6
200.7
201.95
198.05
197.45
199
194.15
192.65
196.7
196.7
196.7
205
209.85
208.15
209.05
209.7
210
206.95
207.45
208.75
205.4
208.65
208.95
209.2
209.2
209.95
210.05
212.15
209.65
209.95
209.95
209.95
209.15
209.85
209.15
209.8
209.95
209.95
209.95
205.8
203
203.05
207
207
208.7
207.8
209.9
209.75
210.45
210.45
204.4
211.25
207
211.3
212.15
208.55
206.9
211.5
218.45
209.9
207.5
207.2
206.1
209.9
199.75
207.6
212.15
227.05
223.95
231
227.1
226.3
226.3
222.1
223.25
222.6
226.65
228.5
230.35
229.65
229.1
229.6
232.3
231.05
233.55
230.2
234.05
240.15
244.45
246.55
242.1
251.35
250.6
254.3
255.2
252.35
247.85
241.95
242.15
241
245.8
245.75
242.35
239.85
238.15
229.9
227.45
227
226.6
227
230.65
228.45
226.6
222.15
222.05
219.55
215.65
218.45
221.9
225.85
225.75
223.05
221.8
229
225.8
231.3
239.9
237.6
229.95
227.6
226.8
232.3
241.6
241.2
238.8
239
240.7
234.7
235.05
235.15
228.85
238.5
233.2
231.4
226.8
239.2
241.3
232.4
232.4
238.3
230.55
230.15
233.35
237.6
242.05
240
248.05
246.85
252.5
259.95
257.6
257.6
258.3
256.15
257.65
260.1
261.5
260.25
260.25
260.25
255.3
257.1
250.45
250.1
248.8
253.35
256.15
255.2
251.7
252.7
258.7
256.65
256
264.05
259.85
259.5
263.75
273.35
273.35
274.65
281
285.45
269.45
259.75
261.05
257.3
262.15
263.1
265.05
270.1
266.2
266.2
265.1
259.7
250.85
249.6
246
248.25
247.55
248.75
245.05
249.25
248.75
255.95
249.05
250.2
252.5
252.5
249
246.65
247.2
246.8
239.35
240.45
232.85
230.1
228
223.8
226.4
220.1
222.15
230.65
230.95
227.75
228.85
229.95
230.3
226.05
226.85
226.85
227.45
228.85
225.15
223.95
220.7
218.9
228.3
225.8
223.05
225.65
225.85
231.5
236.95
230.05
230.05
228.5
230.35
229.9
225.35
228.8
228.4
230.05
225.95
221.65
222.15
226.6
227.75
230.1
226.2
229.45
225.35
221.55
221.95
223
223
227.85
227.85
227.65
223.7
226.15
224.95
221.35
216.9
216.9
216.9
213.6
212.9
207.35
206.2
208.15
208.15
208.85
211.45
215.8
208.2
209.5
210.65
210.65
210.65
210.65
213.7
214.75
212.05
206.95
212.05
213.8
214.15
215.05
213.45
209.2
206.9
210.75
214.8
215
216.85
219
219.3
212.75
211.75
214.5
215.75
208.45
206.3
206.3
206.95
208.95
212.45
211.25
213.95
215.7
216.5
214
210.9
210.9
205.7
208.9
205.25
203.45
210.25
208.25
212.75
204.4
203.35
206.4
209.15
206.05
206.05
211.9
218.15
216.1
223.1
220.95
219.75
224.8
221.65
219.9
215.35
214.5
219.85
218.95
218.25
223.6
223.7
225.25
226.3
223.75
220.6
216.65
218.35
221.3
222.9
222.85
218.2
219.5
221.5
224.9
222.55
222.9
225.6
228.2
230.15
236.1
231
229.95
229.85
231
222.85
217.6
214.05
219.6
208.45
210.15
213.2
214.45
214.6
216.95
219.4
224.35
219.2
223.95
221.65
211.45
207.15
192.95
194.55
198.85
202.55
201.9
197.75
197.75
202.4
200.1
209.05
218.75
218.75
214.6
216
216.65
216.65
207.75
213.85
217.2
217.2
212.35
211.15
209.4
209.4
203.35
204.85
200.65
203.15
202.2
199.65
192.3
186.35
183.4
186.1
184.5
182.75
189.5
184
181.3
181.3
180.8
180.65
184.3
182.65
182.15
173.8
169.5
168.35
167.9
168
165.95
165.95
164.1
160.05
162
152.75
154.6
152.75
151.05
151.15
154.05
158.4
160.7
162.15
162.85
155.85
155.1
155.8
155.25
159.15
157.35
158.6
158
157.35
162.95
171.2
171.2
170.9
172.1
170
169.4
170.05
167.65
170.1
167.25
170.65
174.7
175.25
176.3
177.8
179.15
183.65
182.65
181.9
184.9
184.25
181.5
181.5
179.6
180.15
176.05
179.75
175.65
175.3
178.6
182.1
188.2
189.5
193.6
185.1
185.9
183.85
186.25
184.95
185.35
182.65
179.25
178.55
179.55
174.5
171.1
177.1
178.8
179.25
176.45
176.45
175.55
172.7
173.45
176.7
180.5
180.75
186.3
188.2
188.2
188.35
192.9
195.05
190.35
191.9
194.15
196.7
196.35
198.35
198.65
196.55
198.2
198.2
200.15
194.6
196.5
195.85
194.6
192.8
189.85
190.7
180
180
182.55
184.5
184.75
188.9
189.75
190.1
192.95
187.3
179.3
178.95
178.45
180.25
180.85
185.95
186.15
172.3
172.3
170.4
169.1
168.6
170.1
171.6
164.45
160.1
159.5
163.8
159.55
158
155.75
162.5
165
173.4
176.65
176.65
174.35
178.75
179
179
177.3
179.15
177.55
171.3
167.45
167.5
167.85
171.15
178.05
171
191.2
196.5
197.55
207.3
211.35
206.45
200.3
197
197.15
197.85
193.95
195.15
193.15
190.2
188.65
188.4
186.5
189.05
186.85
181.9
177.6
183.1
179.6
186.35
184
183.7
179.1
179.1
178.05
175.05
174.3
175.75
172.95
171.95
174.85
171.4
174.35
178.3
182.35
182.1
184.2
184.45
185.6
185.6
184.95
186.4
185.6
188.25
190.5
186.6
186.4
186.1
186.05
189.55
187.15
184.05
185.25
186.15
188.8
190.05
186.55
186.55
185.05
187.55
190.6
186
186
187.85
189.3
189.3
187.05
180.45
176.05
175.95
171
170.1
168.95
168.35
164.75
167.15
171.3
177.05
174.25
174.2
174.2
168.75
168.75
172.8
176
168.9
175.15
178.75
181.65
187.85
190.55
188.1
190
187.1
187.4
190.1
192.1
194.55
187.05
192.55
191.55
197.55
197.3
200.35
198.5
197.2
199.8
193.5
190.9
192.15
190.8
189.9
188.9
188.4
189.55
199.95
206.3
202.05
197
198.8
203.9
200.25
197.05
197.05
199.15
197.25
197.05
198.3
199.5
198.7
199.95
197.6
198
190.05
186.4
191.75
197
202
203.85
206.1
206.45
204.25
201.8
200.9
201.3
199.7
201.3
200.15
200.15
199.75
205.3
211.1
206.05
204.15
206.45
206.55
210.4
211.55
207.1
206.25
206.8
207.2
205.3
209.5
208
207.95
205.6
205.6
201.1
203.25
202.1
199.45
195.75
199.4
202.8
207.3
211.25
211.25
211.25
213.9
218.05
218.1
215.45
210.05
207.4
204.3
202.7
203.3
209.65
206.1
206.1
203.1
203.1
203.2
206.7
203.25
203.2
209.45
214.6
214.85
209.15
209.75
210.8
209.55
216.3
218.1
214.9
209.5
209.5
202
202.2
202.5
194.9
194
194.9
191.25
192.25
192.25
192.95
197.35
191.35
191.7
190.75
189.7
189.45
189.25
180.45
181.3
182.1
185.3
188.55
187.2
186.55
188.2
190.1
190.85
193.1
194.25
188.95
188.95
191.75
194.9
194.9
196.6
194.25
193.15
192.45
190.8
185
182.6
183.9
186
180.45
179.55
181.95
179.7
174.3
168.15
167.05
168.95
169.95
170
168.95
168.65
168
169.25
170.4
170.25
168.35
172.9
174.95
175.1
175.55
175.8
174.05
173.55
170.1
170.65
167.9
167.05
172
175.75
173.35
166.65
169.05
163.25
163.55
158.5
150.6
150.95
151
152.9
146.1
150.6
149.15
151.25
152.1
146.5
145
143.6
141.65
138.05
140.25
142.9
144.2
149.15
143.2
145.2
145.1
143.7
146.1
146.55
145.1
145.4
142.25
146.65
147.75
150.6
150.7
148.7
150.3
150.2
150.55
157.85
161.15
164.85
166.4
161.7
159.25
163.05
162.1
159.55
166.75
169.4
168
168
168
170.5
172.1
172.2
166.55
166.9
166.55
168.05
173.1
168.1
173.65
169.45
167.1
168.6
165.35
167.35
168.1
162.55
163.1
164.35
159.95
161.05
162.35
168.3
164.35
160.75
163.05
159.5
160.35
161.25
165.45
171.9
173.1
173.1
170.8
171.45
170.75
169.9
171.85
178.2
177
177.5
180.55
172.5
169.95
163.2
160.95
160.55
161.9
161.3
161.3
159.7
158.1
158.3
160.7
157.15
157.3
151.65
151.5
150.9
150.45
152.1
152.15
153.7
153.75
150.25
154.9
156.25
155.35
157.15
162.5
163.05
160.05
156
155.65
155.8
149.35
154.1
152.95
153.5
150.85
150.6
152.9
159.6
160.9
161.25
162.35
162.35
160.6
148.85
148.5
146.8
149.6
146.5
150.75
146.55
148.2
149.35
152.8
153.6
157.75
160.55
162.9
163.3
160.95
162.9
161.2
157.05
156.45
154.85
155.3
160.45
154.3
153.7
151.1
150.3
153.9
155.45
152.25
152.85
149.15
147.7
149.35
144.85
144.55
145.15
149.05
148.8
149.1
148.9
147.1
146.85
148
147.2
144.8
143.45
149.85
146.65
144.35
143.7
150.25
145.9
145.6
144.7
138.7
147.7
147.35
139.3
132.6
135.65
133.3
133.15
132.25
136.4
132.55
133.15
132
132.1
132.75
133.9
133
131.2
129.95
128.85
127.95
124.9
124.1
127.2
129.3
128.35
129.25
129.35
133.2
130.85
129.55
131.4
129.55
126.3
127
127.6
126.4
126.3
126.5
123.15
121.95
124.1
126.25
129.4
126.8
128.65
129.2
129.45
133.65
131.8
131.65
132
133
127.8
129.05
128.95
125.55
128.15
125.2
131.9
134.9
135.85
136.05
138.1
140.8
142.05
142.8
143.1
142.5
143.2
138.75
133.9
135.9
138.55
137
134.95
130.95
130.95
132.4
134.3
135.05
139.3
136.25
133.05
136.35
137.15
139.4
140.25
136.7
141.95
149.7
153.2
158.2
150.9
150.95
157.8
155.6
151.8
152.4
154.4
150.55
150
150.6
153.95
152.9
149.25
149
149.35
151.45
150.55
151.9
148.45
146.8
147.4
150.25
138.6
138.4
138.15
136.25
132.85
131.25
128.9
132.45
131.75
130
125.25
127.5
125.75
129.75
128.2
124.45
123.05
123.2
123.15
122.5
121.75
117.85
124.35
123.45
124.55
123.85
126.15
124.25
125.8
122
119.2
118.65
116.45
117.55
119.1
118.95
119.55
120.6
125.2
121.2
121.15
126.15
127.95
132.15
129.05
129.45
127.05
126.55
128.1
127.35
130.8
125.85
128
132.5
128.6
126.45
127.45
128.85
133.55
140.85
144.45
142.95
143.2
143.35
142.85
142.85
144.15
140.9
138.25
139.7
138.1
139.65
138
138.55
136.1
139.95
138.15
142
133.55
137.85
138.95
137
138.1
139.9
140.75
140.85
138.4
138.85
138.7
140.75
143.6
146.2
145.65
149.55
147.35
148.2
155.25
158.5
161.3
160.7
164.7
163.6
151.2
151.75
150.85
148.25
142.7
140.1
142.5
139.85
141.55
143.6
139.5
142.3
137.6
139.35
136.7
138.75
141.75
143.25
139.55
141.8
141.2
141.85
143.75
142.5
140.7
141.9
140.6
147.15
146
145.25
146.1
145.8
147.5
146.6
145.45
142.55
136.3
137.95
136.7
139.35
137.25
136.5
137.2
136
126.55
125.95
125.5
124.2
125.55
122.35
120.55
122.1
121.35
121.05
121.9
121.95
124.45
114.75
114.4
113.9
116.65
117.35
120.55
119.7
119.75
114.95
114.3
117.25
117.25
118.1
117.8
120.3
117.6
118.4
116.35
115
115
112.35
107.95
107.85
108.85
110.2
110.05
110.65
110.85
111.3
112.9
112.5
113.35
113.7
112.75
113.05
114.9
114.55
118.45
117.15
118.25
120.55
118.75
118.15
117.7
117
115.85
115.75
115.2
115.05
115.85
115.05
115.15
115.5
112.5
114.2
110.7
106.85
108.85
108.95
109.15
106.1
104.95
111.2
105.65
104.55
104.95
107.85
105.45
105.8
109.15
109.65
111.05
114.7
111.05
112.15
115.85
116.15
120.4
121.05
124.05
123.8
123.5
121.85
120.15
120.05
121.05
118.95
117.15
118.75
119.6
119
119
118.85
120.05
119.6
119.25
116.95
118.8
118.2
118.1
119.85
118.95
122.05
119.35
118.3
117.5
117.55
117.9
118.7
116.75
115.65
116.6
116.5
116.45
116.25
117.1
114.8
115.1
109.25
106
107
107.45
106.5
106.95
105.7
104.75
103.7
104.8
105.45
106.5
107.8
109.25
104.75
107
106.7
103.9
104.15
101.05
99.65
103.9
108.4
108.4
108.4
108.4
108.4
108.4
108.4
108.4
108.3
108.4
108.4
108.4
110.9
114.1
107.45
109.2
104.2
106
105.5
105.6
106.7
105.25
106.5
104.95
104.95
102
101.4
98.9
98.9
98.9
99.25
96.2
96.3
98.2
99.35
98.55
97.25
99.7
97.95
98.4
97.7
97.95
94.7
95
94.3
94.1
94.3
92
89.3
91.55
91.85
89.7
88.25
87.35
85.45
87.4
87.1
87.05
85.65
85.35
85.25
84.4
82.6
83.7
86.2
89.3
84.05
89.1
89.1
88.15
87.5
89.55
89.75
90
90
90.5
91.2
91.1
91.1
93.55
94.5
96
96
99.1
98.05
97.65
97.45
100.7
103.05
103.05
99.55
99.25
98.5
98.5
98
99.2
99.95
99.9
99.9
99.15
99.95
99.35
97.5
97.6
98.2
99.5
99.5
101
100
100.4
98.75
99.05
99.1
98.5
98.5
98.65
98.2
98.75
99
99
99
99
99
100.2
103.95
101.65
99.95
98
105.25
107
110.25
110
108.9
109.3
103.5
98.5
100.1
95.25
95.15
97
96
95.85
97.35
98.15
97.6
99.4
101.45
93.9
95.5
96.5
93.8
92.25
87
90.5
89.5
90.95
88.4
91.05
92.2
87.6
90
86.7
86.3
90.75
88.9
97
99.35
99.55
97.85
99
104.6
100.1
97.1
103.1
101.8
104.65
99.7
98.05
91.4
88.25
88.65
90
90.7
90.7
92.05
93.6
86.5
87.3
76.2
75.95
76.15
77
74.5
75.45
79.35
82.25
80.05
81.75
80.55
80.55
80.55
81.4
83.1
80.3
82.5
79.3
78.2
80.05
80
80.7
84.9
77.25
77.25
77.5
77.5
76
71.35
71.35
74.2
74.2
71.8
70.7
70.5
71.8
69.5
70.4
69.5
69.85
68.95
67.45
65
67
69.25
69.1
67.1
68.05
68.05
68.05
67.5
65.95
68.4
65.7
63
63
65.4
67.6
68.6
68
68
69.35
69.25
67.25
70.05
73.35
73.8
74.95
74
72.7
71.7
70.45
69.8
70.4
70.8
70.6
67.75
70.8
69.3
67.4
67.4
69.35
70.9
69.05
73.95
71
69
71.8
71.65
69.5
72.9
72.35
72.35
77.3
70.05
69.5
70.55
69.65
72.5
70
66.15
71
71
71.05
71
71.75
75.25
65.9
72
67.9
61.5
62.8
64.25
58
58
54
53.35
53.5
52.9
53
51.05
53.75
53.75
51.15
55.95
58
54.5
55
54.8
56.5
54.05
56.25
56.25
54.55
62.6
57.5
55
56.3
62.9
64.5
61.5
58.85
58.85
54
48.1
45
48.95
47.2
53.5
53
55.7
60.55
61.8
64.65
63.55
63.1
73.6
73.6
75.7
73.4
78.15
79.1
79.1
78.2
77.95
81.2
83.15
84
83.85
83.8
85.4
82
78.75
76.5
77.45
79
81.7
84
83.7
83.9
83
82.1
81.35
81.35
80
80.5
78.35
80
81.25
79.9
80
79.15
81.45
80.4
80.5
84.1
84.1
87.3
88
88.1
86.95
90.05
88.75
87.25
82.75
82.5
80.45
82.05
79.1
82.4
83.4
82.6
83.75
80.95
81.15
82.35
81.2
81.5
79.8
82.6
80.95
79.5
77
74.4
74.2
74.2
71.45
74.5
72
75.95
81.2
87
82.2
81
83.75
85
89.4
90.5
90
85.15
85
85.5
88.15
82.3
82.2
85.25
85.8
87.3
92.25
91.7
95.25
99.1
104.75
97.3
98.3
102
103.9
107.2
108.55
110.5
110.5
111.9
109.3
111.5
111.4
109.85
111.95
111.95
111.6
111.95
112.7
113.95
113.95
114.75
113.5
115.25
115.3
115.35
115.75
113.55
113.05
113.05
112.6
115.6
118.05
118.05
122.2
120.45
117.95
118
119.15
121.55
120.1
120.65
121.2
124.4
123.85
122.25
124.5
124.45
122.65
122.65
122.65
119
118
120.2
120.4
124.35
125
121.5
119.05
121.55
121.55
120.65
119
119
121.9
121.6
122
122.95
118.3
119.4
116.55
116
115.65
115.1
116.7
116
112.6
114.3
117
117.9
120.95
123
123.05
118.5
117.2
119
117
116.5
117.9
119
117.85
115
127
132.25
131.15
135.8
138
138
137.3
141.6
141.5
141.45
143.25
143.45
145
148
148.8
147.4
149.75
147
145.5
144.75
144.75
145
145
144.7
145.7
146.7
149.5
146.45
150.55
150.1
151.2
153.15
153.25
154.55
154
151.95
149.7
151.4
150.5
149.25
148.25
148
147.5
147.5
148.05
147.6
147.15
147.25
146.5
146.05
146.9
145
147.1
145.4
143
144.05
145
145
145.45
144.15
144.5
144.2
147
143.65
144.25
145.1
141
145
148.05
152.2
152
150
153.15
151.7
149
145.1
147.95
146
145.25
148
148
144.25
143.7
147.5
146.8
148
147.75
146.25
147
146.95
144.85
144.3
144.3
142
143
144.15
139.55
140.5
139
136.15
134.15
133.5
133.1
133.75
134.1
133.7
135.75
132.65
131.5
127.05
128.35
126.6
126.4
129.9
130
129.9
126.7
127.2
129.55
126.9
126.5
129.05
130.45
128.9
131.4
129.6
125.15
125.05
125
134.75
135.35
136.3
138.45
139.2
137.45
133.75
128.95
126.5
127.7
129.6
132.8
131.1
129.85
130.05
124.75
122.5
124.5
125.3
116.1
116.1
117.95
116.4
119.75
118.15
113.05
110.35
109.9
110.85
109.25
110
109.3
109.35
109.55
110.7
112.35
113.85
113.4
113.4
115.25
114.7
116
113.85
115
114.85
116.05
118.45
119.25
123.4
122.95
123.4
123.7
119.55
120.8
121.15
120.6
120.1
120.25
121.8
117.95
117.95
117.95
117.35
119.25
120.4
119.35
115.05
115.5
113.6
113.15
113.75
112.25
108.55
107.15
107.85
109.4
108.5
105.95
105.95
104.75
105.55
103.75
106.7
104.5
102.2
104.3
104.3
105.3
108
106.45
110.85
107.25
103.8
106.05
106.15
105.95
105.4
110.05
112.85
103.8
113.3
112
109.8
111.7
115.8
125.65
127.45
123.2
125.9
131.15
129.95
132.6
136.75
136.75
132.05
130.75
132.4
138.85
141.75
141.6
142.6
143.15
142.85
139.3
137.3
134.25
134.25
138
138
137.75
137
146.85
148.95
145.45
144.55
143.95
144.05
141.3
139.55
136.3
139.1
136.75
138.3
142.65
145.05
144.6

