87.9
89.5
89.75
88.95
87.9
87.9
87.9
88.4
89.35
89.65
89.2
88.1
87.3
86.05
86.35
89.1
86.55
89.6
90.05
90.25
91.95
92.85
93.4
94.6
97.6
94.1
94.8
94.8
96.1
93.65
93.1
91.7
91.95
90.7
90.3
89.5
89.5
89.5
88.95
87.6
86.8
92.2
90.3
90.3
93.7
93.8
91
92.9
92.7
95
95.8
95.8
96.25
96.05
96
95
94.85
94.05
93.85
92.2
91.6
93.05
94.35
94.7
94.25
94.25
92.25
90.7
90.55
91.1
91.1
90.6
88.6
88.15
87.95
87.2
87.2
87.2
89.5
87.7
87.25
87.5
82
81.95
85
87.65
85.95
87.8
90.3
92.15
91.5
87.4
86.5
84.45
95.1
95.6
95.45
97.3
91.65
89.05
88.4
88.1
86.75
87.75
87.35
87.2
87.45
88
84.95
84.45
84.15
84.9
83.3
80.9
80.5
82.1
81.35
79.3
77.65
75.15
74.4
74.45
74.25
72.75
71.65
71.2
71.25
72.95
73.7
72.7
73.95
74.1
72.55
70.95
71.35
69.9
69.75
71.55
70.35
69.75
68.45
65.65
64.95
65.35
65.8
65.65
67.4
66.3
66.5
67.65
66.8
67.5
69.2
71.95
71.45
70.5
71
69.3
68.95
69.2
70.2
70.85
70.5
70.8
69.95
71.35
69.65
71.95
74.3
68.7
65.65
66.9
70.55
71.3
69.6
69.6
68.8
68.45
65.6
67.45
70.1
70.9
70.35
70.65
72.95
74.3
74.95
75.9
75.9
75.4
75.3
73.25
73.35
73.75
74.05
74.05
74.05
73.3
74.1
69.6
68.45
67.4
67.4
68.6
69.05
70.85
71.05
71.95
73.25
72.4
75
75.05
74.5
72.65
73.8
73.8
71.95
73.95
72.95
66.9
64.9
67
66.75
67.6
68.2
70.1
69.2
66.2
66.2
67
67.2
64.3
60.85
57.35
60.9
62.45
63.9
64.9
66.05
65.7
65.95
68.15
66.1
64.3
64.3
63.1
63.75
61.1
60.5
60.35
60.25
58.95
59.8
60.3
58.7
61.25
59.65
56.55
57.8
53.4
52
51.4
51.45
51.3
49.75
49.65
49.65
49.6
50.7
50.6
50.2
46.7
45.9
48.4
49.05
50.35
50.55
50.05
51.35
53.5
54.4
55.05
54.75
53.85
52.4
51.7
51.1
49.15
51.75
52.8
52.7
52.75
53.8
55.3
54.4
53.85
53.45
49.7
49.35
47.45
46.75
46.75
46.55
46.55
46.45
46.3
45.55
45.55
45.75
44.5
44.5
44.5
44.2
44.35
43.45
42.6
44.6
44.6
44.7
44.1
45.35
43.85
42.6
42.15
42.15
42.15
42.15
41.15
41.3
39.75
38.4
38.7
38.9
40.8
39.65
41.05
38.8
39.25
42
41.35
41.9
41.65
40.8
38.6
38.5
37.35
38
38.2
38.8
36.45
36.45
36.7
36.05
35.55
36.6
36.65
37.15
37.8
35.2
34.7
34.7
33.75
35.05
34.5
33.9
34.5
34.65
35.3
35.1
33.95
34.15
34.6
32.85
32.85
33.25
34.1
33.7
33.2
33.2
34.05
34.5
32.8
32.5
31.5
30.65
32.6
33.05
35.15
37.15
36.1
35.55
36.3
36.75
36.5
36.1
37.95
38.1
35.95
33.95
32.55
33.3
33.35
33.15
32.8
32.9
33.75
32.25
33.55
34.25
33.9
34.1
33.95
33.4
32.9
32.35
31.55
32.65
31.8
31.85
32.85
28.9
28.95
28.35
29.15
26.9
25.5
25.6
25.55
25.1
23.9
22.9
22.6
22.5
22.45
22.5
22.25
22.25
22.7
23.25
23.3
23.85
23.85
23.75
24.3
23.05
23.05
22.8
23.6
24.1
24.1
24.25
24.55
23.05
23.05
23.45
23.2
23.55
22.6
23.65
22.85
22.1
22.6
20.3
19.35
18.5
17.7
17.65
17.5
17.45
17.45
17.45
17.75
17.55
18.1
17.15
16
16.15
15.6
15.55
15.65
15.7
15.7
15.5
15.5
15.7
15.65
15.65
15.35
15.35
15.6
15.5
15.6
15.7
15.65
16.1
15.95
16
16.45
15.9
16.45
16.15
16.3
16.35
16.5
17.05
17.7
17.25
16.8
16.8
16.85
17
17.25
17.4
17.1
17.2
17.9
18.25
18.35
18.7
18.9
17.75
17.2
17.25
17.15
16.55
16.95
16.6
16.6
16.15
15.7
15.7
15.85
15.55
15.9
16.25
16.9
17
16.75
16.5
16.25
16.35
16.3
16.6
16.75
16.8
16.45
15.8
15.4
15.65
15.4
15.3
15.6
15.9
15.35
15.1
15.1
15.55
15.25
16.2
16.95
16.8
17.7
18.45
17.8
17.8
17.2
16.9
16.85
16.8
16.7
16.95
16.85
16.8
17
16.85
16.5
16.55
16.55
16.95
17
16.5
15.8
15.7
15.8
15.7
15.1
15
15
15.15
15.05
15.15
14.75
15
13.9
14.1
13.75
13.4
13.65
13.65
13.3
13.6
13.6
13.1
13
13
12.95
12.65
12.1
12.5
12
11.85
12.1
12.45
12.95
12.95
12.7
12.2
13.05
12.8
12.75
13.25
13.25
13.3
13.4
13.1
13.1
12.45
12.3
12.2
12.75
12.75
13.55
13.55
14.25
14.5
14.2
14.45
14.85
14.95
15.2
15.35
16.05
15.75
17.45
17.8
18.5
18.4
18.7
18.6
18.5
18.55
20.1
20.2
20.65
20.1
19.75
20
20.65
20.5
21.25
21.75
22.15
22.1
22.4
22.45
21.5
21.15
21
22.4
23.05
23.8
23.85
23.55
23.35
23.75
24.35
23.9
23.95
23.9
23.15
22.95
23.1
23.55
23.9
23.3
23.45
22.5
22.15
22.05
22.45
22.65
22.8
23.25
22.55
22.65
22.95
22.8
22.8
22.5
22.4
22.5
22.7
22.7
22.5
22.4
22.4
22.05
22.3
22.1
21.95
21.95
21.8
21.8
22.05
22.2
21.9
22.3
22.45
22.15
21.85
21.85
22.1
22.1
22.35
23
22.85
22.65
23.15
22.8
22.6
22.8
22.6
23.25
23.65
24.05
23.35
23.25
23.25
22.5
23.2
22.25
22.75
22.65
23.3
22.9
22.7
23.4
23.1
23.15
22.65
22.7
23.1
23.25
23.35
23.7
24.8
25.1
25.25
24.85
24.65
24.45
24.85
24.8
24.9
25
24.4
24.95
25.6
26.35
26.3
26.65
26.7
26.4
27
26.65
27
26.75
26.7
26.6
26.65
27.15
27.3
27.3
26.95
26.95
26.85
26.85
26.55
26.55
27.1
27.3
27.8
27.55
27.6
27.35
27
26.45
26.65
27.6
28.15
28.2
27.55
27.35
27.75
28.4
27.95
27.95
27.95
27.4
26.85
26
25.4
25.7
26.25
27.5
28.25
26.85
26.85
26.85
25.7
24.1
24.8
24.2
24.05
24.15
23.6
23.45
23.1
23.1
23.2
23.2
23.35
23.35
23.5
23.4
23.45
23.35
23.45
23.7
23.85
23.95
23.8
24
24.15
24.7
24.7
24.45
24
24
24.1
23.85
24.15
24.5
24.45
24
23.6
23.1
23.1
23
21.9
21.1
21.55
20.8
21.1
21.15
20.7
20.65
21
20.6
20.6
20.6
20.55
20.75
21.3
21.85
22
22.05
22.05
22.5
22.5
22.75
22.9
22.9
23
22.9
22.95
22.9
23
22.9
22.75
23
22.05
22.3
22.3
21.25
21.2
22.5
23.3
23.8
24.05
24.45
24.2
23.95
24.05
24.4
24.75
25.85
26
25.55
25.65
25.8
25.15
24.4
24.5
24.9
24.7
24.9
24.95
24.85
24.9
25.2
25.05
24.95
25.05
25.8
26.15
27.25
27.1
26.9
26.6
26.8
26.15
25.35
25.05
25.05
25
24.35
25.1
24.7
24.1
24.4
24.15
24.65
24.95
25.05
24.95
25.4
25.9
26.15
26.85
27.5
28.05
28.65
28.9
28.4
29.7
30.45
32.2
32.2
31.45
32
31.05
31.05
31.6
31.15
30.65
30.2
29.35
29.25
29.3
29.65
29
29.3
30.2
31.25
31.25
31.25
32
30.95
30.35
29.05
29.2
29.1
28.95
29.1
28.35
27.8
27.35
27.3
27.6
27.35
28.45
28.55
28.7
29.2
27.9
28
27.85
28.1
28.65
27.9
28.3
28
26.75
27.8
28.05
28.1
29.15
29.45
29.45
30
29.3
27.8
27.1
26.7
26.75
26.75
25.7
26.45
26.3
26.85
28.6
27.25
26.95
27.25
27.45
27.45
27.65
26.8
26.65
27
24.85
25.5
25.1
24.9
24.4
24.05
24
23.45
23.45
24.05
23.7
23.4
22.6
22.8
22.8
22.7
23.15
23.7
23.65
23.4
21
21.6
23
23.05
23.8
24.7
24.9
25.15
25.5
25.7
26.85
26.45
26.45
25
24.8
24.65
25
25
24.75
24.45
24.9
24.85
25
25.15
25.6
26.2
26.3
26.95
27.45
28.35
27.4
27.8
27.15
26.85
26.2
27.35
26.9
25.7
25.4
24.55
24.45
24.6
24.75
23.9
24.3
24.6
24.55
24.85
24.6
24.7
24.55
24.6
25
25.4
26.1
25.9
26.7
26.25
25.95
26.05
26.2
26.55
26.15
26.6
26.15
26.9
25.9
25.1
25
26.4
27.4
27
25.85
25.85
25.25
25
25
24.8
24.85
24.55
25
25.25
25.5
23.95
23.65
25.25
26.15
25.55
25.35
24.75
24.1
24.4
24.4
25.3
26
51.65
51.1
50.8
52
52.55
52.85
51.75
50.3
49.7
50.65
52.2
51.2
49.85
50.2
50.95
51.55
52.8
52.3
52
51.7
49.8
48.45
48.6
48.75
49.15
49
47.95
46.85
46.05
47.1
46.8
49.3
50.55
50.5
50.75
51.1
50.8
51.5
51.1
50.65
51.1
52.05
52.2
51.75
51.15
50.45
50.45
50.5
49.9
49.65
50.05
51.2
48.45
46.7
48.3
49.25
49.55
48.65
48.7
48.2
48.65
49.95
48.85
48.5
49.35
51.5
53
54.1
55.6
55.2
53.6
54.15
54.3
54.55
52.9
53.55
55.05
55.35
55.25
55.1
55.05
56.05
57.7
57.5
58.45
58.4
57.85
56.85
56.4
56.5
56.9
56.55
56.25
53.45
52.5
51.55
52
53.25
53.6
52.65
53.65
51.5
52.95
52.25
52.15
50.9
53.8
53.2
52.5
52.2
46.75
46.9
46.55
47.5
49.35
50.55
50.9
53.3
53.65
54.65
55.45
53.7
52.1
49
50
52.8
52.5
54.55
55.95
56
58.95
56.3
58.1
60.8
60.9
60.9
59.3
58.55
58.2
58.05
59
59.05
62.1
61.7
59.2
60.1
62
65.15
65.5
67.55
66.9
64
62.25
62.35
61.45
62.15
62.1
64
65.95
66
64.3
65.35
65.45
66
68.45
69.05
70.5
67.45
71.15
72.85
71.6
72.6
75
73.7
71.65
72.85
72.65
72.6
74.95
74.75
74.6
74.35
76.15
74.1
74
75.45
74.5
79.45
79.5
80.2
80.55
79.25
78.4
75.3
76
76.1
75.8
75.4
77.3
78.35
75.05
75.4
76.55
75.5
74.6
72.85
74.15
75.15
76.05
75.45
76.65
73.9
76
76.45
76.5
77.1
75
72.1
72.75
73.25
73.75
74.2
74.65
74.4
75.15
76.2
76.05
74.7
76.15
77.25
72.8
72.45
72.35
73.9
74.3
75.75
75.65
74.45
74.75
73.6
72.2
71.85
71
69.75
70.5
68.75
69.7
70.85
69.55
69.6
71
71.8
69.8
70.25
70.7
71.65
71.15
72.9
72.5
73.25
71.45
70.95
71.95
72.5
71.85
71.7
73.25
72.75
72.3
70.95
72.7
70.55
71.4
68.6
69.85
69.7
69.55
69.05
67.55
67.1
65.5
62.55
62.6
63.65
63.75
64
62.5
63.45
63.05
62.9
63.25
62.6
61.95
62.45
62.85
63
62.8
63
61.65
61.25
62.4
64.1
64.3
61.05
59.7
60.35
60.3
60
59.25
57
59.85
61.05
60.85
63.25
65.35
66.6
67.1
68.55
67.15
65.5
64.15
63
65.4
62.45
60.95
60.75
60.05
54.95
55.8
56.35
56.5
56.75
56.55
55.5
55.8
54.2
55.2
55
55.7
55.7
55.9
56.05
54.8
55.7
56.1
56.6
57
56.95
55.8
54.1
53.8
54.15
54.3
53.6
53.65
54.05
54.05
53.8
53.35
53.1
51.05
50.75
51.85
52.65
52.4
54
54.7
54.8
52.75
52.1
49.9
49.65
46.9
46.45
47
48.5
49
49.9
50.95
50.75
50.65
50.5
50.35
49.85
50.65
50.9
50.25
54.75
54.75
54.75
54.75
54.75
54.75
54.75
54.75
54.75
54.75
54.75
54.75
54.75
55.65
55
56.15
55.15
53
53.05
53.45
52.8
51.7
51.65
52.7
49.45
49.45
48.6
49.3
49.65
49.65
49.65
48.85
47.75
48
49.05
49.4
49.5
49.25
51.5
51.5
51.3
51.1
52.65
51.7
52.35
53.5
54.4
52.95
52.25
51.2
51.2
51.8
51.45
52.55
53.8
52.3
54
53.2
53.9
52.3
52.55
54.6
53.25
52.8
51.75
49.05
47.7
46.5
45.85
45.85
43.8
43.6
42.3
43.7
44.4
44.15
43.2
43.9
44.05
44.05
44.4
43
41.7
41.7
40.4
41.7
40
40
40.55
41.7
41.7
42.65
42.5
42
42
43
42.6
41.75
40.6
40.6
39.55
40.7
39.75
38.75
39.4
40.2
40.5
41.1
41.85
39.75
38.85
39.25
39.5
39.05
40.5
40.05
39.05
39.35
38.35
35
35
35
35
35
36.55
36
34.3
34.7
32.4
32.5
33.7
35.75
36.25
37.65
36.55
36.1
34.6
35.2
35.1
35.9
32.95
32.75
33
33.75
33.6
31.65
32.3
31.75
29.65
31.05
33.05
31
30.35
29.3
32.15
30
30.8
29.95
31.6
32.1
32
30.5
29.1
29
30.9
29.35
29
29.9
29.9
30.75
32.75
32.5
33.3
32.7
36.3
35.15
36
37
34.05
32.4
29.95
30
28.3
29.6
31.3
30.3
31.5
29.7
25.6
22
21.2
21.25
21
20.8
22
21.2
21.1
21.95
22.1
21.5
21.5
21.5
20.2
21.05
22.7
22.8
20.35
21.05
21.15
20.85
20.9
22.85
21.4
21.4
20.25
20.25
19.5
18.4
18.4
18.8
18.8
18.55
18.05
17.75
18.55
17.95
17.4
17.65
17.3
16.5
17.8
18.1
17.5
17.45
17.4
16.6
16.15
16.15
16.15
16
16.65
16.5
16.55
16.75
16.55
16.3
15.55
15
15.45
15.45
15.3
15.25
15.55
15.55
15.2
15.1
14.95
14.8
15.25
14.95
14.35
14.05
13.9
13.95
14.05
14.1
14.35
13.85
14.25
14.25
14.35
14.65
15.05
15.15
15.05
14.35
14.6
14.75
14.95
15.15
16
16
16.3
16.25
16.25
15.65
15
14.95
14.2
14.3
14.5
14.5
14.9
15.5
16.5
15.75
15.05
15
13.8
12.9
13.4
13.1
13.3
13.3
14
13.7
13.4
13.45
13.8
13.9
13.8
13.8
13.65
13.9
13.95
13.85
14.25
14.9
14.75
15.35
15.85
15.85
16.3
17
16.9
17.5
19.2
21
20.95
19.2
18.4
18.4
18.15
17.65
17.9
20
20.6
20.9
20.75
20.5
21
21.55
22.5
22.9
22.4
24.25
24.25
26.75
26.45
27
26.9
26.9
26.55
26
27.5
28.05
28.5
28.85
29.5
30
29.1
30
31.45
32.1
32.2
32.5
32.4
32.75
32.7
32.7
32.9
33.95
33.95
33.75
33.8
31.2
32
31.6
31.5
31.4
31.6
32.15
32.3
32.3
32.9
32.9
32.25
32.3
33.75
33.1
33.3
32.6
31.9
29.3
28.1
28
28.25
28.05
28.7
28.75
29.2
29.25
27.75
27.55
27.95
27.6
27.7
29.3
29.95
29.5
30
30.35
30.1
29.8
28.65
27.75
28.6
27.1
28.65
29.95
31.85
31
30.6
31.2
32.5
33.4
33.25
33.2
32.8
32.35
32.7
32.85
31.2
30.9
32.35
32.5
32.7
35.15
35.15
35.8
36.2
36.95
36.4
37.15
37.45
38.4
40.1
39.8
39.15
39.15
39
38.6
38.2
39.35
39.3
40.45
41.6
42.85
42.8
43
41.1
41.1
40.2
39.8
41.1
40.45
42.15
38.05
38.2
38.2
38.2
38
38.1
37.7
37.7
37.85
38.5
37.2
35.15
34.4
34.9
34.8
35
35.2
34.75
33.05
33.1
33.35
31.25
32.3
32.3
32.3
33.35
33.9
34.5
34.5
35.35
36.1
35.15
35.2
37
37
35.95
36.5
37.7
35.6
35.7
36.15
35.9
36
36.15
35.8
37.05
37.1
36.4
36.1
34.65
34.25
34.5
36.3
37.1
38.25
37.55
37.7
35
33.9
35.6
36.45
36.7
37.5
35.8
37.25
32
36.65
45.5
48.3
47.55
47.9
49.45
50.45
51.6
54.3
54.15
56.4
53.75
52.6
51.95
52.05
52.2
50.35
49.4
50.2
49.45
49.45
48.3
48.3
49.7
48.9
48.8
52.7
52.35
53.55
52.5
53.4
50.05
51.45
49.85
50.7
47.05
44.65
43.65
44
47.9
40.9
40.05
40.8
40.75
43.8
43.5
40.9
40.7
37.9
37.4
36.95
37.85
38.2
37.55
38.35
38.9
39.35
39
40.15
41
40.2
39.9
36.4
37.15
37.7
37.35
37.2
37.85
37.1
39.7
40.75
41
41.35
40.45
40.85
39.05
41.7
44.4
45.15
45.6
45.6
45.45
43.8
44.2
42.75
41.1
39.05
38.3
37.6
36.7
36.9
36.95
37.15
37.1
37.45
38.55
38.3
39.5
38.75
38.4
38.45
38.05
37.85
37.6
35.95
35.35
35.05
34
34.55
34.5
35.8
34.75
35.55
36.2
36.2
36.2
36.65
36.25
36.3
35.8
36
36.25
35.95
36.05
37.2
36.9
37.35
39.25
38.8
38.5
39.3
38.75
38.85
39.05
39.35
39.55
39.1
40
38.8
38.5
38.3
38.3
38.35
38
37.95
37.7
37.85
37.3
38.1
38.25
38.45
38.35
37.5
37.05
37
37.15
36.55
37
35.7
35.75
36
35.7
36.7
37.55
38.2
38.05
37.2
37.2
37.4
37.3
37.3
37.4
37.3
37.3
37.7
37.15
37.3
37.35
37.75
37.5
37.5
37.25
37.25
37.45
38.15
38.8
39.4
39.7
38.95
38.95
38.95
38.55
39.4
39.75
37.75
37.45
37.5
37.35
37.7
37.75
38
37.75
37.15
36.85
37.05
36.6
35.7
35.7
35.45
36.05
36.25
38.4
37.3
38.8
40.95
40.95
40.95
41.45
40.85
39.7
39.35
39.1
39.2
39.1
41
41.3
40.05
39.5
37.95
38.2
36.55
40.15
40.35
39.8
42.2
42.1
41.35
43
43.1
44.6
46
46
46
43.75
43.9
45.05
47.6
48.7
49.2
49.8
49
48.45
49.1
48.4
47.75
47.75
47.65
47.65
46.05
47.1
47.75
47.1
47.6
46.6
45.55
45.7
46.35
45.85
44.2
44.05
44.2
45.25
46.05
46.3
46.3

