875.95
870.2
887.4
871.75
871.5
871.5
869.1
840.6
835.9
830.85
832.7
820.5
823.1
823.75
809.1
804.45
786.75
797.9
801.6
806.9
820.75
824.1
826.6
809.75
817
824.1
835.25
835.25
847.45
831.85
816.95
815.75
830.95
820.25
829.15
837.9
837.9
831.3
856.65
814.1
819
819.85
840.45
846.6
835.95
844.65
853.6
846.1
832.75
827
812.4
812.4
813.25
805.25
802.7
791.8
805.95
780.95
787.05
787.5
750.55
744.6
755.15
765.5
769
769
769.2
755.9
746.8
741.95
741.95
732.55
715.55
711.6
707.3
693.2
693.2
698.8
713
707.45
710.15
714.5
726.7
705.55
723.05
734.9
728.5
737.75
753
756.4
745.35
724.2
736.8
713.8
804.45
798.85
817.55
791.3
783.4
762.15
736.3
744.15
761.45
778.5
772.7
789.75
763.5
754.2
755.6
759.9
723.05
731.15
725.15
738.8
734.75
748.7
752.3
749.9
771.05
757.85
758.625
753.075
756.375
1494.1
1452.85
1449.8
1443.9
1449
1448.25
1419.1
1415.35
1464.4
1452
1403.3
1431.6
1434.15
1443.25
1395.95
1371.95
1360.8
1345.95
1335.3
1314
1276.8
1278.45
1266.55
1301.8
1287.4
1292.9
1311.95
1312.8
1312
1323.25
1360.4
1374.2
1304.2
1340.4
1347.55
1353.95
1362.55
1358.9
1392.55
1386.7
1351.4
1352.3
1355.55
1342.1
1322.2
1362.8
1284.85
1236.65
1275.45
1364.9
1304.3
1285.65
1285.65
1281.9
1293.35
1215.4
1289.15
1338
1352.1
1334.9
1342.35
1334.9
1417.85
1360.55
1352
1352
1342.7
1326.2
1325.15
1360.25
1324.65
1247.4
1247.4
1247.4
1221.6
1224.8
1205.1
1134.75
1179.9
1169.95
1151.1
1159.05
1224.85
1244.95
1223.8
1195.85
1148.3
1155.55
1111.65
1127.3
1102.7
1093.25
1093.25
1070.65
1098
1087.1
1033.15
1025.65
1013.7
1038
1040.85
1056.5
1036.95
1087.15
1103.45
1103.45
1118.8
1123.9
1105.25
1032.8
1047.5
1108.95
1150.85
1209.8
1224.2
1264.15
1247.75
1221.55
1178.15
1177.65
1179.85
1179.85
1181.1
1170.55
1166.55
1162.85
1155.35
1132.1
1144.5
1150.35
1177.6
1169.55
1126.7
1105.05
1087.8
1131.95
1132.5
1127.1
1135.7
1126.3
1108.55
1093.05
1091.6
1091.6
1089.5
1107.8
1106.3
1076.35
1048.6
1095.85
1130.25
1156.7
1125
1123.6
1129.65
1161.7
1125.8
1135.25
1144.75
1150.2
1119.4
1090.85
1081.1
1082.3
1111.15
1117.5
1112
1128
1122.3
1141.75
1108.1
1119.95
1099.5
1061.75
1029.5
1021.15
1028.45
1001.3
1001.3
1002.8
1002.8
968.45
951.95
957.8
971.55
942.9
964.35
964.35
968.25
948.45
933.75
913.2
897.85
931.45
931.45
941.35
938.6
948.95
953.45
996.75
966.25
966.25
966.25
966.25
968.25
947.45
881.7
867.45
799.15
812.25
852.4
871.25
883.5
868.3
852.1
893.2
896.15
864.15
878.2
870
845.05
830.05
833.05
832.6
811.55
808.75
817.55
817.55
824.7
827.55
817.7
811.9
809.4
795.8
766.85
776.45
767.2
767.2
762
767.75
770.3
722.15
715.05
722
732.3
717.8
707.25
712.2
682.45
677.9
677.9
691.95
723.65
719.9
719.25
723.95
736.95
742.8
730.7
722.85
689
690.8
663.95
677.9
733.7
770.55
765.25
768.3
750.65
732.2
740.85
741.25
741.6
748.7
726.4
718.5
690.45
696.25
700.8
707.35
707.9
698.2
700.8
687.8
687.2
652.4
650.1
636
627.6
623.35
638.55
669.8
637.05
639.25
642.45
613.55
614.6
620.25
619.6
603.15
599.85
624
615
615.1
620.3
590.3
585.75
594.85
596.75
597.9
593.7
601.15
573.1
573.1
578.2
589.35
579.25
554.1
554.1
548.35
555.05
551
551
547.8
558.2
550.4
550.4
543.35
564.35
556.1
556.1
564.9
569.6
558.9
534.3
511.5
512.25
523.55
532.5
529.25
521.25
534.6
534.6
524.35
520.4
514.75
514.75
498.1
494.2
487.35
507.8
506.45
533
535.4
527.45
529
524.15
512.3
512.3
516.75
484.05
489.1
493
503.6
501.9
503.95
490.3
487.7
492.3
500.8
489.5
507.25
493.6
490.9
478.3
469.15
471.55
455.55
438.8
418.5
412.2
420.6
426
436.4
435.5
410.5
384.9
397.1
383.4
388.75
380.15
389.9
392.6
405.5
407.75
411.2
395.15
378.25
391.7
392.8
392.3
390.6
402.8
399.9
399.9
383.8
377.85
377.7
377.15
354.6
349.05
310
297.95
304.65
306.25
306.3
306.2
302.55
307.35
306.7
304.2
293.55
291.6
289.2
291.7
284.3
278.35
275.1
273.6
278.6
278.8
281.95
281.95
273.4
271.9
268.45
260.4
238.45
242.45
240.75
229.75
229.75
216.7
218.65
212.8
210.25
215.55
215.8
216.1
221.7
218.8
207.95
203.75
206.75
206.75
209.65
208.35
211.05
210.7
206
209
210.25
211.7
209
209
202.35
200.7
194.45
192.05
192.05
188.3
188.85
185.75
177.35
177.65
173.2
183.05
182.85
187.15
188.15
190.05
190.05
188.6
189.5
182.75
182.8
181.55
181.6
178.7
171.6
182.7
179.75
180.1
172.25
185.05
183.7
186.1
190.5
190.5
187.1
180.7
161.3
161.3
158
148.7
148.65
157.9
163.2
169.3
165.25
177.5
179.55
178.95
172.95
175.65
174.05
173.85
181.2
175.6
182.65
189.9
191.5
191.45
191.5
192.15
192.6
188.1
185
184.6
185.75
186.9
180.6
176.95
170.65
175.6
172.75
170.8
172.15
181.6
181.35
181.1
169.65
165.75
174.65
171.7
175.85
184.4
185.75
186.95
185.55
177.75
170.4
176.95
176.45
179.1
177.8
171.3
174.7
182.35
180.6
190.1
192.15
192.85
194.45
189.75
190.65
194.85
188.95
193.75
194.4
197.3
196.65
199.45
190.9
190.9
192.05
190.4
191.6
188.4
188.4
189.55
181.45
181.45
184.75
180.6
176.2
174.9
168.4
159.55
158.45
159.7
157.55
162.55
159.95
157.75
151.95
145.95
145.95
130.45
130.45
136.6
139.75
145.45
151.65
157.65
155.95
159.65
164.1
160.55
163.6
167.15
164.8
164
164.55
165.1
155.3
160.45
160.9
172.7
172.2
173.5
181.25
180.2
186.95
186.7
181.5
184.6
181.95
181.2
180.8
182.25
183.55
186.4
192.65
191.4
188.45
192
187.4
186.65
183.05
190
187.4
184.85
188.25
189.15
195.3
192.55
188.65
188.45
192.85
192.05
184.5
190.85
196.5
200.7
201.6
201.65
202.2
201.7
193.45
189.4
190.9
189.4
193.25
194.25
194.25
192.4
195.4
188.55
190.45
187
183.35
187.75
193.8
191.45
192
193.1
195.65
194.9
197.6
191.1
188
184.15
180.15
180.15
178.9
172.45
176.25
178.75
172.1
174.75
176.65
173.45
178.45
178.45
178.75
170.25
178.55
175.65
175.35
169.85
170.3
169.95
158.45
161.4
158.2
160.1
163.25
159.75
159.75
161
156.9
158.95
156.45
154.65
155.55
159.9
159.5
152
149.6
143.45
138.6
144.7
146.45
144.35
144.35
142
140.75
140.7
137.85
129.6
129.8
128.65
129.05
129.05
127.15
125.8
128.4
129.6
131.3
131.1
123.25
119.35
116
118.65
118.25
110.3
109.45
112.15
111.6
111.05
111.9
107.75
107.35
104.7
102.7
102.7
104
104.1
104.1
105
103.1
101.65
110.05
111.9
112.35
113.6
112.55
113.4
109
104.45
101.25
103.6
107.65
108.15
108.4
108.4
109.25
111.05
109.8
110.4
112.5
114.15
113
114.4
111.25
115.5
115.2
115.05
116.3
114.05
110
106.9
107.75
108.25
108.2
109.25
108.25
106.45
105.25
106.05
108.85
106.05
105.8
107.25
108
107.15
110.05
109.2
106.15
105.5
104.95
108.85
108.25
110.4
116.85
117
115.45
107.85
110.15
107.85
107.7
105.9
106.35
106.1
102.65
109.4
113.9
116.7
123.75
125.7
120.6
124.5
128.7
130.75
130.75
127.15
126.05
127.3
129.35
128.2
133.5
133.2
130.5
128.9
126.4
116.55
115.55
112.95
114.25
112.9
114.3
114.3
114.3
113.95
114.05
119
115.5
114.9
115.55
114.65
119.1
115.9
116.95
116.3
114.15
113.3
114.5
117.05
118.55
118
114.85
112.25
112.25
113.9
120.05
120.15
111.6
112.1
112.55
103.9
109.5
112.9
113.7
117.2
118.75
118.75
119.2
115.7
117.85
109.15
110.65
117.4
119.6
116.65
119.6
120.4
115.45
117.45
115
107.4
113
110.2
110.2
101.65
99.8
99.95
96.6
97.8
102.35
104.7
107.25
105.1
107.6
101.05
96.55
89.8
91.8
90
91
86.25
85.15
84.4
87.35
88.85
89.85
87.95
88.4
90.3
88.95
88.25
89.45
91.6
91.45
93.65
91.5
89.75
91.25
94.55
96.25
96.25
92.7
92.6
91.05
89.4
90.8
92.75
90.6
90.1
89.4
83.75
82
85.1
91.95
95.65
104.2
111.25
118.8
123
128.3
127.4
129.2
130.1
128.2
128.55
123.95
121.2
122.85
122
125.4
127.25
125.25
126.2
128.15
132.65
135.35
129
127.45
120.45
118.5
119.2
120.7
124.05
129.25
126.35
130.4
128.25
132.4
135.7
142.8
143.75
137.6
135.3
130.3
130.75
130.35
131.4
134.05
136.25
137.55
132.85
129.05
128.7
125.7
128.45
123.8
128.95
130.4
132
124.7
137
143.7
142.75
145.85
155.95
154.55
156.45
149.85
157.45
162.3
164.2
163.25
163.25
169.55
170.75
171.55
181.8
186.1
181.45
174.65
170.35
172.8
176.6
173.3
173.85
171
166.85
166.3
166.85
169.75
171.8
171.55
173.15
174.95
170.55
172.15
175.4
174.85
174.05
170.8
167.15
170.2
170.45
166.25
174.25
175.35
177.65
175.35
175.2
175.85
180.9
179.8
181.15
174.3
177.2
177.15
176
176.6
172.15
165.7
163.55
162.05
168.45
175.7
193.4
192.15
192.55
190.1
194.8
194.05
192.1
191.9
193.65
181.35
182.35
181.85
187.2
182.65
187.6
194.5
196.1
195.35
197.2
197.15
195.05
195.35
195.4
193.65
193.55
193.75
196.35
196.3
190.1
190.3
194.35
201.4
202.2
197.7
198.15
195.85
195.95
193.7
191.3
185.9
198.05
199.85
202.65
199.9
196.05
202
192
193.85
187.55
190.35
189
196.8
191.6
185.5
179.55
183.75
176.45
183
182.4
169.9
165.5
170.15
204.6
222.15
230.6
224.35
236.85
241.95
239
233.45
236.5
228.5
1099.15
1174.25
1156.8
1174.15
1154.05
1166.45
1179
1186.75
1177.15
1236.65
1251
1255.55
1264.05
1266.4
1259.95
1276.5
1292.35
1277.7
1296.05
1297.65
1331.0001
1295.05
1293.3501
1312.7
1355.45
1359.2
1359.65
1331.1
1313.9
1302.2501
1299.85
1291.6
1295.2499
1299.2999
1297.8
1302.35
1338.95
1301.3499
1335
1323
1278
1266.95
1274.8
1218.85
1223.3
1267.4
1273.8
1286.9
1287.05
1299.4
1268.6
1247.65
1250.2
1234.4
1197.6
1225.95
1230.75
1235.55
1256.85
1265.95
1244
1230.4
1252.85
1270
1292.95
1324.4501
1328.8
1341.25
1304.8
1300.2
1268.7
1246.35
1243.25
1184.95
1188.1
1192.75
1192.5
1206.35
1185.1
1179.45
1160.6
1139
1119.1
1128.95
1155.1
1139.75
1129.05
1125.4
1110.5
1102
1101.35
1084.4
1066.55
1058.7
1038
1036.75
1051.75
1048.7
1064.55
1047.8
1052.55
1066.1
1097.3
1079.05
1029.6
1037.4
1034.7
1049.15
1027.55
1029.15
1037.5
1059.4
1063.5
1045.45
1048
1044.6
1038.45
1051.85
1012.1
1034.65
1029.85
1050.75
1074.4
1079.4
1073.55
1006.6
963.1
948.65
949.95
959.65
947.5
965.85
946.85
952.85
943.35
985.85
997.8
983.05
969.85
982.3
968.05
935
934.65
951.4
962.4
966.35
959.95
988.3
1004.7
969.8
978.35
976.9
953.95
941.65
919.5
914.6
920.15
923.05
918.25
920.4
910.2
895.45
888.25
856.05
862.95
870.95
865.6
863.25
851.35
851.55
830.45
837.35
836
824.15
813.35
809.7
807.85
804.75
834.35
832.15
835
844.5
852.75
839.75
832.25
841.9
846.65
871.7
858.35
870.65
875.8
904
927.6
909.55
894.05
873.85
880.2
895
883.3
912.7
931.45
933.85
947.3
952.25
946.8
935
942.05
935.15
927.55
920.8
929.15
925.8
929.3
937.8
941.2
941
940.85
949.85
950.45
949.3
950.05
968.2
969.55
956.95
956.65
959.4
937.55
961.8
961.95
952.35
955.65
955.65
945.4
937.1
940.95
950.6
937.65
945.2
971.3
957.3
963.95
979.1
970.5
976.2
960.7
939.4
923.5
918
912.75
923
929.7
928.05
905.75
915
932
919.55
930.3
924.3
938
934.95
919.6
918.45
909.9
870.5
919.35
902.05
887.35
892.2
842.9
844.75
846.55
878
886.55
905.15
890.9
896.05
879.6
887.3
901
908.2
873.8
883.6
890.75
896.35
888.75
907.45
916.25
926.95
916
911.85
913.9
909.3
900
900
902.1
911.65
877.7
886.9
895.15
891.45
882.05
869.5
864.4
870.3
871.85
864.75
885.3
890.9
890.05
910
863.6
864.25
858.05
859.5
841.55
848.3
864.45
852
785.95
769.6
765.25
768.75
770.6
768.2
784.85
813.3
800.55
819.05
818.4
806.5
793.95
751.25
754.85
750.8
771.45
819.9
808.75
846.8
822.1
803.15
830.3
865
866.4
865.8
847.85
839.45
827.2
832.1
817.6
850.6
809.5
791.35
778.55
787.15
782.5
780.8
753.15
744
745.25
684.9
689.85
687.85
678
681.5
692.1
705.05
705.8
701.9
702.75
704.15
695.5
700.45
706.2
695.3
687.2
705.15
702.35
705.3
704.45
708.75
715.15
707.1
712.75
696.45
679.65
651.25
647.35
647.3
663.8
670.3
630.35
615.65
619.1
606.05
604.25
616.05
638.55
632.4
590.2
568.7
542.25
546.75
550.9
546.5
544.85
518.95
480.85
495.2
488.9
473.6
480.95
466.7
424.85
435
449.5
432.35
462.9
463.05
501.8
484.3
481.9
465.65
491.65
501.75
504
480.85
457.2
450.7
447.45
461.2
457.9
480.15
487.6
479.35
480.85
459.6
422.7
410.55
431.15
414.5
394.15
384.45
393.6
387.95
369.8
384.25
359.05
365.8
340.35
344.7
326.65
323.2
325.6
296.95
293.45
288.15
292.1
297.3
280.95
275.85
269.45
261.3
240.75
224
224
217.95
219.1
223.15
223.75
221.7
213.9
227.1
226.6
228.75
230.2
220.8
204.6
203.35
192.05
194.05
197.2
189.05
189.95
187
189.55
184.55
188.15
173.55
174.35
169.9
170.7
170.8
170.35
170.55
168.1
165.3
159.1
162.85
158.95
157.95
156.7
156.7
158.65
156.55
159.15
160.4
156.4
147.25
149.8
151.35
149
151.4
144.4
144.35
149.6
144.45
140.35
141.95
142.1
141.8
140.9
145
142.3
127.55
130.3
142.45
143.8
149.65
160.35
170.65
163.05
155.5
136.75
135.65
139.95
136.75
140.2
141.45
142.55
142.6
149.1
142.7
151.7
155.55
155
156.75
175.65
173.85
172.05
167.35
168.4
161.95
153.65
151.9
158.35
155.5
150.95
158.4
144.5
142.85
145.15
144.9
146.15
140.95
139.65
130.15
118
117.45
116.1
107.55
110.95
114.4
112.05
110.7
112.15
112.2
113.7
114.7
117.45
117.75
117.45
121.75
125.95
128.25
129.85
128.2
137.05
135.35
113.3
106.35
122
133.2
130.85
125.7
131.2
133.35
160.85
151.2
166.9
176
186.3
189.1
181.2
179.1
185.7
191.1
196.05
196.15
195.2
207.8
211.25
270.75
270.8
269.6
277.9
277.1
277.25
279.75
287
284.1
296.15
293.4
306
310.1
300.05
310.35
308.3
297.8
310
312.65
317.35
321.55
323.15
315.9
321.25
318.75
318.25
322.05
315.65
307.3
307.25
306.05
306.9
305.9
305.35
310.15
305.35
306.15
311.5
311.1
305.4
302.65
304
300.05
300.65
300
304.75
301.95
286.55
278.6
276.4
276.3
276.65
274
279.75
282.5
277.05
274.8
275.4
277.6
276.15
277.15
285.95
287.3
296.3
302.65
297.7
289.15
290.15
270.85
275.25
264.8
271.55
278.2
285.85
288.15
294.4
293.45
308.2
327.45
330.25
347.8
330.75
329.85
314.1
300.95
280.9
271.65
282.3
286.65
279.1
289
293.75
303.2
287.5
300.55
294.15
308.05
320.95
329.65
340.7
346.6
346.45
347.2
344.5
339.55
334.65
340.5
336.55
348.75
333.45
335.2
340.25
337.65
330
329.65
323.85
324
324.95
329.4
333
330.25
325.05
311.3
312.8
313.85
311.95
303.85
303.4
303.7
308.2
296.4
290.35
286.7
287.1
291.5
297.5
291.3
293.75
289.9
270.2
257.85
247.15
246.05
246.05
248.9
247.5
257.85
288.8
288.25
302.8
307.45
308.45
306.2
323.9
324.9
320.45
332.9
329.7
308.2
310.95
309.9
305.9
302.6
298.7
297.1
300.5
297.05
292.95
295.45
291.65
301.95
299.35
310.05
297.7
310.2
304.35
297.65
292.85
292.85
332.75
378.85
361.8
365.25
326.3
316.45
318.6
367.65
411.35
434.9
440.25
457.05
477.8
484.95
495
506.95
519.8
530.2
532.45
537.1
546
548.6
542.95
536
526.85
538.1
540.4
539.6
536
535.6
526.9
531.1
533.25
548.9
533.8
538.15
525.6
521.5
520.35
517.4
498
498.25
499.25
493.25
488.7
489.4
495.95
499.2
501.9
508.7
518.05
532.55
535.45
522.05
523.3
523.55
520.15
522.85
536.45
531.05
541.55
555.2
557.75
558.2
563.9
583.65
572.5
585.55
580.2
585.1
586
580.45
543.45
535.65
537.8
531.5
556.4
568.05
563.6
575.9
571.1
582.45
578
593.1
596.8
601.3
598
599.35
601.25
577.8
596.8
598.15
596.2
599.5
594.5
598.8
595.1
593.7
604.95
617.1
613.55
609.95
615.4
625.65
637.7
632.55
620.6
616.35
603.95
590.85
599.2
597.5
598.5
571.3
564.3
564.25
565.5
597.7
593.1
592.15
625
624.05
625.45
619.25
618.85
633.1
628.7
628.25
632.3
632.9
613.5
650.8
661.75
656.65
664.05
673.1
687.15
704.5
713.8
716.5
712.35
725.9
724.7
733.1
737.3
738.65
741.7
745.2
760.6
769.8
775.45
775.15
787.15
810.3
788.35
782.65
779.05
791.9
787.65
786.2
756.65
743.95
744.75
745.95
751.25
727.4
723.3
740.4
758.1
726.95
717.6
726.2
720.75
698.95
684.45
685.7
695.75
690.25
685.65
683.45
701.75
709.45
716.95
691.3
700.1
698.35
708.35
716.15
689.4
688.1
680.3
683.65
680
684.3
696.95
684.95
684.95
684.95
660.3
669.4
669.4
671.9
674.65
684.2
678.9
688.05
688.65
687
687.8
685.05
681.95
686.8
696.55
693.3
693.3
695.5
671.6
681.2
678.55
648.15
648.1
627.05
627.05
627.1
610.1
608.25
603.65
603.15
600.05
610.7
612
618.45
615.5
615.1
643.9
634.15
635.9
644.15
637.35
658
632.85
664.85
667.65
682.2
685.65
702.5
700.35
700.35
700.75
700.75
702.05
716.7
720.55
749.25
752.2
740
734.6
724.6
720
720.1
718.1
720.6
720.6
725.65
725.65
706.55
701.95
718.5
729.45
737.9
748.8
744.75
739.15
727.35
716.8
717.1
720.7
720.35
729.15
739.3
744.2
726.1

