156.65
156.1
157.85
158.95
158.3
158.3
158.55
157.1
159.45
159
159.95
159.8
158.35
156.8
155.25
159.35
160.25
161.7
165.7
166.9
171.25
173.8
177.55
179.9
179.6
170.05
168.2
168.2
169.35
171.9
168.1
168.35
173.25
176.45
174.2
172.95
172.95
172.95
171.45
167.05
159.4
163.45
161.95
161.85
160.2
162.45
164.05
168.35
172.05
173.1
174.75
174.75
176.25
175.55
177.7
179.9
173.5
176
176.8
182.1
185.75
186.35
184.35
186.4
181.1
181.1
183.2
187.25
183.55
186.4
186.4
188.25
186
192.1
190.3
182.55
182.55
181.85
186.55
181.3
178.95
180.6
177.7
169.8
174.25
175.6
169.5
172.65
184.75
185.2
187.8
177
182.65
182.6
199.65
201.1
208.75
212.9
212.8
184.4
176.75
176.05
178.05
182.1
185
189.4
189
191.05
184.85
177.5
168.6
153.2
153.85
152.3
155.75
152.75
152.7
150.7
152.95
156.25
155.55
156.4
155.8
156.35
156.45
152.95
151.35
153.65
153.15
150.8
150
150.3
144.15
144.1
144.55
145
145.9
150.3
146.4
142.1
138.65
140.65
142
143
146.95
148.5
152.95
153.15
155.8
160.25
161.7
161.25
160.4
165.2
162.6
160.1
161.15
159.45
157.8
155.4
156.55
159.75
160.65
162
160.15
164.55
162.45
158.4
169.7
145.1
153.45
162.15
170
170.7
169
169
171.85
173.45
170.85
174.15
179.45
179.85
180.15
179.5
177.6
177.15
178.5
175.55
175.55
174.2
171.75
168.85
170.05
168.5
168.9
168.9
168.9
163.5
163.85
160.95
161
165.85
167.9
169.65
172.65
176.5
182.25
182.4
182.65
179
179.85
176.9
179.85
180.05
184.05
184.05
180.4
187.2
182.4
181
171.35
177.15
176.75
182.35
183.3
178.55
183.2
182.75
182.75
182.95
180.8
180.95
176.4
173.45
175.95
177.55
184.9
185.05
187.85
193.15
217.15
223.55
222.95
223.1
223.1
223.85
225.58
217.36
216.97
216.17
219.64
215.01
216.32
216
212.09
215.52
213.34
211.9
219.19
219.25
216.61
216.78
216.47
213.68
1068.2
1059.7
1059.7
1059.25
1055.4
1040.4
1055.15
1010.1
1008.5
1057.4
1059.65
1073.2
1072.2
1049.65
1085
1104.55
1085.2
1089.15
1084.55
1082.65
1087.2
1015.25
1011.65
1011.55
1040.25
1038.65
1025.5
1040.05
1056
1057.5
1014.8
999.95
1018.8
1012.05
985.05
962.45
952.65
952.65
950.05
950.05
929.5
911.8
906.3
919.7
905.65
887.85
887.85
887.85
883.8
873.65
871.95
867.7
871.5
871.5
865.35
859.1
871.1
858
866.4
898.6
898.6
898.6
898.6
902.3
899.15
896.75
887.3
905.6
929.25
954.6
949.45
957.25
928.55
923.15
949.5
944.6
923.9
906.1
902.35
890.25
885.05
876.65
886
889.7
889.05
871.5
871.5
887.75
891.35
895.65
919.85
901.4
880.3
887.25
886.3
878.25
878.25
875.1
914.1
892.65
859.25
878.4
892.6
909.4
898.55
893.6
871.85
886.6
866.6
866.6
862.15
882.8
855
832
837.4
836.9
845.95
837.65
829.55
797.15
782.65
825.4
834.45
832.35
865.1
875.5
875.95
880.9
878.25
876.45
846.35
847.8
867.95
864.7
835.1
830.55
843.7
859.3
876.25
852.4
840.85
875.35
891.35
888.1
904.95
904.45
885.1
890.7
869.5
874.95
842.65
876.8
874
886.75
911.45
954.5
925.1
934.35
937.05
969.1
934.15
921.2
957.85
877.85
839.85
830.3
809.9
802.55
805.85
809.6
801.25
816.95
816.95
817.15
820.5
809.3
806.55
806.55
780.5
785.8
771.3
771.3
757.65
753.1
777.85
777.85
787.1
792.2
750.35
750.35
755.75
757.15
775.1
736.85
720.75
731.3
695.55
678.95
664.25
665.1
656.15
641.25
659.3
659.6
656.9
656.9
643.45
641.95
647.9
651.95
649.55
615.55
613.05
576.75
545.95
551.15
538.35
538.35
537.25
527.75
518
513.8
531.5
537.9
533.05
536.3
530.3
561.75
561.35
562.3
557.9
538.25
543.25
542.4
531
548.4
531.35
555.8
567.4
568.65
602.5
627.05
633
632.3
622.65
628.35
642.1
642.9
620.45
617.6
612.55
620.25
629.6
616.8
637.25
649.85
649.8
657.35
645.55
642.45
652.45
646.85
646.5
646.5
658.05
651.85
638.65
649.9
648.1
657.6
660.35
682
689.35
706.3
698.85
683.95
669.65
645.85
648.05
650.9
644.6
615.2
612.9
608.05
633.05
609.4
607.5
627.95
640.1
620.5
603.2
603.2
584.05
576.4
589.75
601.55
605.05
643.35
663.7
671.85
671.85
642.9
581.25
593.15
569.15
594.4
597.4
590.35
563.15
567.4
554.1
535.3
551.9
551.9
571.05
562.8
536.5
530.1
519.65
517.55
520.5
524.95
498.4
498.4
493.55
501.25
509.15
509.8
503.7
511.85
550.15
577.35
530.6
517.75
536.8
530.65
520.55
520.75
481.55
487.5
487.5
502.55
465.2
461.25
472.6
460.8
453.55
445.75
459.65
473.3
470.8
460
452.85
450.85
450.45
479.25
524
524
519.55
517.55
513.05
513.05
502
488.75
503.85
487.65
514.65
561.6
554.3
564.85
575
583.05
590.3
620.25
589.2
571.3
566.85
547.8
565.4
590.5
570.9
568.2
552.45
568.5
554.85
558.55
546.55
543.95
590.8
590.9
574.15
566.35
565.8
566.5
550.45
549.7
577.15
614.95
617.2
635.65
634.1
625.05
651.75
650.65
651.9
657.65
675
659.55
659.8
662.25
651.65
685.45
679.45
683.8
682.25
691.5
689.9
710.95
735.35
734.65
740.45
727.85
727.95
704.25
690.05
703.2
699.9
694.8
704.9
700.3
699.45
711.9
698.95
698.95
698.7
697.55
708.55
692.7
692.7
698.85
688.25
688.25
675.6
681.25
677.85
655.35
649.8
648.9
637.05
643.4
655.8
657.5
672.1
695.8
684.7
675.4
675.4
664.9
664.9
658.25
676.65
651.4
687.35
701.7
718.45
720.05
725
721.05
740.75
741.85
732.35
726.45
729.6
711.55
709.2
708.75
695.65
736.25
726.55
730.85
740.6
745.75
762
765.75
759.45
757.6
758.1
760.95
771.5
765.3
768.25
773.1
795.4
782.3
804.15
868
867.75
832.3
846.65
870
882
839.6
867.5
871.25
881
884.65
867
873.55
877.85
879.05
871.95
883.65
870.1
882.35
878.35
884.3
889.55
887.55
883.55
866.45
857.65
859.6
855.65
849.15
849.15
843.6
859.15
861.35
849.85
841.3
841.45
816.6
819.5
825.6
828.15
798.2
791.3
782.4
771.5
758.1
762.6
739.05
729.85
729.85
723.5
727.8
733.95
731.2
723.5
728.65
735.6
752.55
760.65
760.65
760.65
756.85
767.4
778.2
754.2
744.8
743.15
734.05
725.65
718.5
754.25
769.25
769.25
783.9
783.9
784.45
796.85
800
770.35
767
779.7
777.25
788.65
766.2
772.8
770.85
794.4
793.6
780.4
784.65
784.65
797.8
778.05
775.65
779.6
772
780.3
747.55
745.55
745.55
726.05
680.8
639.25
643.9
646.35
633.75
629.45
609.55
612.6
629.4
627.35
631.85
635.35
624.3
626.45
624.85
644.1
646.25
645.2
636.85
636.7
636.7
642.65
638.6
638.6
628.05
627.15
645.45
659.1
658.55
653.8
650.3
656.8
664.25
656.1
672.4
649.8
665.9
677.85
687.1
680.8
696.35
695.6
715.85
730.25
726.6
718.9
720.75
735.65
730.05
710.15
726.8
733
731.65
724.2
728.15
732.9
721.25
717.35
707.75
698.4
708.65
699.2
680.6
669.6
677.8
702.85
694.1
719.6
728.65
714.15
724.3
720.05
719.9
693.1
679.1
658.2
688.75
689.25
695.05
688.6
672.3
684.15
657.15
670.55
666.35
639.9
643.05
641.05
632.8
624.7
648.8
641.8
641.45
658.95
679.9
686.95
731.45
758.2
768.8
769.9
760.25
766.2
765.55
758.6
744.55
759.95
775.5
787.55
789.75
790.35
787.1
799.7
785
783.25
793.6
801.25
801.25
801.25
804.25
794.95
796.15
769.35
785.2
793.4
789.5
803.15
785.7
815.7
792.3
791.3
809
841.05
845.85
820.25
828.35
811.9
822.8
790.2
804.75
818
824.9
822.8
804.4
810.3
760.35
795.5
808.4
817.7
867.75
863.5
863.5
863.55
852.75
830.4
820.7
824.7
805.8
801.65
783.8
786.05
762.2
755.1
755.5
753.75
740.55
760.25
788.8
788.8
799.6
777.95
779.9
742.95
743.5
758.6
731.85
727
728.2
720.4
714.4
695.85
702.25
694.6
701.05
700.25
668.2
665.35
682.75
659
675.7
678.6
675.6
681.45
670.55
641.6
680.65
704.25
719.5
718.25
718.4
713.15
726.1
730.9
740.65
739.55
739.55
730.8
711.2
700.1
714.6
741.1
727.05
685.85
693.75
695
702.95
717.8
741.5
746.55
764.8
778.05
775.85
789.4
818.75
814.7
821.95
800.15
798.35
771.15
739.55
721.55
719.3
732.6
743.3
749.1
750.3
746.1
759.9
770.6
765.3
756.55
743.7
741.55
740.55
728.6
734.85
748.25
762.3
794.75
793.75
811.05
796.4
775.85
764.05
793
769.9
759.15
774.4
771.2
751.05
742.5
752.45
761.55
760.2
766.3
732.55
738.35
728.85
738.9
730.8
691.25
714.25
725.8
735.85
732.65
744.45
758.1
792.75
801.1
825.25
836.4
859.05
848.95
856.95
862.25
877.5
873.65
867.85
878.9
878.75
868.55
875.45
898.85
913.7
903.1
885.4
897.25
891.45
879.9
880.55
885.7
876.3
871.95
877.7
895.75
908.5
892.9
895.8
883.8
870.8
873.35
866.4
875.1
885.35
866.55
847.75
861.4
858.6
858.15
859.5
859.3
861.9
865.3
869.6
870.95
879.45
867.9
861.2
852.9
851.85
862.8
866.2
863.95
839.2
839.3
814.95
824.5
826.05
807.9
837.8
834.05
842.35
863.25
900.5
883.55
880.05
885.4
892.15
886.1
870.6
849.95
849.3
863.65
889.85
911.9
941.8
990.3
989.85
983.75
978.25
985.9
978.4
975.2
983.9
975
964.1
965.1
979.95
960.1
962.05
950.95
945.8
964.85
961.45
939.3
945.7
927.85
903.3
899.1
894.9
890.7
895.6
905.15
911.55
899
905.05
892
909.35
909.9
912.4
895.15
883.25
887.5
891.65
870.75
870.05
838.8
880.9
881.65
902.2
900.4
919.75
908.05
919.05
897.25
856.75
816.2
815.6
820.25
826.3
832.15
857.2
860.35
855.25
869.5
834.3
843.45
868.9
873.5
836.8
824.4
825.85
812.9
829.45
827.05
829.8
855.2
859.9
848.55
848.9
838.55
875.35
878.05
892.3
896.7
899.75
891.55
889.45
885.8
891.7
889.85
892.6
893.3
888
893.5
883.15
904.3
885
880.05
880.35
892.5
902.55
927.3
959.2
968.35
955.55
937.25
910.8
894.35
896.2
928.05
963.8
966.65
936.45
959.7
972.05
985.65
982.25
1006.8
1021.25
1011.15
1031.4
1039
1038.95
1033.6
1025.7
1019.95
1014.15
1011
991.3
979.5
987.05
989.7
994.4
977.8
969.55
987
960.35
979.1
968.45
968.65
965.45
942.2
920.6
923.35
908.65
904.3
887.2
872.5
886.15
879.05
874.7
876.2
863.3
872.55
870.3
880.6
873
883.6
868.9
871.1
867.9
842.65
838.3
829.65
833.4
825.05
832.5
818.55
804.95
801.25
811.65
829.5
816.65
814.1
831.7
830.6
831.5
841.9
832.45
785.25
779.4
769.35
762.15
761.9
770.35
759.6
767.75
770.35
777.95
763.2
752.35
734.2
716.3
723.95
721.4
725.2
726.5
726.7
732.7
733.15
727.6
716.75
716.05
714.3
715.05
716.45
719
717.65
714.65
715.35
715.55
719.6
701.85
707.55
713.75
693.35
690.35
711.25
714.2
721.05
704.45
714.25
724.95
730.1
730.7
729.05
732.7
730.1
733.8
745.9
741.8
738.4
711.65
709
710.7
706.85
717.9
683.5
674.55
688.8
682.2
690.95
675.4
681.25
676.05
686.5
698.2
701.75
696.25
698.35
691.75
717.7
703.3
695.1
708.25
692.2
691.6
685.9
676.85
674.85
649.35
645.85
628.85
638.75
640.2
630.75
629
642.5
643.65
665.8
660.55
669.7
675.2
673.3
649.6
639.05
643.05
636.75
639.9
626.6
624.7
624.9
615.25
614.3
610.1
606.6
612.15
618.85
621.2
610.35
610.35
600.95
594.75
609.25
603.9
610.5
583.55
570.9
565.85
573.75
565.6
570.1
589.1
577
570.75
554.25
557.85
557.3
568.05
573
559.8
554.4
554.4
554.4
554.4
554.4
554.4
554.4
554.4
554.4
554.4
554.4
554.4
554.4
559
537.55
540
540
543.9
549.75
538.7
540
536.4
533.8
518
507
507
516
506.6
515
515
515
509.1
506.5
500
503
500.5
501
493.15
510
496.25
509.1
508.5
525.25
533.15
534.55
532
533
525.5
525
521.15
542.5
557.25
545.1
537.1
539.2
533.45
533.7
542
542
539.5
546
555.55
537.1
537.5
524
515
514
507.9
508
508
512
498
484.5
494
498.25
503.85
507.4
527.55
537
537
520
511
492.9
492.9
487
486.25
487.4
480.4
467
479.55
479.55
481.5
480
477
477
475.3
466
466.5
474.2
474.2
482.45
489.5
482
468
456.75
450.1
450.9
435.8
435
429
425.75
427
436.65
433
427
424
427
426.1
431.5
420
420
420
420
420
430
440.3
445
429
413
430
434
434.3
434.8
437.05
434.85
428
423.5
416.5
418
437.25
431.4
425
424
435
412.05
401.5
414.85
396
384.85
386
387.9
384.95
403
411.2
440
429
451.5
447
450
435
434
448
430.1
439.7
433.15
429
447.85
437.3
424.95
430.8
443
447.1
426
408
426.75
410.85
423.2
435.05
434.4
440
438.75
435.4
433.1
444.5
421.5
432
431
450
397.35
342
336.25
340
332.35
337.3
317.05
337.1
316
321.2
323.55
317.7
317.7
317.7
306.75
311.65
302
298.45
288
285
297
303
290
282.35
268.35
268.35
257.4
257.4
244.5
242.7
242.7
245.7
230.5
232.2
230
248.7
235.55
226.65
225.1
224.7
203.55
208.6
208
199
206.3
203.15
192.5
185
191.4
194.05
204.5
206.9
216
219.55
212.6
215.5
215
224
232.9
229.9
225.1
238.1
247.25
243
245.1
249
251
247
251
245
244.75
247.4
253.05
252.05
243.75
244.55
231.15
238.55
240.2
242.25
241
240.8
238.15
252.5
251
256
275
275.9
275.9
291
293.5
286.75
284.4
283.1
275
265.5
264.1
270
270
260.3
278.85
275.5
272.5
264
264.9
259
257.5
252.5
249.35
251.2
246.9
252
247.5
247.45
247.5
256.5
253.55
242
251
270.05
256.5
261.05
264.5
272.45
278.95
282
283
297
297.05
276
279.1
291
252.25
237
237
232
218.6
245.5
273.5
285.9
309.5
315
302
317.5
307.8
309.1
309.8
278.5
286.95
290.1
292
297
314.25
296.95
288.75
293.6
303
301.95
305.5
305.05
323.3
327.6
310
320
303.85
308.2
310.85
308.75
293
300
294.45
302.05
298.5
293
281.05
277.05
270
271.6
263
254.5
252
258
261.4
258
257.15
271.9
285
297
285
284.65
281
298.15
277.8
275
257
247.7
227
251
254.9
249.55
267
244.35
232
215.05
207.5
212.8
207
216.95
212.5
217
220.8
217
210
206
207
206
192.1
203.65
205
213.5
212.8
209.25
212.2
226.5
239
245.5
257
240
231.1
235
229.1
216.5
224
227.9
235.6
240.3
248
255.05
268.6
277.4
270.25
260.3
274.9
286
293
291.8
289.2
295
292.5
286.5
295
293.1
291
300.5
317
326.7
319
318.9
315.55
315
308
308.1
312
306
311.65
311.2
298.75
288.05
292.35
295.9
290
295
280.9
282.25
269.05
283
300
295
283.5
303
291
292.5
301.6
276.55
268.5
278
276
287
274.4
290
303
291.35
298.05
309.5
333.95
340.1
362.25
357.5
368
373
373
379
380
404
405
425
412.5
398
387.4
359
365
384
388
403.9
417
420
415
391
389.4
408.15
429
421
405
422
369.8
386
439
460
468
463
469.55
449.4
444
462.1
451.45
467.05
478.9
493.05
487
478
455
457.3
437
420.25
413
401.2
410.25
422
418.45
431
440
423
400
390.2
392.25
394.95
403.5
387
382.5
388
356
363.6
358.5
360
355.9
366
362
388
394.15
391.05
387
388.6
374.95
354
362
368.6
372
363
380
376
344
342
329
326.5
322.9
311
298
290.85
271.5
274
280
299
311.15
317
308.6
322.5
312.6
320.25
307
322.1
331.1
331
330.2
329.5
323.1
320.9
320
329
314
311
318.1
295.5
283.7
283.2
283.3
278.3
276.65
279.5
275.45
282.5
275.95
279.8
284
269
263.5
262.9
263
263
253.55
251
254.95
265.65
268.05
265.1
273.3
292.1
292.5
291.8
296.6
313.15
303.15
294.55
296.2
291.35
287.2
300
293.2
288.75
302.9
306.7
314.25
304.1
307.05
304.5
300.05
302.55
300.7
284.3
283.1
278
275.25
278.1
269.9
271.25
273.1
275.75
266.3
270.25
260.6
259.85
267.05
271.65
265.9
264.5
270.35
266.3
260.75
260.35
262.2
248.55
251.75
260.2
264.75
263.9
272.55
281.5
274.6
275.7
272.45
275.15
277.05
270.55
269.15
272.7
280
287.75
281.55
285.85
276.75
274.5
270.1
258.55
251
243.6
237.35
240.6
244.3
245.35
236
243.45
245.8
246.5
239.6
225.4
230.35
232.5
233.9
235.05
230.8
227.05
219.65
221.6
221.6
225.25
213.8
204.25
202.1
201.45
215.05
212.85
215.5
216.65
220.55
226.75
212.9
199.7
194.9
193
196.45
199.35
205.25
204.9
200.2
206.75
190.35
200.7
205.8
214.45
222.65
219.25
223.75
218.35
212.9
216.35
225.6
226.05
226.9
232.1
227.2
234.3
235.35
239.15
241.5
247.8
248.1
247.05
247.6
254.95
249.9
247.25
256.1
245.95
235.1
233.95
235.45
236.8
238.1
238.4
239.85
240.55
225.55
226.35
228.5
237.45
241.75
244.6
247.3
242

