0.200 5.280
0.210 5.637
0.220 5.993
0.230 6.349
0.240 6.705
0.250 7.067
0.260 7.439
0.270 7.811
0.280 8.182
0.290 8.553
0.300 8.923
0.310 9.292
0.320 9.661
0.330 10.028
0.340 10.395
0.350 10.760
0.360 11.125
0.370 11.489
0.380 11.852
0.390 12.215
0.400 12.582
0.410 12.962
0.420 13.341
0.430 13.720
0.440 14.097
0.450 14.474
0.460 14.849
0.470 15.224
0.480 15.597
0.490 15.969
0.500 16.340
0.510 16.710
0.520 17.079
0.530 17.446
0.540 17.813
0.550 18.178
0.560 18.542
0.570 18.904
0.580 19.265
0.590 19.625
0.600 19.984
0.610 20.341
0.620 20.698
0.630 21.054
0.640 21.409
0.650 21.774
0.660 22.149
0.670 22.523
0.680 22.896
0.690 23.268
0.700 23.638
0.710 24.007
0.720 24.375
0.730 24.742
0.740 25.106
0.750 25.470
0.760 25.832
0.770 26.193
0.780 26.552
0.790 26.910
0.800 27.266
0.810 27.620
0.820 27.973
0.830 28.325
0.840 28.674
0.850 29.022
0.860 29.368
0.870 29.713
0.880 30.056
0.890 30.397
0.900 30.737
0.910 31.076
0.920 31.412
0.930 31.747
0.940 32.081
0.950 32.414
0.960 32.747
0.970 33.094
0.980 33.452
0.990 33.808
1.000 34.162
1.010 34.515
1.020 34.867
1.030 35.216
1.040 35.564
1.050 35.910
1.060 36.254
1.070 36.597
1.080 36.937
1.090 37.276
1.100 37.613
1.110 37.948
1.120 38.281
1.130 38.612
1.140 38.941
1.150 39.268
1.160 39.594
1.170 39.917
1.180 40.239
1.190 40.558
1.200 40.876
1.210 41.192
1.220 41.506
1.230 41.817
1.240 42.127
1.250 42.435
1.260 42.741
1.270 43.044
1.280 43.346
1.290 43.647
1.300 43.946
1.310 44.244
1.320 44.546
1.330 44.873
1.340 45.201
1.350 45.527
1.360 45.850
1.370 46.171
1.380 46.491
1.390 46.808
1.400 47.123
1.410 47.437
1.420 47.748
1.430 48.056
1.440 48.363
1.450 48.668
1.460 48.970
1.470 49.271
1.480 49.569
1.490 49.865
1.500 50.160
1.510 50.451
1.520 50.741
1.530 51.029
1.540 51.314
1.550 51.597
1.560 51.877
1.570 52.156
1.580 52.432
1.590 52.707
1.600 52.979
1.610 53.249
1.620 53.517
1.630 53.783
1.640 54.047
1.650 54.309
1.660 54.569
1.670 54.827
1.680 55.083
1.690 55.341
1.700 55.621
1.710 55.911
1.720 56.199
1.730 56.485
1.740 56.768
1.750 57.049
1.760 57.328
1.770 57.604
1.780 57.878
1.790 58.150
1.800 58.420
1.810 58.687
1.820 58.952
1.830 59.215
1.840 59.475
1.850 59.733
1.860 59.989
1.870 60.243
1.880 60.494
1.890 60.743
1.900 60.989
1.910 61.234
1.920 61.476
1.930 61.716
1.940 61.954
1.950 62.190
1.960 62.423
1.970 62.654
1.980 62.883
1.990 63.110
