100 5.280
101 5.264
102 5.281
103 5.265
104 5.281
105 5.266
106 5.282
107 5.267
108 5.282
109 5.268
110 5.282
111 5.269
112 5.281
113 5.269
114 5.281
115 5.269
116 5.279
117 5.269
118 5.278
119 5.268
120 5.277
121 5.269
122 5.278
123 5.270
124 5.278
125 5.271
126 5.279
127 5.272
128 5.279
129 5.273
130 5.279
131 5.274
132 5.279
133 5.275
134 5.279
135 5.275
136 5.278
137 5.276
138 5.278
139 5.276
140 5.277
141 5.275
142 5.276
143 5.275
144 5.275
145 5.274
146 5.274
147 5.275
148 5.273
149 5.275
150 5.273
151 5.276
152 5.274
153 5.277
154 5.274
155 5.277
156 5.274
157 5.278
158 5.274
159 5.278
160 5.273
161 5.278
162 5.273
163 5.279
164 5.273
165 5.278
166 5.272
167 5.278
168 5.271
169 5.278
170 5.271
171 5.278
172 5.270
173 5.277
174 5.269
175 5.277
176 5.268
177 5.277
178 5.268
179 5.277
180 5.268
181 5.277
182 5.269
183 5.278
184 5.269
185 5.278
186 5.270
187 5.278
188 5.270
189 5.279
190 5.271
191 5.279
192 5.271
193 5.279
194 5.272
195 5.278
196 5.272
197 5.278
198 5.272
199 5.278
200 5.272
201 5.278
202 5.272
203 5.277
204 5.272
205 5.277
206 5.272
207 5.276
208 5.272
209 5.276
210 5.272
211 5.276
212 5.272
213 5.276
214 5.273
215 5.276
216 5.273
217 5.277
218 5.274
219 5.277
220 5.274
221 5.277
222 5.275
223 5.277
224 5.275
225 5.277
226 5.275
227 5.276
228 5.275
229 5.276
230 5.276
231 5.276
232 5.276
233 5.276
234 5.276
235 5.275
236 5.275
237 5.275
238 5.275
239 5.274
240 5.275
241 5.274
242 5.275
243 5.274
244 5.275
245 5.273
246 5.275
247 5.273
248 5.276
249 5.273
250 5.276
251 5.273
252 5.276
253 5.274
254 5.276
255 5.274
256 5.277
257 5.273
258 5.277
259 5.273
260 5.277
261 5.273
262 5.277
263 5.273
264 5.277
265 5.273
266 5.277
267 5.273
268 5.277
269 5.272
270 5.277
271 5.272
272 5.277
273 5.271
274 5.277
275 5.271
276 5.276
277 5.271
278 5.276
279 5.270
280 5.276
281 5.270
282 5.276
283 5.270
284 5.276
285 5.271
286 5.276
287 5.271
288 5.276
289 5.271
290 5.277
291 5.272
292 5.277
293 5.272
294 5.277
295 5.272
296 5.277
297 5.272
298 5.277
299 5.273
300 5.277
301 5.273
302 5.277
303 5.273
304 5.277
305 5.273
306 5.277
307 5.273
308 5.277
309 5.273
310 5.276
311 5.273
312 5.276
313 5.273
314 5.276
315 5.273
316 5.276
317 5.273
318 5.275
319 5.273
320 5.275
321 5.273
322 5.275
323 5.273
324 5.275
325 5.274
326 5.275
327 5.274
328 5.275
329 5.274
330 5.276
331 5.274
332 5.276
333 5.275
334 5.276
335 5.275
336 5.276
337 5.275
338 5.276
339 5.275
340 5.276
341 5.275
342 5.276
343 5.275
344 5.275
345 5.275
346 5.275
347 5.275
348 5.275
349 5.275
350 5.275
351 5.275
352 5.275
353 5.275
354 5.275
355 5.275
356 5.274
357 5.275
358 5.274
359 5.275
360 5.274
361 5.275
362 5.274
363 5.275
364 5.274
365 5.275
366 5.274
367 5.275
368 5.273
369 5.275
370 5.273
371 5.275
372 5.273
373 5.276
374 5.273
375 5.276
376 5.273
377 5.276
378 5.273
379 5.276
380 5.273
381 5.276
382 5.273
383 5.276
384 5.273
385 5.276
386 5.273
387 5.276
388 5.273
389 5.276
390 5.273
391 5.276
392 5.273
393 5.276
394 5.273
395 5.276
396 5.272
397 5.276
398 5.272
399 5.276
400 5.272
