100 7.846
101 7.847
102 7.845
103 7.846
104 7.844
105 7.845
106 7.843
107 7.843
108 7.842
109 7.842
110 7.842
111 7.842
112 7.842
113 7.843
114 7.843
115 7.844
116 7.844
117 7.845
118 7.845
119 7.845
120 7.846
121 7.846
122 7.847
123 7.847
124 7.847
125 7.847
126 7.848
127 7.847
128 7.848
129 7.847
130 7.848
131 7.847
132 7.848
133 7.846
134 7.847
135 7.846
136 7.847
137 7.845
138 7.846
139 7.844
140 7.845
141 7.843
142 7.844
143 7.842
144 7.844
145 7.842
146 7.844
147 7.842
148 7.844
149 7.842
150 7.844
151 7.842
152 7.845
153 7.843
154 7.845
155 7.843
156 7.846
157 7.844
158 7.847
159 7.844
160 7.847
161 7.845
162 7.847
163 7.845
164 7.848
165 7.845
166 7.848
167 7.845
168 7.848
169 7.845
170 7.848
171 7.845
172 7.848
173 7.845
174 7.847
175 7.844
176 7.847
177 7.844
178 7.847
179 7.843
180 7.846
181 7.843
182 7.846
183 7.842
184 7.845
185 7.842
186 7.845
187 7.842
188 7.845
189 7.841
190 7.845
191 7.842
192 7.845
193 7.842
194 7.845
195 7.842
196 7.846
197 7.842
198 7.846
199 7.843
200 7.846
201 7.843
202 7.847
203 7.843
204 7.847
205 7.844
206 7.847
207 7.844
208 7.847
209 7.844
210 7.847
211 7.844
212 7.847
213 7.844
214 7.847
215 7.844
216 7.847
217 7.844
218 7.847
219 7.844
220 7.847
221 7.843
222 7.847
223 7.843
224 7.847
225 7.843
226 7.846
227 7.842
228 7.846
229 7.842
230 7.845
231 7.841
232 7.845
233 7.841
234 7.845
235 7.841
236 7.845
237 7.841
238 7.845
239 7.841
240 7.845
241 7.841
242 7.845
243 7.842
244 7.846
245 7.842
246 7.846
247 7.842
248 7.846
249 7.842
250 7.847
251 7.843
252 7.847
253 7.843
254 7.847
255 7.843
256 7.847
257 7.843
258 7.847
259 7.843
260 7.847
261 7.843
262 7.847
263 7.843
264 7.847
265 7.843
266 7.847
267 7.843
268 7.847
269 7.843
270 7.847
271 7.843
272 7.847
273 7.842
274 7.846
275 7.842
276 7.846
277 7.842
278 7.846
279 7.842
280 7.846
281 7.841
282 7.845
283 7.841
284 7.845
285 7.841
286 7.845
287 7.841
288 7.845
289 7.841
290 7.845
291 7.841
292 7.845
293 7.841
294 7.846
295 7.841
296 7.846
297 7.841
298 7.846
299 7.841
300 7.846
301 7.842
302 7.846
303 7.842
304 7.846
305 7.842
306 7.846
307 7.842
308 7.847
309 7.842
310 7.847
311 7.842
312 7.847
313 7.842
314 7.847
315 7.842
316 7.847
317 7.842
318 7.847
319 7.842
320 7.847
321 7.842
322 7.847
323 7.842
324 7.847
325 7.842
326 7.847
327 7.842
328 7.846
329 7.842
330 7.846
331 7.842
332 7.846
333 7.842
334 7.846
335 7.842
336 7.846
337 7.841
338 7.845
339 7.841
340 7.845
341 7.841
342 7.845
343 7.841
344 7.845
345 7.841
346 7.845
347 7.841
348 7.845
349 7.841
350 7.845
351 7.841
352 7.845
353 7.842
354 7.846
355 7.842
356 7.846
357 7.842
358 7.846
359 7.842
360 7.846
361 7.842
362 7.846
363 7.842
364 7.846
365 7.842
366 7.846
367 7.843
368 7.846
369 7.843
370 7.846
371 7.843
372 7.846
373 7.843
374 7.846
375 7.843
376 7.847
377 7.843
378 7.846
379 7.843
380 7.846
381 7.843
382 7.846
383 7.843
384 7.846
385 7.843
386 7.846
387 7.843
388 7.846
389 7.843
390 7.846
391 7.843
392 7.846
393 7.843
394 7.846
395 7.843
396 7.846
397 7.842
398 7.845
399 7.842
400 7.845
