100 3.353
101 3.351
102 3.351
103 3.351
104 3.349
105 3.351
106 3.348
107 3.353
108 3.347
109 3.354
110 3.346
111 3.355
112 3.345
113 3.355
114 3.344
115 3.356
116 3.342
117 3.356
118 3.342
119 3.355
120 3.342
121 3.355
122 3.343
123 3.354
124 3.343
125 3.354
126 3.344
127 3.354
128 3.346
129 3.354
130 3.347
131 3.354
132 3.348
133 3.354
134 3.349
135 3.353
136 3.350
137 3.353
138 3.351
139 3.352
140 3.351
141 3.351
142 3.351
143 3.349
144 3.351
145 3.349
146 3.351
147 3.348
148 3.352
149 3.348
150 3.353
151 3.347
152 3.353
153 3.346
154 3.354
155 3.346
156 3.354
157 3.345
158 3.354
159 3.344
160 3.354
161 3.344
162 3.354
163 3.344
164 3.353
165 3.344
166 3.353
167 3.345
168 3.353
169 3.346
170 3.353
171 3.347
172 3.353
173 3.348
174 3.353
175 3.348
176 3.353
177 3.349
178 3.353
179 3.350
180 3.352
181 3.350
182 3.352
183 3.350
184 3.351
185 3.351
186 3.351
187 3.351
188 3.350
189 3.351
190 3.349
191 3.351
192 3.349
193 3.351
194 3.348
195 3.352
196 3.348
197 3.352
198 3.348
199 3.353
200 3.347
201 3.353
202 3.347
203 3.353
204 3.346
205 3.353
206 3.346
207 3.353
208 3.345
209 3.353
210 3.345
211 3.353
212 3.346
213 3.352
214 3.346
215 3.352
216 3.346
217 3.352
218 3.347
219 3.352
220 3.347
221 3.352
222 3.348
223 3.352
224 3.348
225 3.352
226 3.349
227 3.352
228 3.349
229 3.352
230 3.350
231 3.352
232 3.350
233 3.352
234 3.350
235 3.351
236 3.350
237 3.351
238 3.350
239 3.350
240 3.350
241 3.350
242 3.350
243 3.349
244 3.351
245 3.349
246 3.351
247 3.349
248 3.351
249 3.349
250 3.352
251 3.348
252 3.352
253 3.348
254 3.352
255 3.348
256 3.352
257 3.347
258 3.352
259 3.347
260 3.352
261 3.346
262 3.352
263 3.346
264 3.352
265 3.346
266 3.352
267 3.346
268 3.352
269 3.346
270 3.352
271 3.347
272 3.352
273 3.347
274 3.352
275 3.347
276 3.352
277 3.348
278 3.352
279 3.348
280 3.352
281 3.349
282 3.352
283 3.349
284 3.352
285 3.349
286 3.352
287 3.350
288 3.351
289 3.350
290 3.351
291 3.350
292 3.351
293 3.350
294 3.351
295 3.350
296 3.350
297 3.350
298 3.350
299 3.350
300 3.350
301 3.350
302 3.349
303 3.351
304 3.349
305 3.351
306 3.349
307 3.351
308 3.349
309 3.351
310 3.349
311 3.351
312 3.349
313 3.352
314 3.348
315 3.352
316 3.348
317 3.352
318 3.348
319 3.352
320 3.347
321 3.352
322 3.347
323 3.352
324 3.347
325 3.352
326 3.347
327 3.352
328 3.347
329 3.352
330 3.347
331 3.351
332 3.347
333 3.351
334 3.347
335 3.351
336 3.348
337 3.351
338 3.348
339 3.351
340 3.348
341 3.351
342 3.349
343 3.351
344 3.349
345 3.351
346 3.349
347 3.351
348 3.349
349 3.351
350 3.350
351 3.351
352 3.350
353 3.351
354 3.350
355 3.351
356 3.350
357 3.351
358 3.350
359 3.351
360 3.350
361 3.350
362 3.350
363 3.350
364 3.350
365 3.350
366 3.350
367 3.350
368 3.350
369 3.349
370 3.351
371 3.349
372 3.351
373 3.349
374 3.351
375 3.349
376 3.351
377 3.349
378 3.351
379 3.349
380 3.351
381 3.349
382 3.351
383 3.348
384 3.351
385 3.348
386 3.352
387 3.348
388 3.352
389 3.348
390 3.351
391 3.347
392 3.351
393 3.347
394 3.351
395 3.347
396 3.351
397 3.347
398 3.351
399 3.348
400 3.351
