0.080 5.280
0.100 4.804
0.120 4.411
0.140 4.044
0.160 3.735
0.180 3.447
0.200 3.202
0.220 2.974
0.240 2.776
0.260 2.594
0.280 2.434
0.300 2.287
0.320 2.153
0.340 2.033
0.360 1.926
0.380 1.826
0.400 1.735
0.420 1.652
0.440 1.574
0.460 1.501
0.480 1.433
0.500 1.369
0.520 1.312
0.540 1.263
0.560 1.217
0.580 1.173
0.600 1.131
0.620 1.091
0.640 1.054
0.660 1.019
0.680 0.985
0.700 0.952
0.720 0.920
0.740 0.890
0.760 0.860
0.780 0.833
0.800 0.806
0.820 0.780
0.840 0.756
0.860 0.732
0.880 0.709
0.900 0.687
0.920 0.665
0.940 0.644
0.960 0.623
0.980 0.604
1.000 0.585
1.020 0.568
1.040 0.552
1.060 0.535
1.080 0.519
1.100 0.503
1.120 0.488
1.140 0.473
1.160 0.458
1.180 0.443
1.200 0.429
1.220 0.415
1.240 0.402
1.260 0.390
1.280 0.377
1.300 0.365
1.320 0.353
1.340 0.341
1.360 0.329
1.380 0.319
1.400 0.308
1.420 0.298
1.440 0.287
1.460 0.277
1.480 0.267
1.500 0.257
1.520 0.246
1.540 0.236
1.560 0.226
1.580 0.216
1.600 0.206
1.620 0.197
1.640 0.187
1.660 0.177
1.680 0.167
1.700 0.157
1.720 0.147
1.740 0.137
1.760 0.128
1.780 0.118
1.800 0.108
1.820 0.098
1.840 0.088
1.860 0.078
1.880 0.069
1.900 0.059
1.920 0.049
1.940 0.039
1.960 0.029
1.980 0.020
