778.01001
765.840027
756.849976
750.419983
779.210022
771.969971
777
740.070007
761.599976
737.390015
719.330017
695.320007
671.23999
656.98999
640.150024
660.919983
655.299988
628.960022
659.690002
644.030029
689.369995
664.390015
657.5
654.77002
699.619995
556.109985
547.340027
553.059998
557.52002
547.469971
549.530029
545.320007
554.52002
546.48999
548.950012
551.159973
573.659973
532.73999
548.539978
541.309998
557.549988
564.950012
553
572.900024
562.630005
541.799988
551.159973
533.880005
537.549988
541.950012
510.459991
500.720001
529.549988

