675.890015
662.789978
664.140015
640.150024
672.640015
673.26001
668.450012
642.349976
659.369995
625.900024
599.030029
570.76001
539.799988
532.539978
524.25
540.26001
529.440002
499
518.01001
494.470001
531.52002
522.619995
536.150024
529.419983
483.01001
443.51001
437.709991
438.100006
434.920013
429.920013
426.950012
429.230011
427.630005
426
433.690002
422.869995
445.100006
375.559998
382.649994
372.25
370.559998
378.48999
370.579987
380.089996
380.160004
383.660004
381.829987
374.279999
354.529999
312.390015
290.73999
296.929993
308.519989

