104.660004
105.019997
104.040001
102.120003
106.18
105.449997
107.32
103.949997
107.099998
101.970001
102.190002
97.540001
93.239998
92.07
92.769997
94.400002
92.050003
88.260002
91.010002
86.059998
94.419998
94.300003
94.010002
96.949997
94.970001
87.949997
87.290001
88.010002
82.510002
81.529999
82.139999
79.190002
80.540001
80.419998
78.510002
78.989998
81.529999
80.779999
82.040001
81.559998
83.300003
83.800003
78.050003
80.010002
78.970001
79.900002
75.739998
74.470001
75.910004
77.830002
75.18
77.739998
78.449997

