260.9
261.75
263.55
262
258.1
258.1
257.3
257.6
260.6
260.2
256.3
251.65
252.1
254.55
241.15
246.9
244
251.05
255.1
255.55
258.85
261.4
263.25
267.7
268.25
268
270.25
270.25
276.5
269.7
270.75
267.3
270.75
272.1
267.35
265.6
265.6
265.6
276.05
285.05
284.1
289.45
291.2
295.55
296.25
300.1
300.65
311.3
316.35
314.15
314.2
314.2
309.85
317.7
323.7
329
324.5
323.55
320.75
318.55
321
314.55
315.8
317.85
305.05
305.05
299
297.4
307.2
301.85
301.85
310.85
318.4
332.9
339.7
334.2
334.2
332.8
329.95
322.95
326.2
324.05
317.55
322.65
339.35
339.4
334.55
341.95
355.45
362.65
356.55
348.2
344.8
334.6
365.05
368.55
365.5
363.45
358.3
363.75
334.7
322.2
331.8
338.55
339.55
346.75
339.85
339.15
330.7
325
318.35
314.7
313.45
313.95
323.9
331.35
324.5
322.65
328.8
329.3
326.9
319.65
315.9
321.4
317.1
315.15
320.65
333.05
320.1
320.8
316.05
311.3
307.9
306.65
311.2
312.55
311.55
316.05
311.05
304.6
311
311
313.2
310.05
312.05
304.25
312.95
306.55
302.15
311.3
311.2
297.25
309.15
311.55
323.85
333
338.9
345.25
342.9
348.95
348.4
343.05
339.85
339.35
329
333.95
340.45
334.9
344.05
335.1
322.8
331.2
342.7
347.2
317.55
317.55
312.85
306.1
305.95
316.3
318.6
313.7
314.45
313.5
322.75
327.5
325.75
330.8
330.8
319.8
316.7
319.15
323.9
321.25
310.95
310.95
310.95
308.2
308.55
305
304.2
314.75
307.1
303.85
308.15
312.9
316.65
319.55
313.3
306.25
310.25
307.8
317.55
325
333.05
333.05
332
336.55
330.35
346.25
327.3
328.2
334.05
323.4
329
333.85
333.8
331.25
331.25
335.35
336.6
326.1
317.85
300.15
300.2
312.2
321.25
327.8
335.9
341.05
344.15
339.25
345.15
346.9
346.9
329.4
329.35
330.5
328.35
330.85
330.6
331.25
323
328.45
331.15
334.55
321.1
321.85
323.8
319.35
319.55
319.05
316
293.1
289.2
283.05
283.05
288.15
290.3
289.9
289.95
273.75
274.5
288.05
277.45
278.1
275.25
269.2
276.8
284.55
286.2
291.25
286.15
289
290.25
290.35
296.8
298.7
306.3
303.05
300.25
300.15
303.1
296.1
297.25
294.25
300.7
291.5
290.7
292.9
288.75
288.75
291.5
291.5
285.65
271.85
271.95
261.4
263.85
269
269
269
261.9
258.9
250.35
252.95
260.15
260.15
260.5
258.9
269.8
261.15
259.9
275.15
275.15
275.15
275.15
277.55
281.45
279.95
267.9
268.25
273.1
285.8
284.95
294.6
282.45
279.7
291.8
293.5
293.45
293.45
295.2
299.8
290.15
289.3
289.1
288.85
286.5
282.85
282.85
288.25
298
293.35
297.7
296.9
293.15
287.15
273.6
272.4
272.4
274.4
271.35
270
262.1
266.15
268.5
265.8
265.45
259.25
260.55
263.65
266
266
268.05
275.7
280.8
284.8
288.1
288.3
285.65
281
262.95
252.8
248.7
270.3
264.9
258.45
280.7
275.55
270.4
271.25
244.2
243.7
231.4
234.55
237.15
238
237
232.6
225.95
231.05
236.1
228.1
230.6
236.95
238.2
246.05
253.6
257.65
241.65
243.85
240.3
226.15
227.5
211.9
220.4
214.45
223.25
227.7
225.05
225.65
235.8
231.65
225
220.4
217.05
224.5
204.6
204.7
190.2
189.5
192.5
186.05
185.85
188.2
188.2
191.55
192.15
198.7
204.45
204.45
204.8
204
198.4
198.4
194.1
187
193.65
193.65
193
183.45
177
177
179.85
181.3
186
186.3
187.45
186.15
179.75
178.8
179.9
178.5
181.7
181.6
185.2
188.75
183.2
183.2
179.2
183.65
184.6
187.85
186.9
179.15
176.9
175.45
171.65
167.25
160.75
160.75
159
164.5
167.25
164.8
164.1
159.65
151.2
147.05
144.15
146.05
148.25
148.05
147.5
146.4
145.7
146.9
143.95
146.95
141.65
146.65
142
143.95
145
148.3
147.9
147.65
150.95
148.65
150.8
150.1
147.05
143.75
148.3
149.55
150.75
145.95
150.85
149.9
152.65
156.3
155.4
157.05
160
159.95
159.3
159.3
161.95
163.2
167.2
158.3
157.55
156.35
152
154.2
156.95
159.95
164.85
163.3
160.4
154.45
158.1
159.7
157.95
157.05
151.7
158.05
161.25
152.7
152.05
156.3
154.6
154.8
152.8
152.8
145.25
146.2
149.9
148.4
148.3
150.9
151.85
144.85
144.85
145.5
146.45
145.1
145.1
144.4
154.9
159
159.8
156.9
152.75
150.15
151.3
151.3
150.95
150.4
145.8
145.8
144.5
144.7
142.9
140.85
138.7
138.7
138.05
140.6
141.05
140.7
138.9
139.6
139.7
137.95
133.05
132.3
136.25
136.2
129.15
128.2
129.4
126.85
126.85
122.55
123.7
121.95
130.4
125.95
127.75
122.8
123.5
123.8
123.35
122.3
126.7
127.7
131.25
141.95
145.45
145.45
144.35
144.35
142.2
142.2
134.2
130.05
123.25
125.25
140.95
125.25
135.7
139.45
143.6
147.35
145.65
146.8
145.65
146.7
149.75
146.7
148.6
149.3
151.85
150
149.25
149.3
149.2
148.4
148.9
149.15
150.05
151.55
150.3
149.75
147.8
145
150.75
151.45
148.9
150.35
153.95
150
148.6
143.3
144.15
148.3
150.8
152.05
152.5
154.55
155.35
153.55
152.05
154.65
153.5
157.85
158
156.65
152.45
154.65
160.65
167.6
168.25
162
152.5
149.95
150.35
150.95
151.55
154.4
150.35
152.45
155.55
146.3
145
145
145.4
144.85
145.5
147.3
147.3
150.35
145.25
145.25
141
146.2
145.4
148.5
149.85
151.3
145.3
144.05
144.75
140.8
146.05
147.15
142.45
138.7
138.7
131.4
131.4
128.05
124.1
127.3
132.35
136
139.05
138.8
139.95
135.4
138.9
142
145.95
145.9
144.3
145.95
136.15
140.1
138.65
143.3
141.45
148.1
149.7
145.6
150.45
152.55
149.05
149.95
148.4
154.9
153.7
153.5
151.85
155.85
154.95
150.25
149.9
149.95
150.55
142.65
145.8
136.75
130.3
129.95
133.65
135.45
135.75
132.25
134.6
135.6
136.9
136.3
131.7
135.8
135.15
137.45
140.05
137.5
138.3
138.45
137.8
135
132.85
133.8
136.4
135.35
135.35
135.65
140
145.25
142.65
143.25
135.65
130.7
135.65
134.75
137.05
137.6
135.05
133.7
134.4
132.25
130.15
125.45
129.75
129.75
125.35
123.35
122.8
123.05
123.2
127.95
127.35
131.4
129.2
129.2
129.2
127.9
130.6
130.85
134.85
127.45
127.95
125
127.25
125
124.5
130.7
130.7
128.55
128.55
129.75
124.35
124.7
120
120.05
123.45
125.4
124.3
120.5
122.65
123.8
128.15
129.6
129.5
125.5
125.5
127.5
122.05
122.6
120
119.55
115.7
115.5
117.05
117.05
111.65
111.6
110.6
110.9
112.45
112.7
112.95
114.15
115.6
116.6
116.25
113.75
114.5
109.45
108.85
108
112
110.8
116.55
119.85
123.5
123.5
127.15
128.15
128.15
125.2
126.9
127
124.3
122.75
124.05
121.55
121.6
120.9
120.45
118.85
114.1
117.85
115.2
117
112.45
113.85
111.95
113
113.55
115.5
117.5
118.85
120.55
121.4
121.45
122.6
123.95
124.6
124.05
124.75
121.15
119.45
118.4
118.05
116.7
117.85
117.55
117.45
114.95
115.2
114.75
114.5
120.8
122.55
123.65
124.8
125.1
124.15
122.85
123.75
125.35
123.45
119
118.3
114.9
113.8
112
110.25
111.75
112.6
111.7
113.8
111
114.7
114.9
121.5
125.05
122.85
123.05
127.7
124.1
124.95
126.05
135.5
135.5
135.5
135.5
135.5
135.5
135.5
135.5
135.5
135.5
135.5
135.5
135.5
135.5
135.5
135.5
135.5
135.5
135.5
135.5
135.5
135.5
135.5
135.5
135.5
135.5
135.5
135.5
135.5
135.5
135.5
135.5
135.5
135.5
135.5
135.5
135.5
135.5
135.5
135.5
135.5
135.5
135.5
135.5
135.5
135.5
135.5
135.5
135.5
135.5
135.5
135.5
135.5
135.5
135.5
135.5
135.5
135.5
135.5
135.5
135.5
135.5
135.5
135.5
135.5
135.5
135.5
135.5
135.5
135.5
135.5
135.5
135.5
135.5
135.5
135.5
135.5
131.55
132.65
137.05
136.45
132.2
127.7
126.7
122.85
120.3
114.7
120.05
124.2
120.6
125.45
123.55
124.9
123.95
123.65
121.5
119.7
126.65
127.05
130.4
128.15
129
127.3
128.85
132.1
129.15
129.15
130.3
126.2
125.75
128.3
126.4
123.35
117.7
123.55
132.35
136.6
137.9
132.15
132.55
144.6
155.15
150.45
158.65
161.55
165
162.2
158.05
160.1
163.95
163.4
161.75
161.25
156.5
150.45
151.8
150.4
152.25
155.9
155.45
156.4
155
153.45
154.85
156.45
150.65
147.45
153.1
164.35
163.95
160.3
157.45
152.3
149.65
146.45
157.1
154.35
154.1
150.8
149.35
149.05
152.55
152.35
154.15
160.75
160.05
154.05
157.25
157.5
152.1
145.35
140.55
140.4
146.8
138.45
136.05
136.3
136.45
138.6
139.7
136.45
135.45
137.95
133.45
136.15
139.75
138.15
142.7
141.55
145.1
143.55
154.95
156.25
158.9
158.95
160.75
157.35
155.95
160.4
154.85
156.75
156.8
154.5
153.9
157.1
157.85
162.05
161
159.9
160.85
162.35
161.95
157.1
157.1
156.25
154.3
150.15
148.1
148.35
147.15
148.2
151.55
154.25
156.55
154.75
152
154.95
154.9
157.25
159.85
161.05
161.25
164
161.45
155.6
152.65
151.9
154.45
151.8
149.9
147.95
144.2
148.15
144.4
138.7
138.2
133.2
134.8
135.6
130.5
131.9
128.55
133.2
138.7
143.85
144.45
144.6
142.25
144.9
146.8
147.15
147.85
146.9
150.1
146.05
147.25
146.05
154.4
155.75
153.65
156.85
148.2
141.15
136.65
136.45
136.5
137.95
137.95
132.65
131.3
131.3
131.55
133.95
133.65
131.35
130.8
133.25
131.6
133.8
131.05
132.7
131.5
132.8
135.6
138.95
138
148.2
146.3
143.9
140.2
143.65
144.3
147.8
143.35
141.65
142.7
138.55
129.7
129
131.7
134.8
134.95
138.35
136.5
139.45
140.55
139.5
138.15
140.15
142.25
140
139.4
139.8
139.85
137.1
139.2
141.4
139.75
139.05
140.4
147.25
154.95
157.6
148.55
145.05
144.05
141.7
141.35
140.85
143.65
143.75
145.3
149.95
149.7
144.3
148.05
148.3
151.45
148.25
146.6
137.75
141.5
145.7
147
147.05
150.35
153.65
152.4
143.5
141.3
139.05
144.9
145.35
146.05
145.3
147.75
148.45
151.55
151.85
155.4
159.9
162.25
161.4
162.35
161.2
159.9
153.15
155.2
151.9
154.4
160.35
163.85
164.3
171.2
174
164.75
165.55
158.95
161.9
166.9
171.95
176.35
180.5
181.5
181.05
179.9
170.1
166.9
167.05
167.65
168.3
170.8
166.9
162.85
165.6
837
843.4
848.1
825.15
787.65
810.95
805.55
800.7
790
790.35
777.2
788.8
765.05
762.95
776.7
768.65
765.2
768.4
793.95
795.65
798.7
815
801.85
799.15
788.1
790.5
793.65
797.85
798.25
797.7
816.9
791.5
784.95
773.1
754.35
743.8
738.3
724.15
721.25
724.55
725.4
726.6
725.9
725.55
730.7
732.1
747.15
754.8
746.75
749.6
758.8
742.2
724.05
723.55
725.9
720.65
733.05
714.95
729.65
738.5
721.3
715.5
699.15
709.75
724
716.1
717.95
714.35
714.4
708.35
702.8
690.8
683.45
682.1
667
663.05
661.45
689.7
686.2
665.45
676.75
696.45
672.1
669.8
673.25
643.25
677
671.05
649.25
654.2
683
701.45
712.05
744.2
723.35
702.3
692.55
652.3
682.6
695.7
711.8
728.9
739
741.15
744.95
755.85
762.95
784.35
782.9
773.9
756.1
745.25
749.15
748.8
762.25
747.4
742.7
741.5
742.45
741.1
750.95
751.45
789.6
786.6
774.7
741
736.7
726.4
726.95
728.7
712.85
715.5
720.45
701.55
699.3
693
710.05
715.4
733.5
716.9
714.95
714.6
687.6
673.85
667.75
639.7
649.05
648.05
655.3
668.15
682.1
635.2
637.4
639.95
640.3
639.95
649.1
635.15
632
632
632
632
632
632
632
632
632
632
632
632
632
649.6
649.25
636.55
653.1
623.6
620.5
599
595
606.6
575.5
555.95
553.15
553.15
548.65
555
560
560
560
544.1
539.4
547
544.15
548
552
556.05
569.8
569
565
559.3
574.7
556
566
571.35
568.55
558
543.85
527
548
550.5
548
552
539
538.5
535.25
530
546
542.4
541
530.5
520.65
537
527
528.7
492.7
480
502.2
502.2
507
515.1
508.95
527
521.05
524
538.5
550.9
554
554
556
555
537.5
537.5
538.1
524.45
509
512
514.9
529
529
521.3
525
525.5
525.5
533
538
544
534.05
534.05
532.55
539.95
547.1
534.1
534
537.8
540.5
545
567.8
553
549
527.05
536.15
556
571.75
585.6
553
542
538
540.25
540.25
540.25
540.25
540.25
549
556
545.55
548
560.45
541
568.65
596.15
597.2
598
598
556
545
561
559.5
557.5
556.5
557.35
552.2
552
542.5
531.9
539.9
525.35
504.95
515
496.45
503.4
521.3
537.05
583.5
587
608
611
634.5
615.9
611
611
597
618.05
616
619.95
616
633.6
632
666
673
684.15
684.5
623.5
627
620.85
602
628.8
657.7
616.25
587
589.15
575
603
545.05
558
535
532.5
523.35
466.6
460.85
438.1
412
404
415
413.8
402.95
409.9
405.1
389
389
389
368.75
390
401
391.3
387.25
380.9
379.5
377.7
378.1
401.1
379.8
379.8
378.5
378.5
365
385
385
347
339
323.5
317.65
308
320.55
324.6
315.5
322.5
314.95
311.5
328.8
310.8
312.2
313.3
296.4
295.85
309.3
312
314.2
307.8
311
340
346
348
346.4
350.25
355
335.5
346.95
358.05
369.4
368.65
371.8
375
387
375
369.2
369.55
380
391
384.7
381
395.1
378
362.25
368.25
354.55
375.55
361
373
374
389
360.2
364.2
342
353
353
395.2
394
331.95
333
325.05
318.85
318
304
311.85
311.85
313
311.5
321
316
308.5
327
293.95
281.4
285
283
265.3
268
270.55
262.5
262.5
264.5
257.75
268.25
275
277
287
288.65
307
325
328.35
322
339.75
346
342.9
343
348
354.5
345.95
354.8
354
347
363
337
368
407.95
419.5
437
415
401
405
381.95
400
380.1
344.7
393
415
408
432
434
434
419.1
429
438
446.4
443.5
441.5
456
452
488
539
545
560.5
576
589.05
579.2
581.4
571.8
583.65
589
592.7
576.5
560
559
567.5
580.35
579.5
562.95
580.6
574
576.3
576
614.15
626.5
589.25
581
572
578
589
583.1
577
576
567
554.95
587
586
581.8
552.1
514.9
473
465
480
477.5
486
532
545
566.1
551.35
458.1
467
452
435
479.7
476
491.95
499.05
525.1
547.65
571.05
581
622
652
631
632
621
596
588
606.9
589
618.05
636.5
656
704
740.3
761
788
834.05
840.1
864
902
851
885.5
900
890
775.75
787
789
793.9
810.7
778.8
783.95
769
761
752.55
766.05
755.05
740
737
717
662
668.3
671.9
646
627.9
641
649.6
610.75
611
598.9
588
591.8
590.65
598.05
608.1
596
577
619.2
517
501.15
495.25
470.1
495.05
500.95
507.3
555
569
592
621.5
600
608
638
671.05
698.1
730
740
744
735
707
724.5
738.9
740
767
772
729
710
678
689
699
786
795.9
809
834.65
859
826
836.6
834
840
822
866
814.7
862.2
739
853
995
1014.95
1038.3
1057
1035
1096
1118
1181
1202
1233
1239.9
1267.15
1300.15
1308
1268
1270
1209
1212
1160
1067
1078
1085
1044.25
1107
1131.15
1036.9
1046
1073.55
1100
1090.1
1084
1049
980
929
887
885
959

