883.55
878.15
880.1
881.05
881.8
881.8
878.95
880.95
873.5
879.45
876.1
866.5
878.55
875.45
858.4
859.2
840
860.75
871.45
834.7
842.4
848.55
844.6
838.5
859.1
861.85
856.6
856.6
850.3
829.2
823.7
821.75
807.65
800.95
800.4
797.8
797.8
797.8
816.4
801.2
805.85
802.2
814.2
830.1
830.65
829.35
828.35
827.1
817.7
858.6
856.25
856.25
875.45
879.25
882.5
870.05
862.25
865.35
859.25
853.8
873.15
865.05
853.7
855.4
839.65
839.65
841.6
804.8
794.45
806.35
806.35
794.1
806
829.7
841.05
823.95
823.95
831.1
840.25
816.15
807.95
821.15
791.5
788
812.85
826.6
806
818.5
848.6
858.25
855
849.25
852.15
837.5
886.75
883.2
899.75
901.35
900.05
895.25
874.35
871.35
883.4
902.15
898.65
916.1
923.3
905.7
877.5
882.8
857.55
846.85
835.15
853.15
849
846.5
843.3
816.05
852.3
825.4
848.05
837.85
822.7
817.65
795.3
796.95
802.25
824.6
783.55
772.7
762.9
760.8
755.35
736.7
750.25
750.2
753.65
756.5
747.7
740
728.95
710.65
704.95
698.55
705.65
708.4
739.15
735.7
748
758.8
759.6
762.7
759.2
789.75
787.05
767.35
759.25
763.5
761.9
775.4
777.2
771.2
774.75
766.75
790.3
796.45
762.5
758.35
771.65
759.4
765.75
760.85
781.4
779.4
762.45
762.45
754.4
765.45
744.8
771.35
786.4
785.45
796.5
808.95
816.8
822.25
839.05
862.05
862.05
859.45
853.15
846.85
835.2
824.5
821.7
821.7
821.7
811.3
807.45
778.15
793.1
808.5
813.3
811.6
809.95
834.8
814.2
831.4
831.85
808.4
808.1
809
807.95
812.65
833.9
833.9
836.8
838.3
825.6
807.15
791.9
813.85
799.55
809.6
825.7
834.1
821.05
834.15
834.15
826.75
823.75
840.75
822.2
803.65
797.65
810.85
803.85
814.7
808.1
857.75
881.3
910.25
890.5
862.1
862.1
867.15
851.3
839.2
831.9
843.45
839.35
842.65
833.85
807.75
812.5
820.35
771.7
756.5
775
775.05
749.15
752.3
749.95
757.55
727.05
728.45
728.45
739.25
745.55
733
744.95
731.3
758.85
767.25
774.3
769.5
775.65
781.8
793.5
784.65
791.7
789.4
770.05
797.05
744.7
705.7
704.75
691.75
691.1
692.15
690.55
683.1
700.9
691.95
672.2
644.8
644
649.3
648.9
646.1
657.3
657.3
653.6
653.6
657
644.7
646.4
646.7
648.75
644
644
644
644.25
647.6
640.1
625.9
646.1
646.1
655.65
663.25
655.15
635.3
629.1
631.7
631.7
631.7
631.7
629.55
625.5
627.4
620.65
637.85
634.8
652.75
669.5
659.55
645.95
646.8
661.45
671.8
656.6
653.9
665.15
676
647.05
632.35
626.35
624.25
629.8
624.2
624.2
617.45
608
604.6
610.2
613.9
612.5
615.3
619.35
617.8
617.8
615.75
614.2
613.8
617.95
631.95
640.65
633.4
629.85
624.5
628.65
643.9
636
636
637.4
620.1
602
603.6
593.65
580.45
579.65
579.85
582.5
589.5
568.85
587
594.65
590.1
593.6
588.65
581.7
584.05
583.85
594
584.7
584.8
586.5
579.9
574.1
568.45
568
557.9
560.6
539.85
542.2
549.3
543.65
536.25
528.15
505.35
510.1
509
509.1
509.85
507.6
506.35
510.2
523.75
523.6
540.55
537.8
546.3
528.9
527.45
536.5
529.05
556.9
540.35
538.2
521.15
504.4
505.65
514.75
518.6
511.45
505.15
505.15
497.6
500.55
514.95
529.6
529.6
536.4
539.2
543.75
543.75
534.9
534.5
543.7
543.7
541.5
547.7
539.55
539.55
530.7
538.6
522.8
536.65
547.95
539.85
539.05
529.1
525.3
523.9
510.1
515.6
513.05
501.6
495.5
495.5
493.75
494.3
480.7
484.85
481
474.55
474.6
475.6
472.95
473
477.15
477.15
472.05
470.8
464
461.6
468.5
473.1
473.25
472.8
468.8
477.35
484.35
487
490.5
484.05
484.45
476
469.9
471.7
477.5
482.9
476.8
476.4
478.1
473
472.6
479.25
490
491.55
495.6
493.5
487.4
494.05
492
490.1
490.5
489.95
490.65
489.5
485.55
499.75
490
487.85
485.1
489.85
487.4
487.4
486.7
489.6
485.95
497.15
490.65
485.85
494.1
497.8
501.75
504.7
504.65
504.75
504.85
502.35
504.45
505.1
503.65
504.85
504.75
506.7
516.3
508.1
509.25
524.3
531.3
526.3
513.15
513.15
522.85
530.45
546.5
556.6
551.4
552.35
548.2
542.8
542.8
539.45
528.25
519
501.55
513.7
521.5
522.15
523.2
515.8
486.9
486.4
480.8
480.8
470.6
485.05
479.65
469.9
459.7
463.5
467.1
470.8
454.35
454.35
459.25
469.8
479.8
477.85
485.3
486.1
488.15
479.1
445.5
441.7
441.35
442.35
438.5
444.6
445.8
425.1
425.1
405.6
403.3
398.15
422.4
420.95
403.2
392
410
427.85
420.05
420.3
415.15
417.8
427.2
418.7
434.75
434.75
439.95
436.9
430.8
430.8
423.2
437.35
472.8
497.45
498.2
507.6
510.75
511.82
5075.55
5080.4
4986.05
4941.05
5050.3
5165.4
5213.1
5011.55
4835.85
4812.65
4826.7
4874.5
4782.8
4762.55
4672.95
4668.8
4565.2
4571.3
4677.6
4712.5
4636.5
4538.1
4493
4361.5
4393.2
4557.7
4573.65
4610.55
4575.25
4575.35
4559.5
4444.2
4496.1
4489.7
4537.25
4576.8
4620.05
4675.25
4680.3
4694.3
4863.1
4913.6
4815.3
4821.7
4826.05
4804.95
4800
4835.65
4784.95
4773.6
4812.8
4861.5
4824.45
4749
4699.5
4638.75
4670.95
4853
4900
4855.95
4695.25
4727.35
4681.25
4681.25
4713.75
4705.55
4652.15
4649.45
4649.45
4647.15
4649.5
4649.5
4650.35
4687.7
4642.1
4662
4551.15
4536.2
4531.6
4622.45
4767.55
4785.3
4885.1
4890.35
4954.95
4917.25
4917.25
4903.25
4903.25
4879.05
4953.7
4912.7
4992.6
4909.35
5002.5
5007.3
4896.45
4790.8
4752.4
4756.75
4666.6
4585.45
4463.2
4434.9
4329.9
4359.1
4272.2
4358.05
4400.1
4502.15
4537.3
4513.65
4555.5
4558.9
4504.1
4542.4
4526.1
4471.05
4509.5
4533.5
4523.5
4603.85
4624.15
4638.9
4642.95
4542.55
4501.15
4473.75
4431.6
4399.2
4405.7
4405.1
4442.5
4413.05
4287.9
4311.05
4333.2
4278.3
4313.1
4365.55
4299.45
4362.7
4364.15
4394.1
4394.35
4402
4396.7
4371.95
4423.05
4432.55
4394.7
4346.4
4423.65
4361
4361
4356.2
4444.2
4429.85
4295.5
4249.4
4280.8
4309.6
4320.5
4300.2
4315.85
4312.55
4356.55
4377.85
4352
4346.65
4330.35
4319.8
4123.9
4123.9
4083.4
4054.1
3968.05
3919.9
3849.95
3876.75
3951.05
4014.95
4089.6
4089.6
4089.6
4114.3
4178.1
4120.45
4095.35
3957
3903.3
3878.6
3871.2
3887.95
3931.55
3896.15
3896.15
3910.2
3910.2
3929.15
3881.7
3923.7
3908.8
3885.05
3873.85
3899
3895.3
3896
3891.6
3889.85
3811.25
3874
3908.05
3939.65
3939.65
3934.8
3870.3
3893.15
3936.5
3979.9
3946.6
3895.75
3900.5
3900.5
3884.55
3901.4
3849.5
3845.4
3776.15
3738.65
3770.5
3700.25
3651.35
3693.2
3651
3640.7
3696.35
3702.25
3725.95
3662.25
3676.55
3700
3692.05
3694.1
3678.55
3678.55
3711.95
3781.95
3781.95
3772.65
3713.4
3750.05
3731.4
3743.8
3748.1
3757.25
3651.3
3626.95
3642.3
3576.55
3506.1
3469.1
3528.35
3566.8
3602.55
3717.25
3619.15
3664.9
3662.7
3692.95
3708.25
3723.2
3693.9
3693.1
3683.45
3714.45
3781.15
3872.45
3940.25
3921.15
3888.55
3749.05
3776.15
3759
3808
3891.25
3896.7
3885.05
3886.1
3864
3886.15
3870.6
3877.65
3883.8
3836.2
3825.3
3847.7
3824.05
3718.95
3684.2
3779.8
4021.55
3816.45
3842.55
3822.75
3765.85
3749.75
3677.5
3677
3754.25
3701.05
3695.05
3754.35
3768.05
3697.25
3623.85
3653.85
3708.75
3655.55
3644.4
3615.35
3603.6
3530.8
3511
3526.8
3523.3
3482
3422.3
3462
3471
3340.55
3328.85
3311.15
3328.25
3354.55
3301.1
3255.65
3236.85
3256.55
3279.05
3323.5
3323.5
3323.5
3356.4
3263.4
3242
3188.5
3104.45
3096.65
3060.7
3111.6
3071.25
3062.85
3015.7
3073.15
3210.1
3214.95
3204.2
3186.65
3160.25
3171.5
3149.65
3091.75
3160.45
3234.7
3158.75
3149.65
3170.55
3158.65
3097.3
3067.1
3059.35
3074.25
3045.4
3054.45
3054.45
3068.2
3031.4
3027.2
3054.45
3099.45
3058.2
2970.65
2958.95
2993.6
2950.3
2968
2935.2
2995.3
2988.1
2916.35
2848.45
2848.45
2804.3
2818.75
2732.45
2732.9
2723.8
2735.6
2748.55
2772.05
2736.3
2720.3
2656.55
2675.75
2660.6
2671.7
2674.95
2652.3
2590.3
2592.35
2626.7
2599.2
2670.95
2663.05
2663.25
2758.25
2687.5
2649.5
2659.5
2712.7
2786.2
2782.95
2803.7
2828.2
2830.25
2832.7
2855.95
2854.05
2854.05
2858.45
2796.05
2879.35
2938.5
2940
2942.8
2875.35
2892.7
2954.35
2937.8
3049.15
3041.8
3095.55
3036
3098.35
3057.15
3116.5
3160.2
3226
3159.55
3149
3133.15
3159.55
3061.2
3065.1
3065.6
3050.1
3015.5
3157
3126.85
3103.05
3136.7
3146.4
3171.75
3175.25
3172.4
3173
3128.85
3028.4
3078.5
3129.4
3157.55
3154.3
3134.1
3096.9
3081.3
3090.4
3100
3093.5
3077.9
3050.8
3038.85
3126.35
3128.35
3146.85
3175.95
3188.65
3181.7
3221.25
3258.3
3271.55
3260.15
3290
3296.8
3263.2
3264.8
3228.4
3274.35
3291.25
3175.35
3216.75
3244.5
3260.1
3229.1
3148.65
3154.85
3148
3080.7
3058.9
3091.65
3023.2
3052.15
3067.85
3134
3120.85
3143
3139.1
3113.95
3110.9
3112.45
3123.5
3141.15
3168.1
3180.55
3130.2
3124.45
3094.75
3155.6
3158.6
3201.1
3239.3
3240
3296.65
3313.95
3185.1
3141.95
3160.9
3114.2
2979.8
2956.7
2932.4
2951.45
2947.5
3002.8
3019.25
3064.6
3068.95
3065.15
3100.85
3095.95
3204.3
3206.15
3170.05
3167.8
3105.05
3169.35
3133.4
3082.25
3006.35
2993.25
3006.5
2963.45
2914.15
2909.75
2847.7
2864.55
2848.85
2793.5
2768.4
2750.5
2672.1
2691.05
2743
2700.15
2667.8
2698.1
2773
2743.1
2774.6
2690.85
2667.85
2655.9
2662.1
2591.3
2568.8
2569.15
2581.65
2620.85
2617.75
2566.5
2560.35
2551.7
2549.7
2566.8
2529.65
2520.55
2525.8
2536.2
2515.85
2527.4
2529.25
2502.85
2545.75
2509.8
2523.65
2546.3
2579.2
2553.2
2531.2
2528.15
2529.65
2500.05
2501
2500.1
2505.2
2508.25
2537.95
2532.8
2400.7
2406.5
2411.35
2478.05
2510.1
2570.8
2599.1
2594.8
2564.45
2587.9
2600
2498.55
2483.75
2475.2
2479.6
2501.55
2486.25
2471.6
2485.45
2487.9
2577.5
2579.1
2600
2599.85
2620.95
2663.5
2674.3
2668.35
2654.75
2662.85
2725.9
2713.75
2726.3
2703.35
2677.75
2775.75
2849.5
2880.5
2836.2
2874.55
2878.7
2822.9
2817.75
2812.5
2839.7
2887.75
2963.9
2941.5
2916.2
2764.8
2706.15
2711.2
2740.95
2697.25
2664.65
2643.6
2658.05
2707.65
2682.1
2670.05
2651.85
2680.4
2648.9
2585.75
2547.7
2520.4
2604.1
2639.35
2659.35
2636.6
2652.3
2658.45
2663.6
2639.3
2650.85
2747.45
2755.4
2740.85
2681.2
2663.05
2694.9
2792.8
2705.05
2687.75
2648.45
2502.6
2591.95
2620.7
2623.6
2635.35
2604.4
2635.7
2658.95
2657.8
2699.05
2662.5
2660.65
2661.25
2675.75
2700.65
2703.95
2654.4
2646.3
2664.5
2663.2
2749.35
2777.85
2778.4
2789.35
2743.1
2768.85
2816.1
2853.6
2847.05
2800.7
2855.6
2860.55
2797.75
2808.75
2836
2853.95
2849.7
2809.7
2797.5
2738.75
2762.65
2712.9
2727.1
2742.9
2750.3
2769.2
2758.35
2767.3
2704.1
2651.1
2631.1
2641.05
2654.55
2675.9
2680.55
2666.95
2661.7
2607.15
2600.8
2591.95
2598.25
2623.35
2603.35
2613.8
2586.15
2438.35
2524.2
2520.55
2521.9
2479.55
2478.7
2474.05
2474
2440.15
2415
2369.7
2359.5
2384.25
2350.4
2336.75
2345.2
2329.55
2320.8
2329.75
2301.8
2360.55
2366.05
2399.45
2459.95
2408.75
2370.7
2429.65
2383.75
2368.35
2317.65
2294.7
2296.25
2291.7
2311.55
2283.7
2238
2185.25
2146.75
2114.9
2079.85
2077.25
2086.1
2100.3
2106.45
2085.85
2074
2068.9
2021.6
2068.6
2109.75
2156.85
2124.5
2141
2112.95
2054.5
2068.5
2117.85
2086.25
2033.7
2060.6
2088.1
2084.25
2078.8
2075.25
2089.55
2063.15
2067.85
2096
2075.1
2050
2081.75
2042.35
2051.85
2048.7
2060
2045.4
2044.55
2033.4
2044.6
2042.9
2057.1
2021.25
2038.85
2070.15
2034.9
2005.85
1962.15
1968.1
1968.55
1994.4
1994.6
1969.4
1905.1
1897.35
1918.15
1942
1939.85
1944.7
1942.7
1962.05
1968.2
1981.2
1869.95
1809.95
1765.35
1761.45
1785.2
1825.5
1859.1
1857.85
1889.7
1912
1934.5
1944.75
1979.6
1962.7
1947.75
1936.25
1831.05
1831.05
1831.05
1831.05
1831.05
1831.05
1831.05
1831.05
1831.05
1831.05
1831.05
1862.55
1831.05
1862.2
1872.95
1880
1861.1
1845
1794.95
1804
1773.9
1781.4
1796
1787.6
1792
1792
1758
1759.05
1760
1760
1760
1751
1726
1735
1795
1766.5
1770
1733.9
1714
1710
1697
1705
1696
1670
1672.65
1683.95
1690
1706.95
1685
1638
1671
1679.1
1695
1700
1690
1690
1675
1679.7
1679
1663.1
1652
1685
1675.2
1690
1690
1690
1689.9
1662
1633
1633
1573
1635
1632.25
1650
1674
1535
1542.85
1582
1560
1560
1564
1590
1548
1548
1500.05
1487
1494
1422
1395
1411.65
1411.65
1405
1388.25
1375.1
1375.1
1366
1364
1351
1380
1380
1357
1367
1375
1365
1357
1375
1360
1375
1385
1383
1350
1351.2
1376
1402.7
1400
1372
1373
1368
1334
1352
1352
1352
1352
1352
1364
1370
1348
1348
1340
1340
1409
1433
1404
1405
1416
1402
1396.1
1389.9
1351
1310
1290.15
1300
1250
1211
1183
1190
1166.2
1150.3
1125
1166.5
1165
1191
1212
1188
1192
1185.05
1185
1172.2
1180
1155
1125.2
1130
1081
1082
1110
1060
1100
1110
1163.25
1155
1180
1167
1147
1125
1120
1120
1140
1128
1144
1077.1
1060
1095
1058
1045
1068
1089.95
1030
1003.9
992.45
958
950
950
891.5
915
915
902.55
890
897.55
890
891.8
891.8
891.8
877
880
885
890
889
885
929
918
905.1
870
820
820
782.1
782.1
782.35
780
780
801
786.8
785
795
767.15
774
745
765
745
745.05
747
746
744.75
725
721.05
706
715
748
727
736
735.75
775
785
785
792.75
790
802
800
795
795.65
808
830
801
809.65
824
797
780.4
787.4
771
761.8
765.3
790
747.35
775
810
922
909.4
929.9
930
926.2
915.25
928
916
917
892
880
895
895
914.5
913.25
905
881.2
899.9
870
874.9
867.25
860
860
870
878.8
900
865
865
860
844.95
859.75
867.5
870
875.2
895
899
861.5
871.5
875
890.1
890.2
888
900
902.85
902.1
944
960
975
970
952
956.7
956.6
955.1
941
985.05
958.45
957
954
975
926
930
954
985
1030
1050.3
962.45
962
950
975
1034
975.05
974
1010
1054.95
1099.9
1156
1184
1189.5
1181.05
1181.3
1201.1
1190
1172
1150
1160
1172
1200
1200
1207
1205.15
1215
1207.2
1195
1200
1200
1219
1220
1193.4
1225
1195.6
1196.9
1204.8
1200
1200.2
1200
1196.75
1181.2
1252.9
1249
1273
1254.6
1255.5
1240
1240
1240
1237
1225
1210
1216
1195
1149.9
1137.25
1114
1120
1110
1058
1065
1055
1025.1
1001.25
1035
1055
1051
1035
1037.9
1021
1056
1028.9
1025.55
1050
1081
1150
1188
1175
1160
1220
1249.5
1264.9
1260
1253
1251
1275
1276.95
1258
1276
1256
1260
1251.05
1259.6
1250
1242.05
1252
1290
1260
1237.05
1245
1225.1
1230
1225
1220
1220
1211.1
1216.85
1233.75
1233
1200
1215
1235
1265.1
1265.05
1290.8
1270
1275.1
1250.2
1249.8
1234
1220
1232.85
1238
1240
1210.1
1196.5
1200
1200
1210
1224.9
1189
1181.1
1189.9
1179
1185
1200
1199.9
1173.5
1160.5
1152.15
1159
1156
1170.25
1135
1110
1140
1136.9
1144
1165
1162
1125.05
1125.05
1163
1160
1105
1143.9
1193.1
1135
1150
1090.1
1055.9
1088
1116
1157.95
1150.25
1152.5
1155
1150
1160
1170
1150
1211
1218
1199.9
1161.5
1235.1
1180
1102
1124.9
1020
1015
995
950
1048
1040
1098.9
1080
1097
1112.25
1140.1
1190
1196.05
1262.15
1205
1111
1148.9
1135
1135
1096.05
1100
1084.1
1107.75
1056.4
1006.5
1007
988
995.4
1003
983
996
995
995.25
995
995
1000
998.9
989
1000
1000
1002.65
1001
997
987.05
1003
1000
1005
1005
1006
1004.95
987
1001
977
1025
1019
1057
1055
1050
1052.05
1081.05
1024
1010.2
1018
1010
1085
1021
968.05
977
940
950
950.1
968.3
970
974
981.1
949
973.05
955
945.95
989.9
981
968
998
964.85
984
985
950
935
954.65
932
935
940.1
952
945
933
937.9
949.95
938
950
943.3
948
942.3
945.75
942
935
930.1
937.05
931.05
934.5
932.95
940
932
926
932.5
985.1
980
945.75
939.1
923.95
900.25
885.55
896.75
882.1
866
885.9
857.2
866.6
866.3
871.45
897.05
882.25
879.55
886.3
879.4
885.95
874.9
865.4
853.3
854.6
852.5
857.35
848.5
840.6
830.1
830.2
829.95
810.15
830
830.45
823.85
832.25
837.4
850.05
847.8
848.5
863.95
868.1
847.9
858.05
865.5
839.8
853.2
849.6
840.95
849
862.45
830.15
824.9
831.95
823.45
825.25
824.35
818.5
820
819.75
816.15
815.65
818.7
794.65
791.75
775.7
782.45
773.35
784.4
804.85
807.15
808.75
790.9
787.15
800
804.35
800.35
790.7
806.05
798.45
782
797.25
808.1
811.45
803.8
807
799.2
787.65
790.15
768.4
747.3
740.25
762.6
757.3
742.2
731.6
716.3
715.75
707
710
695.6
685.45
691.4
690
696.65
697.5
684.25
693.35
661.25
683.2
655.75
701.95
717.3
737.05
731.95
731.65
732.5
755.1
757.8
761.6
790
789.25
778.2
784.5
786.9
791.7
800.2
767.25
771.1
778.35
787.55
795.05
795.9
799.95
802
788
788.3
798.55
799.35
808.2
804.75
788.3
780
713.7
727.9
720.65
720.05
728.75
748.85
749.35
740.8
740.6

