18647.9
18574.1
18549.8
18410.7
18205.2
18205.2
18217.4
18036
18287.4
18215.6
18341.4
18718.2
18840.4
18211.9
18221.9
18593.4
18342.1
18509.3
18496.1
18376.3
18493.7
18593.8
18692.1
18650.9
18863.1
18447.1
18435.8
18435.8
19014.1
19049.7
19200
19135.5
19398.9
19157.6
18986.8
19102.7
19102.7
19102.7
19317.9
19365.2
19892.6
20264.2
20700.1
20521.8
20457.5
21067.4
21142.8
21624.3
21521.9
21743.4
21743.2
21743.2
21562.6
21132.4
21067.6
21133.2
21185.9
21226.4
21105.1
21271.4
21368.1
21423.8
20708.5
20246.1
19306.4
19306.4
19386.8
19558.5
20092.2
20306.8
20306.8
20266.1
20832.1
21595.2
21879.4
21741.7
21741.7
22021.1
22303.5
21931.6
21988.8
21634.6
21648.8
21155.8
21819.7
22157.8
22427.6
22815
23210.4
23670.3
23122.8
22598
22899.8
22558.1
24122.2
24820.8
25393.4
25393.3
25227.5
25387.3
24939.1
25491.3
26580.3
26027.3
26036.4
26397.7
26299.4
25965.4
25309.2
24669.7
24097.8
24072.2
23002.4
23097.9
23255.1
23625.3
23862.8
23528
23860.9
23758.3
23715.8
23449.4
23544.2
23497.2
23072.6
22847.7
22627.6
22927.5
23204.2
22988.3
23014.8
22039.3
21852.3
21698.3
21805
21914.1
21990.7
22062.9
21745.4
21108.2
21096
20848.3
20306.3
20339.4
20283.9
20432.2
21247.2
20791.8
21420.3
21977.3
22183.8
21713.6
22744.1
23332.2
23668.8
23094.6
23033.9
23135.8
23462.6
23146.1
23376.5
23256.2
23184.8
22983.8
22868.7
22794.2
22580.3
21487.6
22114.1
21608.8
20936.2
21732.4
22522
22713.1
22503.8
22503.8
21621.2
21722.5
20930.4
21958.4
23720.5
23622.2
24284.1
24676.2
25574.6
26239.6
26340.2
26440.6
26440.6
26069.1
25692.5
25823.6
25291.7
25343.8
25570.7
25570.7
25570.7
25421.3
25498.8
25212.2
25559
25771.7
26337.2
26902.8
27367.6
27657.9
27316.3
26602.5
26223.1
26614.5
27289.7
26438.4
26555.2
26312.8
26706.8
26706.8
26115.1
26256
25902.4
26589.3
26032.9
26285.6
26514.1
26118.2
26559.2
26201.8
27117.7
25604.1
25604.1
24946.4
25361.3
23708.1
23014.8
22358.7
23039.9
23629.4
23554.4
24530.3
24974.6
23824.3
23437.2
23292.8
23054.9
21834.2
21834.2
21677.4
21638.7
21530.7
21504.9
21441.6
21334.8
20985.9
20403.6
20326.2
19450.3
19618.9
19156.7
19188.7
19736.1
19539.8
19454.1
19459.6
19664.3
19319.3
18537.9
18421.8
18421.8
18538.2
18624.4
18668.6
19046.2
18611.7
18974.2
19471.3
19600.5
19694.3
19681.2
20022.6
20191.1
20544.2
20522.3
19784.8
18600.8
18743.8
18919.8
17973.8
17961.2
17759.9
18355.2
18368.1
18912.8
18073
17732.2
17033.2
16563.1
16409.4
16009
15556.6
15390.7
15193.2
15297.5
15297.5
15516.5
15516.5
14900.8
14909.3
14995.8
15035.7
15004.3
14900
14900
14900
14624.2
14518.7
14308
14361
14597.5
14597.5
14570.7
14715.6
14790.3
14703.9
14706.2
14802.5
14802.5
14802.5
14802.5
15014.8
14835
14772
14577.8
14673.5
14962.1
14989.8
14827
14937
14715.2
14822.7
14887.2
14837.1
14856
14798.7
14942.8
14869
14715.7
14722.2
14835.8
15000.6
14995.5
14809.9
14809.9
14689.5
14738
14779
14752.5
14540.8
14323.3
13901.7
13699.5
13629.8
13629.8
13476.8
13561.8
13708
13630.5
13713.8
13727.6
13923.1
13538.2
13499.9
13405.3
13359.2
13202
13202
13257.6
13165.5
13289
13392.9
13383.7
13381.3
13249.5
13128.2
12994.8
13004.2
12808.8
13000.9
13077.7
13390.7
13558.5
13588.8
13699.8
13936
13440.5
13557
13000.7
12826.8
11970
11997
11837.2
11826.9
11960.6
12191.2
11926.4
11854
11840.2
11850
11977.1
11767.6
11969.9
11917.3
12038
12054.7
12235
12261.8
12355.2
12420.2
12346.5
12146.7
12445.4
12848.4
12320.6
11503.7
11369.5
10979
10648.5
10754
10748
10748.2
10592.2
10705.7
10446.2
10491.2
10495.5
10477.7
10466.2
10537.3
10537.3
10544.9
10555.9
10714
10402.4
10402.4
10345.5
10212.2
10313.5
10313.5
10321.9
10224.3
10244.7
10244.7
10270.2
10365.7
10368.5
10368.5
10226.8
10619.5
10641.7
10767.1
10892.3
10722.2
10527.2
10498.1
10398.7
10106.2
10055.5
9747.7
9810.7
9552.05
9609.15
9609.15
9501.15
9458.3
9407.2
9696.9
9317.6
9255.65
9213.3
9236.8
9266.8
9404.75
9495.75
9495.75
9475.25
9296.5
9084.7
9013.2
8972.85
8980.45
8985.55
8952.1
9003.05
9055.75
9105.9
9095.3
9110.9
9202.55
9213.75
8995.35
8944.3
8973.75
8919.6
9103.4
9097.75
9257
9338.4
9482.3
9551.25
9556.45
9524.7
9517.45
9591.75
9723.75
9758.8
9718.1
9715.9
9752.45
9864.85
9777.35
9930.05
10021.3
9998.05
10009.9
10068.2
10236.5
10411.6
10599.3
9834.1
9834.1
9505.85
9362.45
8951.6
8998.9
8829.25
8848.65
8835
8891
8907
8803.85
8871.1
8879.4
8924.5
8909.15
8852.2
8890.05
8695.4
8487.65
8568.25
8500.3
8560.35
8590.95
8626.15
8679.05
8745.05
8748.75
8788.5
8788.5
8816.05
8828.65
8758.05
8709.15
8711.5
8722.55
8770.6
8814.3
8814.3
8795.4
8798.05
8878.8
8751.45
8740.6
8716
8767.65
8768.5
8727.8
8737.85
8716.75
8585.9
8585.9
8645.1
8717.55
8774.4
8841.2
8863.25
8869.4
8895
8693.5
8886.1
8886.1
9048.65
9053.65
8793.5
8614.3
8604.15
8620.45
8671.25
8475.7
8412.05
8358.9
8212.95
8268.85
8318.8
8357.3
8266.4
8257.4
8257.4
8122
8162.9
8114.85
8260.95
8251.65
8249.45
8134.8
8169.7
8150.85
8188.05
8191.4
8151.45
8026.25
8237.9
8408.35
8517.8
8517.8
8584.8
8508.55
8519.55
8519.55
8484.9
8348.5
8574.3
8727.85
8838.85
9004.15
8934.2
8855.7
8640.3
8567.5
8595.55
8597.1
8635.25
8698.9
8647.3
8666.3
8567.5
8596.85
8601.7
8661.4
8667.5
8726.65
8636.3
8724.3
8626.5
8803.1
8873.1
8915.15
9047.9
8678.05
8576.5
8578.7
8800.55
8917.35
8983.95
9000
9031.55
9033.05
9007.7
8993.35
9051.8
9315.45
9134.1
9018.85
9077.25
9051.25
9040.8
9035.45
9148.25
9145.45
9082.05
9043.4
9052.75
9039.2
9100.55
9227.75
9167.1
9017.45
9015.95
9000.95
9000.65
9011.95
9035.25
9000.3
9047.55
9000
8988.3
8983.05
8924.5
8927.05
8898.05
8898.05
9024.85
9057.55
9033.1
8919.2
8919.2
8846.45
8818.6
8818.6
8638
8646.5
8638.5
8698.95
8751.5
8827.3
8702.2
8707.5
8754.3
8701
8727.8
8714.65
8852.05
8983.8
8983.8
9006.3
9006.3
8839.25
8829
8756.6
8750.65
8722.6
8670.3
8617
8705.05
8617.35
8572.95
8436.15
8353.95
8300.2
8398.95
8453.35
8357.9
8564.25
8761.9
8881.8
8867.75
8930.85
8989.5
9044.95
9064.95
9025.35
8995.15
8969.4
8971.6
8977.15
8919.35
8956.8
9021.4
9013.5
9011.75
9013.3
9020
9108.15
9260
9076.6
8888.35
9005.75
9092.8
9112.35
9103.65
9171.65
9281.7
9180.8
9214.6
9186.65
9109.85
9207.9
9201
9323.9
9210.15
9279.2
9329.1
9346.25
9409
9475.55
9387.8
9516.7
9286.2
9124.7
9104.3
9202.55
9202.55
9134.05
9100.25
9058.7
9071.6
8989.05
9039.25
9165.4
9267.45
9206.75
9158.45
9151.6
9105.3
9097.2
9089.8
9041.2
9118.8
9138.5
8939.05
8939.05
8937.15
8891.75
8923.35
8868.75
8888.4
8784.2
8780
8801.65
8890.3
8890.3
8890.3
8858.1
8864.95
8868.65
8893
8922.5
8924
8893.05
8898.15
8895.9
8850.75
8926.4
8926.4
8919
8919
8904.65
8886.3
8821.05
8849.5
8790.5
8764.75
8773.45
8850.6
8849.35
8680.3
8633.25
8734.75
8909
8810.8
8838.3
8838.3
8730.6
8681.25
8437.75
8512.55
8565.25
8552.75
8487.15
8510.65
8510.65
8526.2
8449.45
8426.5
8359.4
8340.3
8403.85
8444.15
8466.45
8467.4
8523.15
8619.15
8510.45
8588.6
8631.9
8672.05
8651.7
8658.25
8671.75
8767.7
8797.95
8700.25
8700.25
8687.8
8715.9
8715.9
8799.15
8835.65
8914.5
8931.65
9002.05
8922.25
8872.65
8800.65
8798.1
8944.15
8943.15
8719.05
8673.4
8714
8713.45
8710.85
8851.8
8857
8757.85
8703.05
8826.35
8859.7
8816.55
8847.95
8907.4
8781.6
8928.7
9024.85
9088.5
9059.55
9040.7
9112.2
8757.05
8610.95
8604.35
8717.6
8864.8
8896.95
8949.9
8919.9
8850.75
8805.15
8683.9
8753.35
8699.35
8808.1
8885.55
8886.35
8942.7
8853.75
8870.4
8711.35
8681.95
8791.1
8797.45
8836.15
8806.7
8892.15
8877.95
8901.7
8962.5
8920.65
8893.6
8869.1
8981.5
9004.3
9000.15
9198
9083.15
9013.95
8775.55
8586.35
8639.2
8792.4
8670
8685.55
8622.95
8520.45
8689.2
8404.85
8488.25
8697.6
8707.6
8693.05
8836.55
8569.1
8474.5
8467.8
8493
8455.6
8215.15
8180.15
8180.15
8180.15
8220.8
8155.75
8228.5
7578.6
7723.35
7609.85
7641.55
7690.75
7661
7708.55
7698.7
7669.9
7741.15
7868.65
7793.4
7626.05
7623.95
7640.85
7599.2
7599.2
7647.55
7634.45
7700.35
7757
7731.6
7883.85
7658.2
7855.2
7647.8
7692.5
7707.3
7619.75
7619.75
7672.95
7686.35
7628.15
7695.5
7403.85
7386.75
7352.35
7297
7442.6
7362.75
7303.8
7249.1
7249.85
7262.7
7337.1
7248.45
7248.45
7234.2
7217.65
7233.8
7165.55
7170.8
7187.45
7150
7132.95
7130.15
7111.05
7058.75
6987.5
7050.2
6986.75
6898.05
6850.75
6738.55
6775.6
6637.75
6551.5
6713.2
6649
6635.3
6632.2
6631.75
6616.05
6551.7
6597.1
6751.75
6901
6840.75
6812.7
6875.65
6943.5
6993.45
6986.6
6986.6
7025.55
6956.4
6979.75
7017.45
7010.35
7013.1
6949.4
6899.6
6910.1
6975.9
6982.1
6974.9
6922.15
6993.2
7132.85
7088.95
7038.5
7199.9
6996.45
6963.5
6904.7
6921.75
6938.35
6935.25
7030
6943.2
6975.25
6963.45
6970.35
6998.75
7007.5
7074
7074.55
7046.4
7115.35
7076.75
7032.9
7080.65
7064.55
7087.6
7117.95
7051.2
6977.1
7128.1
7147.15
7104.2
7104.05
7111.9
7143.5
7190.4
7123.9
7099
7096
7064.3
7140.5
7124.25
7190.25
7228.3
7371.35
7411.95
7287
7279.35
7210
7130.55
6996.35
7135.45
7163.25
7167.8
7076.6
7014.1
7145.55
7216.15
7315.5
7352.85
7139.8
7219.75
7015.05
6967.55
6993.3
7035
7031.65
7104.4
7067.5
7088.9
7029.9
7119.95
7123.85
7183.25
7187.2
7212.1
7219.65
7188.95
7052.2
7088.05
7100.35
7061.75
7058.35
7012.85
7012.35
6999.7
6995.05
6999.15
6920.65
6879.5
6882.9
6907.35
6956.25
6953.85
6826.2
6775.8
6884.1
6916.9
6874.45
6873
6958.65
6999
7053.25
7026.35
7006.9
7042.95
7069.2
7166.55
7169.1
7120.35
7155.1
7205.65
7047.35
6993.3
6835.8
6829
6831.55
6831.75
6831.4
6876.7
6898.7
6834.9
6804
6719.9
6752.15
6771.5
6833.75
6643.3
6641.3
6634.45
6571
6589.95
6651.95
6627.65
6646.55
6794.75
6970.2
6640.1
6545.1
6423
6442.45
6405.05
6284.9
6308.6
6362
6470
6457.9
6486.2
6500.7
6529.75
6642
6646.9
6694.9
6708
6659.15
6708.5
6556.9
6492.85
6493.7
6181.35
6148
5970.45
5974
5947.35
5956.05
5996.8
6003.9
6015.9
6001.45
6002.55
6006.2
6022.3
6098.75
6054.15
6059.1
6140.7
6080.05
6082.95
5999.3
6003.15
5985.95
6020.15
6017.15
6006.15
6007.7
6011.1
5991.95
6021.1
5989.55
5981.25
6000.05
6041.6
6061.55
6034.9
6069.8
6062.4
5961.5
6006.3
6021.35
6063.8
6150
6228
6218.05
6249.3
6253.7
6236.4
6227.05
6307.8
6299.75
6301.2
6393.5
6375.45
6388.4
6401.05
6433.05
6528.7
6426.85
6472.8
6666.55
6300.35
6260.3
6291.3
6223.95
6205.35
6240.6
6192
6167.5
6167.05
6197.5
6250
6250
6198.65
6214.6
6199.25
6129.35
6057.3
6306.75
6275.5
6345.55
6349.45
6384.15
6446.85
6386.55
6277.05
6355
6238.45
6452.75
6391.3
6400.4
6462.25
6503
6446
6448.45
6240.8
6264.75
6360.65
6387.15
6401.05
6452.6
6479
6443.4
6373.65
6367.35
6506.25
6261.35
6199
6146.35
6202.4
6149
6107.95
6122.75
6099.35
6074.15
6099.7
6117.55
6173.1
6208.7
6115.05
6130.5
6089.4
6198.6
6253.5
6235.3
6235.45
6222.2
6180.75
6144.1
6161.65
6162.6
6187.4
6169.25
6176.45
6279.05
6291.15
6198.6
6172.15
6282
6285.05
6304.75
6320
6313.95
6347.6
6359.95
6322.8
6299.65
5978.65
6002.6
5976.1
5999.65
5961.5
5802.95
5963.2
6000.6
5989.4
5962.2
5846.9
5851.5
5881.9
5864
5776.45
5728.25
5801.65
5830.05
5890.1
5895.35
5965.9
5690.6
5647.35
5679.1
5653.8
5605.7
5645.4
5618.25
5702.6
5742.6
5779.2
5756.2
5810.85
5763.35
5761.8
5717.1
5763.25
5739.1
5758.9
5742.55
5815.35
5769.5
5621.7
5407.25
5376.15
5372.5
5372.95
5449.3
5384.5
5365.9
5384.25
5524.3
5473.25
5332.9
5361.55
5578.25
5543.6
5193.25
5075.75
5059.3
5067.25
5030.15
5021.3
5045.3
5018.45
4975.25
4947.25
4907.6
4900.25
4900.1
4916.4
4913.35
4909.05
4900.1
4912.2
5051.6
5078.3
5109.6
5000.35
4958.25
4986.6
4995.1
5018.2
5071.3
4987.95
4994.4
4888.3
4843.85
4859.45
4867.4
4898.3
4921.1
4907.75
4866.55
4909.2
4905.85
4942.45
4886.85
4853.85
4854.25
4899.5
4825
4825
4839.2
4856.1
4851.3
4852.35
4849.05
4788.05
4795.1
4793.95
4780.1
4802.75
4853.75
4835
4839.55
4830
4832.95
4802.65
4846.35
4788.35
4694.15
4690.75
4708.3
4666.15
4732.9
4765.5
4784.8
4797.3
4798.85
4847.2
4817.95
4711
4604
4604.9
4603.65
4605.55
4651
4629.9
4676.1
4708.15
4720.6
4722.45
4714.35
4747
4751.95
4730.85
4806.45
4735.3
4638.45
4900
4900
4900
4900
4900
4900
4900
4900
4900
4900
4900
4900
4900
4934.55
4959.55
4925
4913
4960.05
5050
5070
4706.1
4625
4689
4756
4637
4637
4600
4604.1
4578
4578
4578
4604
4625
4604
4607.05
4625.05
4604
4605
4640
4605.25
4602.5
4660
4677
4650
4618
4604.05
4485
4465.25
4476
4460
4449.65
4401.1
4415
4417.85
4380
4410
4355
4368
4330.1
4351
4403
4479
4359
4330
4280
4245
4205
4200
4248
4248
4090
4150
4201
4200
4233
4250
4270
4345
4157.05
4157.05
4123.95
4120
4117
4117
4100
4100
4125
4125
4125
4138.5
4138.5
4126.05
4175
4049
4049
3987
4113.95
4150
4030
4030
4030
4060
4111.25
4200
4242
3989.85
3972.6
4025
4024
3981
3999.85
3972.6
4018
3960
3972.6
3999.9
3990
4013.95
4001
3892.65
3892.65
3892.65
3892.65
3892.65
3910
3909
3841
3830
3816
3863
3875
3890
3850
3910
3910.05
3844
3715.3
3675
3540
3575
3510
3410.95
3405
3410
3420
3420
3403.95
3306
3300
3280
3195.25
3148
3180
3110.05
3235
3223
3196.05
3215
3239.95
3170.15
3210
3205
3220
3125
3107.8
3106
3235
3325
3360.2
3400
3445
3474
3321
3375
3453
3435
3278
3246
3310
3360
3301
3310
3200
3350
3310
3309
3205
3015
3098
3021
3025
3055.1
3020
3037
3075
3052.55
3018
3017.7
3050
3008.95
3008.95
3008.95
3000
3000
3059.9
3060
3095
3100
3081
3064.9
3100
3100
3156
3156
3070
3070
3060
3025
3025
3045
3045
3012
3050
3012.05
2980.9
2951.5
2890
2924
2889
2930
2935
2968.3
2984
3000
3010
3020
3010
3010
3010
3050.05
3055
3054
3030
3064
3050
3070
3111
3070
3115
3115
3115
3125
3080
3130
3149.9
3120
3115
3127.2
3115.2
3090
3025
3040
3050
3056.3
3100
3030
3030
3050
3040
3040
3050
3050
3025
3030
3018.55
3020
3040.15
3100
3037.7
3054.5
3040
3040
3065.65
3100
3069.25
3081
3165
3205.2
3050
3060.05
3069.95
3069.95
3070
3052.05
3050
3000
3031
3020
3005.5
3070
3149
3090
2971
2971
2924.4
2999
2920.05
2896
2907.95
2925.1
2975
2975
3011.25
2950.1
2935.1
3006
2975
2960
3000
3000.3
3300
3300
3423
3375
3530
3550
3310
3360
3290
3250
2750
2750
2816
2800.05
3000
3200
3282
3285
3252
3156.85
3300
3343
3424.9
3350
3498.8
3575
3575
3750
3790
3865.05
3935.1
3935.1
3950
3891.25
3920
3851.1
3926
3959
4000
3901.25
3890
3875
3869.95
3870
3850
3805
3839
3845.5
3920
3860
3900.2
4045
4045
4170.5
4124
4131
4166
4140.05
3633.1
3675
3680
3716.25
3711
3750
3784
3784
3800
3824.8
3825
3799.85
3800
3800
3819
3735
3738
3725.05
3725
3739.5
3690.05
3710
3720
3717.95
3725
3671
3698
3690
3700
3780
3800
3800
3751
3765
3800
3690
3750
3724.15
3798.95
3711
3835.05
3800
3775.5
3670
3750
3850
3950
3950
4005
3880
3900
3871
3910
4019.8
4026
4055
4055
4070.05
4015
4039
4090
4125
4195
4200.7
4200
4200.05
4228
4200
4210
4300
4335
4335
4140
4170
4052
4120
4200
4270
4200
4132.95
4100.1
4080.15
4115.05
4115.05
4006.1
3970
3971.1
3911
3907
3860
3851.1
3820
3820
3789.65
3753.15
3715
3715
3775
3750.1
3740
3732
3739.95
3700.2
3650
3639.85
3700
3765.05
3550
3675
3650
3625
3525.2
3525.2
3525.2
3640
3715
3835.25
3879
3950
3900
3800
3750
3940
3940
3925
3950
3980
3925
4100
4050
3989
4050
4141
4230
4150
4196
3930
3909.95
3854
3845
3833
3927
3905
3918
3910
3869
3750
3651
3800
3914
3870.05
3950
3810
4000
3800
3820
4575
4705
4680
4710
4785
4782
4788.95
4971
5031
5180
5129.35
5140
5114.3
5080
5130
5090.15
4945
4873
4797
4797
4760
4760
4851.05
4919
4834.95
5080
5010
5075
5000
5000
4960
5190
5250
5470
4599
4660
4675.1
4901.15
4450
4468
4590
4345
4549
4595.1
4580
4430
4500
4624
4266.95
4306
4449
4475
4565
4749
4749.9
4760
4700.5
4255
4299
4320
4300
4260
4290
4260
4250
4269
4285
4280
4260
4275
4270
4251
4268
4250
4250.55
4275
4350
4268
4255
4275
4250
4122.95
4119
4170
4219
4179.85
4145
4122
4100
4100
4105.1
4100
4110.4
4190
4100
4100
4100
4119
4099
4096
4062
4077
4120
4099.95
4070
3990
4079
4100
4100
4105
4249
4260
4162.05
4196.4
4249.5
4385.65
4405.25
4377.15
4396.6
4397.4
4349.15
4400.8
4352.1
4308
4354.95
4320.75
4288.15
4229.95
4252.9
4292.2
4296.65
4291.2
4313.75
4363.35
4323.9
4357.95
4365.5
4403.1
4393.75
4509.15
4477.9
4489.3
4487.8
4482.7
4509.3
4485.75
4686.6
4516.05
4779.9
4583.55
4548.65
4621.75
4527.9
4533.8
4630.35
4480.2
4335.7
4255.85
4199.3
4397.05
4383.6
4610.55
4711
4441.7
4558.75
4453.25
4409.75
4260.45
4261.1
3885.05
3898.45
3898.2
3847.2
3859.05
3870.7
3851.5
3852.15
3879.25
3876.65
3876.2
3861.9
3879.2
3850.6
3843.65
3892.7
3819.55
3447.9
3359.85
3347.15
3387.65
3426.6
3446.5
3371.9
3388.7
3399.65
3376.05
3200.25
3293.35
3233.55
3219.35
3201.5
3200.3
3201.75
3250.95
3263.4
3251.05
3241.4
3271.65
3273.1
3224.9
3165.9
3154.15
3033.4
3093.25
3194.25
3249.9
3257.55
3238.55
3249.6
3227.95
3164.85
3162.4
3242.1
3333.25
3458.25
3538.9
3500.6
3499.75
3531.35
3555
3588.5
3558.2
3589.45
3552.85
3531.8
3506.45
3593.05
3664.2
3707.9
3688.6
3788
3686.55
3588.65
3568
3601.8
3609.35
3541.4
3490.45
3488.8
3471.5
3507.85
3467.95
3473.5
3509.95
3556.6
3463.9
3485
3516.25
3531.45
3516.2
3519.65
3473.05
3520.9
3478.9

