2167.15
2131.15
2083.95
2088.5
2040.1
2040.1
2028.55
2006
2022.2
2004.35
2015.2
1972.4
1953.2
1938.4
1935.9
1985.75
1932.25
1999.55
2057.9
2077.5
2101.5
2118.8
2111.8
2106.05
2094.8
2081.85
2052.6
2052.6
2060.65
2071.55
2088.15
1984.3
1962.15
1979.9
1977.2
1950.1
1950.1
1950.1
1998.3
2047.8
2016.35
2048.05
2069.65
2055.25
2064.15
2117.95
2154.2
2165.95
2176.35
2186.7
2176.7
2176.7
2160.75
2142.45
2158.15
2153.1
2166.85
2183.8
2189.7
2195.25
2191.55
2202.85
2226.9
2198.75
2173.35
2173.35
2144.05
2101.25
2157.15
2127.75
2127.75
2138.15
2082.05
2154.85
2100.9
2058.8
2058.8
2033.8
2048.5
2026.75
2034.25
1984.3
1979.1
1947.9
2010.3
2022.25
1971.95
1987.2
2045.5
2073.2
2106.4
1982
2063.25
2035.85
2197.55
2219.25
2263.95
2261
2297.35
2292.15
2241.2
2226.95
2235.65
2254.35
2280.7
2325.15
2277.45
2285.85
2244.2
2199.7
2204.95
2196
2183.3
2057.9
2115.45
2087.85
2033.35
1959.4
2011.5
1948.6
1944.85
1918.65
1917.05
1920.6
1882.15
1881.65
1881.3
1927.05
1962.8
1878.4
1830.25
1821.15
1786.6
1725
1774.8
1740.35
1734.5
1763.6
1783
1745.45
1743.2
1716.8
1689.75
1686.25
1706.8
1710.85
1736.1
1701.15
1698.7
1742
1707.75
1720.75
1740.95
1770.95
1807.45
1809.4
1809.85
1815.05
1834.85
1833.55
1846.55
1855.55
1852.4
1855.55
1842.65
1867.55
1827.7
1818.35
1868.15
1871.45
1815.5
1775.5
1814.25
1764.4
1568
1568
1579.4
1571.35
1559.9
1561
1607.3
1652.2
1613.5
1643.4
1698.9
1749.35
1769.85
1777.15
1777.15
1774.1
1751.8
1753.35
1705.35
1670.4
1666.7
1666.7
1666.7
1663.9
1668.65
1629.25
1624.65
1612.15
1643.1
1639.95
1638.2
1671.3
1680.2
1701.9
1656.4
1694.3
1676.6
1614.5
1649.9
1634.4
1686.75
1686.75
1727.4
1760
1735.7
1723.75
1728.65
1728.3
1723.45
1729.5
1779.95
1810.15
1824.3
1806.25
1806.25
1824.2
1761.35
1724.95
1708.2
1748
1768.3
1750.6
1767.55
1799.4
1790.1
1797.55
1824.8
1828.35
1834.3
1830.6
1830.6
1829.65
1848.5
1807.9
1785.9
1763.4
1749.85
1730.9
1726
1718.05
1705.65
1727.8
1703.5
1683.75
1757.6
1730.05
1688.45
1689.15
1676.2
1677.3
1669.8
1666.6
1666.6
1657
1681
1684.9
1700.35
1600.5
1605.2
1664.45
1662.4
1698.05
1734.05
1720.7
1763.3
1771.1
1786.6
1805.15
1765.8
1775
1794.95
1754.65
1740.5
1718.4
1765.55
1769.75
1764.65
1769.05
1807.7
1795.2
1802.5
1817.85
1816.5
1726.95
1721.95
1738.65
1716.6
1716.6
1675.05
1675.05
1682.6
1643.65
1656.9
1656.35
1667.85
1675.35
1675.35
1675.35
1652.25
1637.25
1639.5
1592.15
1641.05
1641.05
1613.5
1621.4
1656.55
1607.6
1615.95
1647.7
1647.7
1647.7
1647.7
1620.5
1641.9
1642.15
1662.35
1707.55
1678.3
1725
1696.75
1662.5
1597.95
1571.55
1657.1
1627.2
1610.8
1564.85
1538.5
1479.75
1442
1457.65
1453.7
1462.6
1467.45
1453.8
1453.8
1451.8
1460.55
1493.9
1514
1506.7
1529.25
1476.2
1481.9
1445.9
1445.9
1424.75
1430.55
1416.05
1412.35
1435.8
1462.25
1457
1454.65
1431.9
1476.3
1423.7
1370.35
1370.35
1397.3
1424.3
1411
1414.3
1402.15
1428
1406.95
1406.1
1392.95
1358.85
1318.8
1370.15
1330.85
1373.65
1430.95
1398.15
1390.35
1405.3
1398.65
1380.3
1366.85
1353.9
1366.8
1371
1365.25
1361.9
1377.85
1365.9
1398.8
1392.8
1389.9
1436
1422.45
1444.45
1465.2
1427.55
1395.5
1380.05
1353.2
1361.05
1303.1
1310.15
1325.95
1313.8
1332.7
1389.7
1315.1
1242.15
1243.15
1233
1174.45
1150.5
1151.2
1111.75
1111.05
1109.2
1089.35
1117.45
1123.1
1120.3
1120.45
1107.05
1107.05
1129.85
1125.65
1132.75
1114.15
1114.15
1132.9
1116.5
1100.75
1100.75
1101
1127.1
1150
1150
1140.15
1100.05
1089.6
1089.6
1062.7
1073.95
1099.8
1090.8
1091.3
1070
1056
1059.3
1054
1051.35
1038.15
1046.75
1060.7
1060.2
1053.75
1053.75
1061
1073.5
1061.05
1097.4
1079.15
1072.9
1081.75
1075.5
1056.15
1086.45
1086.95
1086.95
1091.45
1099.6
1087.6
1069.2
1070.1
1072.75
1079.35
1082.1
1080.15
1106.65
1099.9
1099.45
1125.15
1120.85
1091.25
1098.1
1087.25
1103.05
1063.25
1070
1053.85
1086.3
1100.15
1125.35
1112.5
1079.25
1095.7
1090.4
1113.95
1142.75
1150.6
1148.45
1142.95
1152.1
1169.1
1199.85
1202.7
1200.05
1203.5
1238
1242.7
1229
1218.7
1220
1206.25
1206.25
1199.6
1202.15
1189.7
1211.75
1200.15
1211.55
1187.4
1188.25
1224.45
1229.8
1269.45
1239.8
1234.8
1215.85
1242.35
1256.55
1248.6
1215.8
1190.9
1204.2
1203.9
1189.8
1153.35
1191.4
1208.05
1223.75
1207.5
1207.5
1174.7
1171.75
1211.45
1229.9
1233.55
1218.9
1238.1
1251.1
1251.1
1227.8
1213.9
1214.7
1208.1
1220.8
1215.55
1209.95
1234.8
1236.95
1216.95
1189.6
1245.9
1245.9
1265.25
1253.15
1271.6
1269.95
1263.2
1259.25
1261.15
1269.95
1248
1248
1242.2
1228.05
1209.55
1209.1
1191.6
1197.55
1218.9
1243
1193.9
1178.4
1186.5
1186.5
1188.15
1204.6
1151.2
1112.7
1112.7
1124.9
1079
1064.8
1138.55
1136.05
1069.05
1036.4
1048.05
1128.45
1096.75
1040.7
1037.25
1106.8
1135.5
1225.25
1247.85
1247.85
1201.3
1191.55
1127.1
1127.1
1117.65
1114.5
1177.4
1165.7
1173.7
1165.25
1135.55
1124.75
1139.75
1141.5
1165.35
1204.2
1198.4
1161.2
1130.65
1117.7
1091.75
1087.3
1048.65
1041.65
1020.65
1034.25
1020.75
1048.5
1026
1034.6
1087.6
1095
1065.75
1027.3
1042.4
1033.4
1043.15
1084.15
1077.1
1084.85
1080.75
1063.3
1055.25
1048.9
1059.75
1064.35
1065.7
1074.35
1061.4
1045.7
1040.2
1039.75
1059.6
1068
1082.8
1086.9
1079.15
1080.45
1073.45
1083.65
1094.6
1101.55
1104.25
1096.65
1079.25
1068.65
1064.55
1078.05
1049.3
1058
1057.4
1049.8
1033.5
1048.5
1048.45
1048.45
1027.45
1027.1
982.6
969.95
969.95
981.6
969.15
969.15
958.7
978.15
950.15
950.4
946
949.9
941.5
941.45
962.05
968.1
986.65
996.2
984.55
975.55
975.55
970.55
970.55
974.7
990.35
976.2
988.25
1001.95
1037.7
1034.85
1054.8
1041.5
1065.75
1069
1067.3
1057.05
1053.2
1046
1046.05
1036.4
1004.45
1048.45
1050.2
1084.25
1066.9
1049.6
1085.25
1059.4
1043.35
1047.85
1056.3
1048.2
1068.35
1059.55
1063.15
1072.05
1102.85
1095.9
1113.2
1125.35
1135.7
1163
1144.5
1153.05
1155.85
1136.7
1164.95
1170.35
1159.2
1143.8
1159.6
1152.05
1157.4
1138.2
1120.2
1138.9
1135.7
1136.2
1132.1
1121.6
1118.85
1117.75
1115.45
1095.7
1071.05
1058.3
1075.75
1078.55
1078.55
1068.85
1098
1101.2
1099.9
1092.05
1073.1
1078.15
1094.15
1101.15
1107.3
1118.3
1110.75
1106.65
1102.95
1097.35
1065.4
1063.15
1052.1
1052.1
1028.55
975.2
969.9
958.15
953.95
958.15
967.1
968.1
943
943
943
947.25
924.6
928.85
929.55
920.8
918.35
908
908.85
897.65
919.55
901.55
901.55
915.95
915.95
931.75
928.2
937.55
927.75
936.65
951.15
948
952.55
930.2
951.3
926.95
937.25
950.55
910.05
899.2
899.2
897.95
887.65
899.8
884.75
903.45
854.85
795.85
804.55
804.55
810.6
782.5
761.05
771.35
778.05
762.15
768.2
756.4
752.7
760
743
744.6
763
772.2
775.55
783.75
789.5
794.2
802.9
806.45
790.65
790.65
804.55
774.7
774.7
775.6
768.9
772.5
772.35
784.1
788.75
777.45
789.85
792.5
785.4
774.45
769.95
770.15
781.4
795.95
790.3
809.6
785.2
782.4
770.85
771.65
775
784.3
796.5
805.75
799.4
809.2
821.2
810.9
805.1
806.75
806.95
784.95
787
796.35
788.45
780.75
796
787.2
771.95
765.8
767.05
761.2
778.95
765.55
769.2
764.35
769.15
778.2
741.55
742.95
737.7
750.95
747.05
785.7
784.8
760.15
749.3
745.1
762.35
761.7
753.15
744.2
762.65
806.1
827.5
835.05
822.75
851.35
869.3
879.2
877.3
888
933.1
931
927.2
929.7
930.25
937.65
968.45
977.5
993.95
974.25
978.75
998.05
974.4
958.8
968.45
963.85
976.75
976.35
1005.55
1005.55
1005.55
993.55
953.3
944.6
915.85
944.1
939.8
951.95
950.8
942.1
941.2
911.3
888.1
891.4
912.05
913.15
909.1
904.55
904.45
880.25
870.7
871.85
867.55
874.05
880.25
879.95
867.15
842.05
861.75
857.05
863.15
894.95
905.15
905.15
918.3
857.7
840.95
849.35
865.5
852
848.7
852.55
852.7
852.3
837.85
816.25
818.3
802.3
833.25
830.1
830.1
822.25
803
819.4
826.85
818.55
815.05
805.05
819.35
793.35
781.95
760.9
753.35
754.85
760.85
754.95
748
726.3
740.15
745.6
757.05
753.95
763.35
749.8
748.1
776.15
762.8
794.35
828.45
835.2
866.85
878.2
884.65
917.65
904.85
902.15
910.65
910.65
914.35
904.8
896.95
901.65
897.3
887.6
890.1
865.65
913.9
898.3
907.55
912.5
919.25
888.1
915.75
929.2
935.85
933.85
939.5
947.45
950.95
948.95
900.25
916.5
890.5
874.7
878.2
881.8
883.55
896.05
892.65
887.4
881.55
876.15
893.4
883.35
899.45
877.5
865.95
881.85
886.1
913.25
913.5
919.55
911.75
911.3
920.05
926.35
955
933.2
949.3
937.75
922.3
923.15
907.05
899.9
944.8
948.7
959.75
962.3
924.4
914.2
924.1
876.1
824.8
834.65
864.65
848.75
848.85
853.75
872.55
872.9
874.15
892.55
892.1
890.65
875.1
902.75
935.85
952.4
980.85
949.2
953.6
953.15
945.55
962.5
951.55
954.9
915.6
905.8
907.45
915
919
920.5
911.95
914
911.1
911
904
895
888.2
899.5
909.75
904.5
903.15
899.9
895.45
896.7
870.45
851.15
848.2
848.05
861.5
860.85
901.95
904.85
914.05
918.15
918.15
921.4
924.15
911.55
905.1
905.5
908.35
926.65
899.9
884.05
849.65
846.3
820.1
829.15
850.85
858.9
845.85
834.55
834.5
809.15
820.75
809.9
822.15
824.65
832.1
835.5
803.75
827.35
829.25
853.25
867.3
863.05
873.9
876.05
873.2
880
880.75
890.55
889.35
889.65
883.65
893
895.2
878.1
882.55
886.4
877.9
876.1
869.35
843.65
824.85
814.35
802.45
802.25
795.7
791.85
782.7
775.95
764.75
767.7
763.55
766.8
769.2
767.6
779.45
765.3
762.35
762.7
758.85
756.65
773.8
789.2
795
793.75
774
758.8
746.3
781.25
780.25
781.05
762.75
803
784.45
775.55
778.85
763.95
735.55
734.4
746.5
759.7
770.95
771.25
759
749.35
750.25
752
741
740.35
746.1
740.85
734.75
736.35
735.35
740.55
726.45
744.3
762.65
763.15
750.6
762.8
784
799.85
834.65
841.65
836.75
841.45
832.05
837.65
828.1
823.65
836.5
835.45
835.4
838.05
826.75
821.2
819.55
788.15
782.05
768.05
740.3
725
748.75
751.85
752.25
748.65
762.45
773.4
748.55
739
724.3
746.95
782.75
778.95
792.45
791.5
801.8
803
801.95
808.9
817.2
833.45
831.95
829.8
836.95
845.5
840.55
835.05
835.95
846.05
818.5
822.2
837.5
837.4
830.95
824.7
843.25
829.45
838.95
843
849.75
858.6
856.85
852.3
874.55
868.95
876.1
880.05
868.85
863.45
875.45
857.7
858.65
868.6
871.8
878.45
868
864.45
877.85
895.25
877.7
842.35
866.05
864.1
880.4
873
871.4
832.25
839.8
836.45
819.85
813.05
809.3
813.75
805.05
801.4
809.25
817.85
851.95
832.25
797.85
816.85
814.95
802.95
803.8
820.35
796.15
799.3
806.35
807.1
814.3
812.95
814.15
810.9
791.65
773
774.85
783.4
787.65
805.5
818.5
832.1
824.45
817.7
818.65
780.15
778.35
776.75
781.65
787.7
785.15
766.75
763.85
768.4
769.65
768
762.1
759.45
757.35
798
779.3
776.65
787.05
788.8
805.25
767.9
765.25
773.25
772.2
780.4
761.4
762.7
758.3
745.1
740.05
749.4
723.25
713.45
709.75
721.1
731.15
708
722.8
710.3
738.1
736.9
750.55
763.75
777.65
772.85
763.55
780.5
777.9
774.15
793.35
767.25
754.4
773.3
801.6
821.5
823.75
825.6
806.5
846.45
838.3
830.6
831.9
833.1
838.65
802.05
834.8
885.85
928.3
928.3
941.5
957
957.4
958.1
945.3
922.95
907.75
901.65
906.3
892.6
895.5
879.55
865.65
869
871.1
878.05
879.4
862.35
856.3
851.7
848.05
853.55
854.2
857.3
864
863.1
866.95
860.4
856
841.9
843
842.1
803.9
804
807.85
830.9
836.05
849.6
850.3
848.05
835.75
844
842.75
837
849.05
858.05
825.5
933.2
933.2
933.2
933.2
933.2
933.2
933.2
933.2
933.2
933.2
933.2
933.2
933.2
956
943.1
945
943
920.75
942.8
939
964
956
920
911.8
877
877
880.05
895
909.25
909.25
909.25
879.45
878
870
867.7
861
869
862.95
870
850
865.7
842
855
840.15
868
857
840.25
847.2
842
803.7
810
831.6
840
843.4
847.9
828
849.15
868
845
833.2
824.5
837
831
828.9
833
828.7
818.5
764
795
795
829.95
843.75
855
912
937.45
949
976.7
969
977
977
972.35
966.15
976.5
976.5
959.75
928.1
932.2
938
970
1019.4
1019.4
952
946
967
967
968
966.45
980.1
975.2
975.2
970
987
999
996.8
985
989
1010
1005.55
1017
986.4
978
957.1
973.2
1004
1027
982.2
969
946
940.5
904.35
904.35
904.35
904.35
904.35
934
915
870
878
862.1
884.9
911.7
968
891.35
890
872.5
856
852
890
868
873
841.5
825.15
863
859
851.45
828
838
825
767
775.7
798
795
781.75
818.5
890
872
837
868.8
924.5
900
900
897.95
866.95
885
895.2
878
895
945
920
928
992
915.3
929
912
973
954.1
945.1
938
964
925.05
858.9
880
781.15
778
766
774
775.05
715
652.75
548
536
522
518.8
518.5
536.55
541.95
550.55
546
556
523
523
523
535
590
559
514.9
520
537.9
530
532
514.9
551.95
517.5
517.5
509.9
509.9
516
489.85
489.85
461
461
460
441
427.2
452
423
416
416.15
426.75
404
396
390.2
345
363.55
354
335
345.35
345.35
345.35
360.5
377
395.05
390.15
404
425
413.55
419.95
442
430
430
438.9
433
468
464
482.1
460
440.05
430
414.15
420.9
420
425.25
450
464.95
469.9
478
508
502.05
505
505
510
495
520
520
550.05
531
550
531
548
557
570
570
597.1
585
580
575
560
600
578.95
589.5
568.05
568.05
580
570
550
546.25
557
569.55
571.9
570
552
572.3
537.1
537.1
506
552.5
547.5
530.45
509.8
480
461.3
461.3
474.7
449.8
435
449.8
483
555
575
586
600
600
625
650
599.9
605.1
611
633
609.8
550.1
495
495
498.45
465
460
577
635.1
662
670
646
675
690
760
780
751
780
780
790
830.05
969.9
967
967
944.9
922.25
1005
1020.2
1065
1080.25
1119.7
1079.9
1066
1050
1070.2
1138.7
1140
1177.15
1210
1202.25
1225
1190.2
1260.7
1285
1285
1260
1301.6
1300
1320
1310
1300
1275.5
1255.1
1325
1317
1350
1330
1330
1356
1370
1420.25
1325
1352.7
1326.05
1298.9
1252
1340
1320
1295
1245
1297
1260
1235.25
1221.85
1101.2
1053
1075
1085
1099.9
1085
1155
1177.1
1185
1192
1150.25
1154
1107.95
1072
1100.2
1097.2
1165
1199.95
1252.9
1249
1210
1236
1295
1364.9
1365
1385
1335.2
1300.05
1270
1290
1215.15
1272
1307.35
1315
1355.05
1419.85
1400
1435
1455
1472.5
1473
1461.55
1530
1589
1570
1551.9
1549
1549
1465.25
1460
1452
1468
1470.05
1500
1496
1500
1514
1498
1432
1432
1509
1456.1
1428.65
1433
1455
1439
1417.65
1375.25
1375.25
1380.2
1393.1
1359.85
1359.85
1348
1372
1370
1383
1370.5
1388.2
1385.05
1380
1400
1440
1390
1360
1325
1230
1296
1296
1296
1275
1361.1
1440
1469.85
1465
1500
1452.25
1580
1580
1580
1600
1664.9
1720
1715
1762
1714
1729
1684.8
1695
1711.1
1770
1750.05
1789.95
1800
1700
1770
1800.05
1840
1860
1930
2005
2006.5
1951.25
1968
1942.3
1980
1932.2
1959.65
1789
1905
1900
1853.15
2165
2313.05
2294.9
2400.05
2445
2400
2339.95
2319
2135
2200
2237
2086
2152.5
2025
1991.05
1965
1836
1835.3
1844.3
1844.3
1800
1800
1824.95
1805
1777.8
1828.7
1789.9
1691
1700
1700
1700
1709.95
1635.25
1573
1571.25
1567
1565
1591
1595
1600
1575
1565
1525
1556
1590
1560
1555
1545
1540
1500
1565
1585
1603
1611
1590
1550.05
1550
1605
1540
1546.15
1528.25
1612
1610
1618.9
1525
1592.05
1658
1698.3
1758.9
1711
1703
1789.8
1689
1687.8
1640
1687
1732.95
1749.05
1578.85
1578.85
1518
1451.5
1463.45
1470
1475.55
1445
1450
1403.5
1380.15
1384
1386
1420
1412
1420
1356.5
1370.25
1372
1351.25
1389.6
1390
1380
1322.1
1321
1325
1337
1307
1282
1289.8
1265.5
1345
1306.5
1345
1414.95
1404.8
1414.95
1402.95
1465.5
1480.8
1455.35
1459.3
1495.95
1398.05
1388.4
1481.15
1374.3
1385.35
1452.9
1492.2
1539.3
1559.1
1552.5
1571.8
1577.7
1543.9
1522
1509.15
1365.45
1324.6
1325.6
1349.9
1366.35
1379
1391.5
1394.35
1369.05
1340.25
1314.25
1329.45
1311.25
1308
1322.2
1352.8
1275.85
1274.35
1264.5
1272.2
1286.4
1249.65
1271.65
1268.2
1281.15
1295.95
1318.5
1350.3
1355.05
1401.5
1401.5
1364.85
1369.65
1347.55
1311.55
1282
1291.35
1287.15
1273.4
1260.95
1279.45
1285.35
1276.5
1202.7
1168
1159.5
1157.5
1179.05
1186.15
1220.65
1151.3
1147.45
1147.45
1147.45
1139.7
1170.1
1179.9
1192.15
1142.05
1134.6
1100.35
1091.2
1105.65
1078.45
1032.9
1040.25
1041
1052.3
1040.65
1045.95
1045.95
1045
1025.85
1024.35
1064.9
1048.05
1048.95
1065.4
1065.4
1075.65
1060.8
1038.05
1034.9
1017.3
1012.8
1039.85
1022.8
1056.9
1087.35
1100.65
1156.05
1111.7
1118.7
1132.6
1179.2
1186.45
1187.7
1252.3
1273.2
1274.6
1299.4
1286.25
1309.75
1319.05
1317.45
1317.45
1341.7
1300.9
1329.85
1365.35
1400.85
1400.75
1269.9
1254.25
1273.55
1260.4
1260.7
1227.8
1227.8
1230.05
1230.05
1239.8
1248.75
1222.35
1214.35
1232.55
1246.05
1242.8
1248.95
1243.85
1246
1212.1
1253.55
1270.25
1294.8
1306.55
1301.95
1283.2

