697.349976
708.400024
691
682.400024
683.109985
684.119995
678.109985
682.73999
683.570007
708.01001
726.950012
764.650024
752
742.950012
730.960022
699.98999
713.039978
711.669983
725.25
706.590027
698.450012
701.789978
694.450012
714.719971
700.559998
726.070007
716.030029
714.469971
726.390015
743.619995
742.580017
741.840027
758.880005
771
776.599976
762.51001
748.400024
750.309998
750
747.77002
739.309998
749.429993
758.090027
743.400024
747.77002
738.869995
749.460022
751.609985
762.369995
763.25
766.809998
752.539978
762.380005
767.039978
742.599976
750.26001
748.150024
748.280029
755.97998
756.599976
738.409973
740
725.299988
728.960022
717
731.22998
735.400024
728.320007
724.890015
733.76001
731.25
728.109985
722.159973
721.109985
710.809998
716.919983
712.950012
708.48999
712.780029
702
651.789978
642.609985
650.280029
666.099976
662.200012
661.73999
651.159973
652.299988
646.669983
643.609985
639.159973
642.359985
645.440002
641.469971
626.909973
611.289978
608.419983
594.969971
594.890015
611.969971
625.799988
622.359985
622.690002
635.440002
629.25
642.900024
635.97998
635.140015
623.23999
625.77002
621.349976
612.719971
614.659973
600.700012
606.25
614.340027
597.789978
618.25
630.380005
637.609985
628.619995
582.059998
589.609985
612.47998
646.830017
660.900024
656.130005
660.869995
657.119995
656.450012
659.559998
660.780029
633.72998
635.299988
642.679993
643.780029
629.25
631.210022
625.609985
632.590027
631.929993
628
627.26001
623.559998
644.280029
662.099976
662.299988
663.02002
672.929993
579.849976
560.219971
561.099976
546.549988
530.130005
520.679993
516.830017
525.02002
522.859985
523.400024
521.840027
520.51001
521.52002
531.690002
535.22998
537.840027
540.47998
538.190002
536.690002
536.72998
529.26001
528.150024
527.200012
532.330017
534.609985
536.690002
526.690002
526.830017
533.330017
536.700012
540.309998
539.179993
533.98999
532.109985
539.780029
539.789978
532.320007
540.109985
542.51001
539.27002
537.359985
532.299988
533.849976
538.400024
529.619995
529.039978
535.700012
538.219971
530.700012
524.219971
530.799988
540.780029
537.900024
537.340027
549.080017
553.679993
555.369995
565.062561
547.002472
539.367458
533.972413
535.382408
524.052386
533.802391
532.532429
530.392405
539.172466
540.012416
540.782472
541.612446
537.022404
536.767432
535.532417
542.562439
548.002468
552.032502
548.342512
555.172522
558.787539
570.192597
558.81251
560.362537
557.992512
559.502513
550.842471
554.512509
547.322503
555.512505
551.182515
555.012538
568.852557
567.687558
575.332609
573.372583
573.64261
571.342601
558.402511
555.482516
543.872489
536.092424
531.912381
538.952441
542.872432
539.702422
542.842443
549.012501
542.932472
535.972405
536.942412
527.832406
531.002415
527.582391
522.762349
529.2424
528.482381
534.522445
510.6623
510.002318
518.63237
535.212448
539.952437
534.392388
518.042373
506.902294
508.082288
501.792271
500.872267
496.182251
492.552239
496.172244
502.682285
501.102268
501.962262
513.872306
524.812404
526.402397
530.422394
530.332426
534.032392
528.772422
530.592416
524.872383
516.352313
511.102319
504.892295
495.392242
513.802351
518.662359
528.34241
526.062353
533.37244
526.982357
525.262369
537.312445
531.322384
533.752389
533.802391
541.832471
540.372473
541.082428
539.272471
537.502419
534.832438
536.992415
535.032449
536.512399
544.402446
545.38249
547.312465
550.292501
547.492463
541.012473
542.042458
545.922484
554.112486
555.222525
559.082538
550.312514
549.33247
548.902458
540.772435
539.782415
543.982471
532.712427
526.542369
520.842349
511.172305
524.512387
530.032409
537.942408
533.212394
544.492476
560.882518
572.502582
563.742534
577.352614
575.282606
570.082554
568.272597
577.36259
576.362594
577.1026
575.062581
587.992634
581.132634
587.372648
596.082692
589.272695
584.772622
579.95264
573.102616
575.622589
581.352659
583.102636
581.012615
589.722659
586.082672
581.982621
577.942611
577.332601
571.602592
569.202577
571.002557
577.862619
580.202654
582.562642
583.372664
584.492618
586.862643
582.162619
573.482626
574.652582
574.782577
562.732562
567.882551
568.772565
563.362525
566.376589
565.072537
573.152619
566.072533
571.602592
587.42265
585.612633
590.602697
589.022681
593.352671
595.982686
594.742713
589.472645
595.082696
573.732579
582.662648
584.782659
584.872627
579.182645
571.102563
576.08259
571.092587
582.252649
584.732656
582.33766
582.672624
575.282606
577.242632
576.002598
578.652627
564.622572
564.952579
556.362492
554.902495
553.372481
543.012465
544.282488
551.762475
551.352476
558.842499
560.552511
562.122552
556.332503
553.902499
544.662436
544.94244
553.932488
559.892559
560.082534
561.682564
565.952575
552.702492
545.062459
538.942465
529.772418
528.862391
520.632362
519.982324
526.652412
533.092437
529.922427
518.732375
511.002313
509.962321
515.14233
527.812392
527.932411
531.352435
526.662388
527.70241
517.152359
516.182352
525.162363
526.942391
534.812425
528.622414
536.1024
556.54249
536.442444
532.522392
530.602392
540.952433
564.142557
554.902495
538.152456
543.14246
569.742571
567.002574
567.162558
556.972503
559.992565
558.462551
1131.971918
1158.722002
1157.931941
1183.041986
1197.161999
1199.252083
1211.262039
1192.102079
1172.80207
1189.062036
1207.302054
1199.99203
1211.572035
1214.792073
1219.612082
1218.262068
1214.912028
1202.692058
1215.652097
1219.212151
1220.172036
1220.002089
1212.512071
1203.792115
1204.112036
1202.342118
1210.88208
1202.802088
1199.902094
1186.691975
1190.182065
1172.93195
1177.441963
1159.961986
1143.201984
1138.161914
1133.431963
1180.971997
1135.391922
1106.921912
1123.01193
1101.23183
1123.831888
1160.102036
1165.022028
1163.702033
1150.53198
1156.221939
1148.622013
1149.402027
1122.981911
1130.181906
1130.241944
1141.231977
1138.861917
1117.321972
1105.001897
1113.121955
1120.711956
1109.461919
1118.401934
1117.461899
1111.841904
1115.101886
1100.621886
1086.221897
1084.751805
1069.861826
1072.981881
1060.791808
1069.961809
1077.291806
1084.661869
1078.141905
1069.871873
1057.341785
1058.181837
1053.261845
1054.481857
1059.591768
1063.111877
1058.411823
1045.931848
1031.891724
1034.071744
1022.311744
1025.201753
1031.551709
1033.561782
1035.231717
1032.471772
1011.781743
1010.59175
1016.031752
1007.951699
1022.751743
1021.521745
1026.111769
1027.041757
1030.581776
1030.421755
1036.241716
1015.001719
1015.201747
1025.551754
1031.411782
1007.001739
1003.301698
1011.411708
888.791495
898.031521
882.011527
876.111494
871.991487
868.241516
855.861463
853.671458
865.741514
872.351475
876.091522
887.991509
887.001544
875.911528
876.391532
878.171497
877.231523
886.841522
886.501507
903.111535
898.391569
903.321548
886.1115
887.761524
889.071533
893.061537
896.191517
888.67154
888.051548
879.581489
879.561517
871.6315
860.381462
846.901475
855.431451
848.551438
850.151471
866.391464
870.211522
873.711475
869.331464
865.421471
865.651456
856.911467
859.661487
869.811468
881.251485
885.511541
890.4115
892.661544
890.651532
896.571537
905.00153
906.571544
904.221578
887.751538
890.921523
882.271531
885.351519
887.701547
902.901521
903.801551
910.701536
896.601557
910.681564
918.551603
919.611594
924.691608
923.001578
920.241572
905.991557
905.241563
905.091527
893.491549
886.431543
882.311537
887.88154
880.371488
877.071501
873.651498
866.201484
869.791496
880.931503
884.741513
900.681558
900.621519
886.251549
875.041517
877.001476
871.981501
879.811535
890.22152
879.731524
864.641457
859.701493
859.101473
867.63151
871.221521
870.761489
868.311479
881.271518
873.321468
882.79154
889.421534
906.971536
908.531564
909.181575
903.871576
915.89158
887.101527
877.531533
880.2315
871.481464
873.631526
857.231449
861.551483
845.721469
829.611416
820.431429
824.571408
819.061382
801.421383
809.101381
813.451373
807.901403
800.111374
799.871342
765.911339
782.561372
793.37135
781.931333
790.051329
790.391345
790.181331
777.651304
774.851354
783.051362
795.071366
806.201387
813.041394
801.191398
794.191369
802.661367
812.421402
809.641362
810.311407
811.261367
814.71139
811.321406
807.791372
814.301411
821.541411
825.311416
827.611391
834.821433
831.521445
832.601408
831.381396
838.601424
821.501406
806.191401
801.201384
799.781345
790.13134
790.771365
799.711381
795.531336
792.461334
806.851398
792.891346
787.82138
782.861321
780.701335
782.421322
785.371369
773.951324
770.171333
765.741331
759.021279
775.601349
755.691272
753.831296
753.681322
750.731274
753.671274
754.211317
741.501296
702.871197
704.511235
711.321223
715.191211
724.931273
723.25123
739.99126
741.481263
738.121237
733.301227
734.751286
737.971262
723.671256
723.25123
707.38121
700.011208
706.2912
708.871213
709.501191
715.631209
722.361247
720.111264
721.07121
720.781248
701.961181
702.701189
697.561198
696.881167
685.421178
684.211152
691.13117
687.821196
691.031187
695.251176
698.37117
691.891211
683.67117
670.711131
661.151123
667.971158
665.87115
669.971123
668.21113
647.181085
647.261096
652.551123
659.051115
665.901169
663.031133
652.291119
667.12112
681.721197
682.961182
687.921179
687.59115
680.301158
675.151181
677.761151
677.301181
680.35115
678.671167
681.791161
695.001219
755.491306
744.7013
740.981287
744.751292
751.481269
744.561251
744.091294
757.841272
767.651298
768.051291
762.501321
756.991295
761.781285
754.501279
756.501305
753.461322
749.161261
749.38126
733.991244
728.121231
727.501238
718.281246
709.981194
709.681246
706.041182
690.881212
692.19116
700.771188
706.151212
699.401202
680.721185
681.041167
685.091148
681.681192
688.011176
677.25119
669.221129
678.631162
676.801144
677.181165
669.511153
675.541188
677.141159
672.871179
667.541146
668.661175
660.011122
642.001088
642.35109
642.231074
640.541105
642.821108
641.331105
628.751087
632.681113
632.971076
632.301092
634.961116
613.361071
607.991033
607.571068
615.511071
610.821064
593.060987
580.761007
576.730997
574.921012
576.520984
570.480963
571.190952
581.700981
586.011028
585.981009
595.921037
587.830999
580.470983
580.07099
564.310939
569.300956
564.680974
560.700956
571.480976
565.210969
577.511011
581.530973
570.850997
564.510966
559.050931
561.090963
565.100939
568.50097
580.451011
578.230986
580.570966
570.410999
578.590973
570.981
580.86099
588.230992
594.341038
591.53104
603.661013
609.461063
600.801024
614.111065
600.401031
623.051081
628.93108
611.111026
604.001029
605.231027
613.661081
609.151067
612.79107
607.551034
596.971042
611.021029
607.261072
604.431041
604.851067
614.981076
615.471065
609.721068
601.271042
597.60102
596.061026
599.301036
607.451052
609.571032
606.071018
624.601061
651.011129
635.961067
626.861091
630.841109
632.321064
635.151095
642.621081
646.921081
641.241108
648.411083
655.761114
647.021125
649.331085
642.591122
646.051131
639.981091
633.491085
633.981075
625.041059
621.131066
615.991074
617.781087
605.151016
600.251057
607.141056
606.80104
604.961036
614.251053
621.251082
622.401069
618.251043
618.391032
609.311028
609.901062
606.111023
607.941041
614.001035
604.641054
606.521064
605.561056
609.761073
612.201036
605.911058
611.461028
609.85107
606.771021
609.091029
596.331016
585.110998
580.83097
580.110995
577.691005
579.980993
568.100977
569.490997
580.931014
585.520977
585.990995
639.571112
632.911098
628.581079
624.991068
629.641069
625.961061
623.141078
622.461047
650.021102
659.011109
668.281154
665.411118
645.901096
642.401081
639.701114
640.251081
633.141084
629.701108
625.821073
630.371091
621.831069
625.961061
619.54108
618.07105
625.631093
625.391061
627.421106
616.051052
623.391096
623.771056
625.651065
620.361038
613.77105
599.391032
582.930979
588.190986
563.000991
570.110989
580.000965
580.941
594.881019
600.871049
611.471075
616.561075
613.001022
608.35102
595.081046
600.95106
612.341024
608.331048
596.141037
597.501037
584.820974
578.651012
592.641022
600.141027
598.670996
586.310977
583.161025
596.421013
590.491022
583.670987
580.700968
590.510994
582.41097
591.681015
558.990954
548.500958
543.180912
537.17091
515.120881
514.710902
504.700879
501.900867
495.520861
515.04087
527.500933
528.8409
539.340943
531.89093
525.510893
520.660865
539.200955
546.630935
546.67094
546.680926
542.56092
532.070924
529.520931
530.12089
524.850896
534.960932
534.030944
522.180887
524.84091
532.500936
540.960948
540.700944
539.080939
526.860908
520.040873
523.290869
518.820861
498.170868
490.920851
504.880873
533.150886
539.000928
557.230961
563.770958
562.130981
549.01092
573.410976
546.020929
579.041019
577.520997
601.171059
592.40099
606.771021
603.691033
610.941019
607.221066
622.521085
618.981066
618.231071
606.99102
595.351037
602.551031
594.940997
597.621053
528.940883
538.26092
534.010911
527.280934
531.990913
546.600915
535.360925
532.440897
521.0309
506.380861
497.570848
493.650838
482.800824
474.880824
480.220812
487.010827
493.000857
484.58082
485.020818
500.370859
502.950872
508.37087
504.730868
509.510871
516.730899
519.170862
519.030874
521.060919
523.080917
528.060886
525.60089
529.020894
520.900897
518.130905
519.670899
518.260907
518.39091
524.030877
531.250905
529.810894
530.460905
518.420868
529.550889
535.050929
535.450922
542.660903
537.680933
535.300948
534.270915
535.790937
533.890895
538.56093
544.100914
537.970896
537.760944
532.820918
525.050923
525.100915
525.730893
521.530875
526.840874
530.700938
578.510962
576.281013
570.610965
577.370961
578.160961
580.000965
574.181004
569.091004
587.681025
591.801031
586.761023
581.840969
581.731
575.361011
579.741022
586.891025
582.161012
577.32097
576.501012
561.060943
561.360953
557.100958
569.560961
569.990973
576.710964
580.300975
591.771012
592.310993
591.661043
600.621031
609.561046
600.791038
600.761019
613.401076
610.04105
608.821038
611.321039
610.211058
630.081068
625.261058
624.22104
624.151076
628.151067
624.501078
616.441059
616.501036
618.381046
614.291059
610.981024
610.151019
612.00107
611.041063
600.361026
600.991004
616.79106
616.501036
619.911054
611.081068
611.831063
626.771094
631.751064
639.631089
624.181096
616.691077
616.871071
616.011046
614.211048
616.441059
613.501059
609.071056
602.121019
604.35103
593.971003
598.861037
601.001051
598.921015
602.381024
604.231014
605.491031
603.071041
595.061013
590.801018
591.711034
590.301042
594.911039
594.621015
592.21101
591.501021
590.541014
587.140982
578.360988
573.000998
571.820991
564.350945
555.710939
582.111021
590.001032
594.971016
583.01099
591.220983
590.831038
596.561002
583.550971
583.720979
595.470992
603.29104
617.191053
622.881073
624.82106
626.771094
625.081064
624.271093
620.181044
615.601068
615.001048
613.701025
618.581073
616.471078
618.601045
616.501036
612.531065
611.991023
607.981047
607.831072
617.711062
601.451036
540.930929
543.300928
541.390899
538.840906
536.350891
530.010921
534.350926
538.2309
522.350894
525.620924
525.790931
527.690913
527.170904
530.410914
527.29092
513.480873
516.000877
513.46087
508.280873
490.150854
481.060833
480.640838
480.430825
482.270829
476.140811
476.180816
470.580793
464.400783
470.300816
463.180802
460.330799
450.020766
452.690775
458.83078
450.980774
454.620776
451.390783
464.070785
462.020798
467.970792
482.150812
490.520828
485.590819
486.35083
492.01083
491.74084
503.710852
505.35086
500.220854
508.10088
506.320853
489.830841
490.410828
484.850841
484.990829
484.350835
492.630853
488.970848
490.060827
484.810836
477.500811
481.590829
466.18081
459.610793
494.020842
491.340847
489.200833
475.830815
467.490788
456.560794
450.20076
436.070761
436.550735
439.490765
444.950769
454.260789
472.080812
472.680802
475.100823
482.05083
486.250847
488.560838
500.030844
500.080866
501.270859
497.990843
483.190831
488.50083
487.010827
474.020799
484.780816
485.520825
498.720866
505.600878
493.370861
482.370842
485.630824
490.46085
475.470827
477.070829
477.160826
472.050823
475.010826
494.430852
498.370864
507.970877
507.530879
510.880889
505.390865
509.05087
521.650892
493.140845
498.670844
509.760859
506.370875
530.600893
525.700873
532.000899
529.190902
529.060899
531.640912
544.990958
547.060947
554.300947
555.040955
550.10093
550.150921
595.301045
589.00102
586.771009
572.731007
566.220968
567.490971
563.540973
568.220994
571.010958
568.80098
567.120998
566.710958
562.450963
562.690995
562.880975
557.330944
549.000934
557.500951
560.000953
566.400962
565.56097
565.200983
563.180985
579.540995
581.140966
576.450959
560.190933
562.480982
564.210956
554.590971
545.320926
541.060931
532.690916
526.80093
526.430896
531.470904
535.070901
542.800952
540.760921
543.220917
538.210928
541.300902
533.120928
536.400943
534.450909
536.440949
533.47093
531.29091
526.780897
540.820899
531.120903
533.020884
529.940896
534.290888
542.100949
542.420931
540.000941
550.010933
582.98097
580.411005
587.620986
580.000965
589.850997
587.090991
590.481036
601.11102
602.021036
594.101005
608.261023
623.991055
626.751061
619.981079
622.731037
619.401092
622.871087
618.48109
611.681027
601.121006
598.681044
596.421013
593.941045
597.761042
593.140998
595.730996
590.510994
591.501021
589.020992
587.050985
586.250999
585.011015
585.740976
587.511017
589.87103
583.001004
579.760994
585.740976
583.091001
582.350992
569.960954
572.991012
576.650986
577.490978
576.281013
572.050976
567.850959
570.560974
566.760949
562.51094
551.100943
548.650933
540.330909
537.290926
533.990939
536.120906
551.050951
540.300951
548.290945
554.21095
553.690941
554.090934
551.100943
551.720935
552.090969
549.850972
529.910938
535.32092
526.110913
524.040924
516.250896
514.180906
517.540871
498.740868
488.520833
484.58082
487.200838
495.85086
498.530855
498.530855
492.480848
496.770862
498.460861
499.06085
497.000847
491.460832
491.720837
488.290847
477.540816
475.120826
472.14082
470.940811
463.970802
458.620797
461.300792
457.520771
453.010788
455.760778
461.670797
464.750785
466.060794
468.000811
471.370823
468.730803
465.240805
460.410779
443.970759
445.280768
444.890761
460.0008
462.280803
458.580792
453.940776
456.610785
457.100775
450.360782
451.140765
453.730763
452.210772
443.050757
445.640755
436.240739
439.850752
444.800764
446.720779
437.340765
427.69073
427.900743
430.170728
430.250739
442.600773
438.170739
424.690722
424.300715
414.400722
410.390715
402.490687
396.63069
409.610702
408.490703
418.990716
421.590731
424.140724
425.32073
415.770709
409.290689
405.680706
407.350702
420.090712
414.060707
415.160703
416.000725
416.770722
424.840727
429.000739
432.600736
435.620746
438.770759
444.32076
440.280765
431.650745
428.400749
426.560745
417.230723
410.400701
405.560689
404.36068
393.50068
396.500688
397.180688
398.880673
396.840673
390.000666
387.500664
389.540665
399.010676
407.980711
407.330699
396.610688
403.470698
402.990694
401.980695
393.69066
395.970693
391.470666
383.710657
385.950654
389.490673
384.690667
383.860662
381.47066
379.300657
392.240663
388.740679
379.500653
368.910644
378.110634
372.500625
362.000612
358.650603
368.24063
369.780624
362.500618
354.090598
348.060593
342.690586
347.700606
353.290612
344.070589
347.17058
348.600605
330.160559
329.94056
333.100559
335.340587
319.690535
324.420548
323.530565
317.910539
308.170538
290.890496
308.570531
305.640517
318.920538
325.480569
327.160551
337.990593
337.180591
341.640582
345.450592
330.060576
346.450605
342.640595
353.110618
342.660597
357.680609
363.050616
358.040627
358.510614
378.770662
371.280643
353.720594
343.000582
340.450589
340.570575
338.530574
343.320595
348.670599
331.480554
323.87055
324.700555
306.500511
303.080507
282.750497
299.670521
298.99052
300.970513
314.320528
312.690537
315.070553
325.190545
322.010543
334.060566
328.050564
321.320557
307.650529
303.110527
297.420507
300.360507
302.950505
298.020496
297.110511
310.170533
310.280533
315.24053
325.280572
310.670539
315.760539
300.220518
308.820519
305.970516
302.110514
283.990481
274.340476
279.430476
275.110473
265.990464
292.960516
292.090505
282.050494
257.440455
262.430441
259.560435
280.18047
297.420507
300.120505
310.020528
312.080531
291.000495
311.460539
318.78055
331.140569
331.22058
342.240602
366.940638
346.49058
359.360622
359.690621
358.000622
368.750622
329.490576
339.290585
352.320619
355.670597
362.750637
379.32066
372.54063
353.020591
339.170569
362.710632
381.020645
332.000563
328.980553
338.110579
346.010607
371.210649
386.910661
390.490656
411.720696
400.520681
381.000642
431.040739
439.600765
435.110754
429.270729
430.14074
449.150756
439.080755
414.490719
442.930771
433.860753
437.660747
433.750754
414.16072
418.660717
419.950723
444.250766
450.260768
464.4108
465.250791
463.290802
473.780797
468.580798
474.160818
483.010837
490.590852
486.530823
485.000846
490.500856
498.300839
510.150866
505.490879
500.030844
502.610856
500.840846
495.010838
479.120816
486.340844
479.850838
463.000808
467.860792
473.750809
482.700841
483.11082
477.120821
491.980841
475.620801
489.220835
477.110804
468.800797
481.320838
533.44091
535.600896
516.090874
521.620872
533.800898
540.570941
541.550921
554.530932
543.910934
537.000902
527.040902
534.730947
526.420909
528.070934
528.820928
551.00096
542.300915
545.210957
546.430908
560.20098
562.380938
569.460978
572.810957
571.510995
552.950933
545.20091
554.170945
557.870986
567.000982
586.300991
572.220984
567.300992
575.000962
585.801015
583.001004
568.240966
560.900983
544.620923
549.460966
549.990961
578.601021
577.520997
580.07099
581.000978
576.300985
583.001004
584.940991
573.200963
583.01099
579.001013
586.36103
594.900991
581.291002
593.081021
574.290973
558.470945
552.120928
544.060908
543.040923
546.490946
555.00095
537.790902
539.410907
449.540763
455.030786
446.840765
451.660774
457.450777
469.080804
464.190801
467.810801
476.820811
471.090816
455.120783
465.700806
465.710792
440.470745
438.080743
444.080758
458.190785
450.780777
460.560784
433.550757
432.000746
439.160766
419.870712
437.920752
443.010751
440.180751
439.840766
413.620709
433.35073
432.700749
447.700758
444.600768
457.020795
471.180813
475.390816
472.860826
464.190801
486.440827
507.80087
502.860875
509.000879
508.950888
529.640886
532.250918
534.620917
518.0909
521.160902
516.690894
504.950867
501.710857
506.800857
495.430864
515.900894
564.300953
548.270912
550.520956
555.980929
566.400962
574.491
548.620913
584.351018
600.251057
600.791038
615.951069
637.651097
653.821127
638.251117
646.731101
653.201135
631.6811
649.251136
657.001098
685.331181
685.191192
691.481171
702.531181
700.74123
710.841219
700.731183
696.691187
689.691158
677.371145
673.351182
669.231176
689.96121
694.051197
699.35121
699.201175
718.421234
714.871229
715.261235
698.511219
684.16116
681.531156
693.001193
697.001183
692.261185
673.571181
666.001152
676.701161
660.521145
648.541086
625.851092
633.631073
629.651055
641.681106
660.551103
632.071107
663.971168
693.841184
732.94124
741.791259
725.651248
711.251198
703.211212
707.001189
694.771172
679.231182
674.601152
668.51114
675.821164
675.771173
650.751124
644.711103
639.621103
633.481099
616.00106
620.111081
637.391092
622.001076
625.391061
615.181041
609.621024
594.051014
579.030972
584.020989
584.391023
582.551019
567.270972
567.500957
568.160955
569.000946
568.020967
560.100936
552.830978
546.850934
535.270928
525.30088
528.750903
524.780871
522.650904
521.33091
514.480855
519.350917
523.520915
527.800882
525.150906
515.250883
511.400867
512.880884
506.400864
513.260874
515.000864
512.190867
512.750881
506.610877
497.920849
500.040861
491.52084
497.550845
508.600886
515.500901
515.750859
514.730874
525.780884
516.02091
510.000861
503.000863
511.010891
512.940892
510.000861
516.110907
511.890887
508.000866
509.760859
514.000851
512.510879
520.120884
548.590955
549.500971
555.00095
552.990938
552.160933
545.330912
544.470949
543.340933
542.56092
539.400921
541.630932
534.34094
530.380894
522.700896
525.010918
526.290907
530.260939
527.420922
524.980898
514.110882
509.970873
514.310909
515.200891
505.890872
502.840872
505.24086
504.770873
511.34089
515.490854
515.060903
518.25086
518.840894
507.070878
500.400848
497.910863
498.600849
487.110841
483.520829
474.330826
473.970808
475.860803
470.600796
470.320819
470.960814
472.610807
458.000775
461.780796
466.740794
461.4708
469.250812
466.810788
467.270789
471.120805
473.230799
465.780786
469.000793
471.380809
479.010816
481.180819
477.990831
477.53083
479.08081
482.480842
471.6508
476.010808
472.800818
474.270818
466.290809
467.390805
464.530786
466.500792
468.210794
471.510812
471.020822
472.600821
458.5308
458.160796
460.920802
461.880779
463.6208
465.000803
461.830788
462.040801
456.550777
445.280768
447.230771
440.850765
446.190753
448.000768
443.030754
454.750779
452.960766
454.72079
455.640792
457.55079
440.950748
438.680763
448.230754
449.450766
448.770765
464.930809
470.620798
475.850817
475.860803
472.100815
469.940798
461.4708
465.930791
459.100801
458.290798
461.890796
471.030808
470.010792
471.480823
467.160789
481.500832
481.75082
501.500874
494.320852
492.470831
495.840843
488.090851
499.070867
479.050822
480.840834
489.750831
487.830846
497.280855
504.280853
505.000858
499.720848
489.460837
485.500822
483.580838
487.190821
483.260825
467.590802
460.480804
462.560779
468.0308
457.530787
455.580784
456.200776
462.900795
468.630789
462.800781
480.300822
482.120824
478.990814
481.780839
483.930839
484.110833
482.640833
488.710843
487.000841
484.850841
480.800829
484.810836
484.650845
489.500843
484.750828
505.000858
508.010883
509.65086
495.050844
498.79086
495.900851
491.93085
489.300846
481.030814
473.550812
472.63081
475.000809
472.570802
476.950813
471.800805
469.910809
467.500805
476.390829
476.570823
475.200806
485.100829
486.600848
473.31081
480.780826
459.670802
426.060739
419.310728
420.640709
421.750722
427.300723
427.440742
426.500737
426.650742
429.000739
420.500721
411.810693
415.700715
404.040698
401.440683
401.900684
403.580697
402.9207
406.870698
403.98069
403.780694
406.850696
397.000695
403.810682
414.690716
409.880692
403.98069
406.570688
391.900678
384.090647
377.85066
378.490654
380.140648
384.360668
378.600654
378.53066
380.750654
378.950655
380.950651
373.260636
373.730653
373.430643
378.290658
377.300662
383.360655
385.800649
387.720663
380.970653
369.430622
368.500634
374.20064
376.940644
381.000642
377.950643
373.850639
375.390633
367.230631
375.510649
386.600665
388.120656
382.400648
385.500669
389.360671
390.900665
390.110665
387.120674
399.00069
403.050702
407.890714
403.500686
408.830688
417.250725
424.560719
418.200716
420.45073
423.190733
421.460729
423.200719
419.330731
417.810709
406.110687
402.32068
404.220692
404.860687
399.95068
402.1307
387.170666
388.140659
390.700669
391.000679
384.390657
386.520654
381.540654
386.570676
393.300684
386.510668
389.99068
374.440642
379.440645
382.620647
371.820624
371.940641
381.350643
382.990651
381.250661
375.580643
370.950644
370.020626
370.99065
374.50065
371.300646
376.200635
374.130646
387.000658
402.980677
408.800699
394.78067
394.300666
394.750681
394.170664
394.800672
398.900676
417.940711
420.030734
425.970742
427.160734
440.500764
437.100763
415.000712
410.500715
404.240695
406.820707
402.160689
408.950704
409.660693
416.380715
406.160709
411.180715
407.990697
404.340708
389.700656
390.000666
388.440669
394.980666
377.200648
369.690627
365.800636
341.8906
340.220573
339.920594
348.190596
339.790592
338.770576
344.500601
351.160615
337.060574
337.500573
343.000582
353.880615
364.450622
368.100641
378.180658
376.450654
364.800624
362.620635
390.380656
377.400645
378.070659
365.49064
366.590636
368.750622
366.460634
342.38059
343.320595
345.70058
362.610618
358.770619
369.080621
367.920617
385.100646
381.55064
396.040687
401.780698
432.660744
426.820719
433.490749
434.270732
433.000729
443.030754
427.500719
399.460691
436.450752
444.910764
467.110798
466.250804
463.630786
471.630797
469.760804
466.900815
465.660801
451.240778
445.240762
435.23074
414.860723
420.15072
426.690717
424.64073
430.930739
432.040752
426.330729
429.740747
424.600725
430.150726
422.550738
418.960727
417.490727
412.61071
409.200692
410.650689
404.220692
404.540705
405.850683
417.70071
414.090696
404.910709
403.540692
423.480726
428.620748
422.860734
416.470712
409.360714
400.210685
403.450695
398.150682
392.800677
396.970675
390.400659
391.100662
379.150652
389.900683
395.030688
390.430678
385.950654
379.680647
379.380637
372.140637
358.170599
353.060596
355.440612
346.910606
348.650597
339.900591
303.200524
308.700533
303.280534
305.000522
296.140517
297.44051
300.970513
306.100518
310.650537
312.990547
312.750545
310.710545
311.000538
318.680536
316.460542
309.620535
306.000535
313.940538
314.280553
315.360546
311.370542
311.900537
307.910533
303.790527
300.200516
302.620506
303.000527
311.680538
309.740521
299.090503
295.390492
294.870514
287.110505
288.450502
286.25048
286.000492
287.270496
288.450502
283.580471
282.590475
282.570472
279.580481
274.010477
280.000476
279.99049
285.100493
285.650491
284.000497
289.720506
284.050489
285.68048
291.570496
291.250514
292.35051
297.730503
297.300521
299.190517
291.610501
287.760486
293.500497
296.930517
296.090495
295.850493
302.400507
313.940538
312.00052
309.900542
299.540518
301.190512
300.890502
298.860518
291.780509
293.350492
296.230514
295.540497
291.520505
295.710505
291.250514
294.150508
292.720514
302.000514
304.100523
297.250499
289.710489
289.30051
287.840496
286.700495
280.300486
277.440467
274.800477
278.350483
282.750497
282.500478
286.310488
279.560478
293.120507
290.940487
280.260481
287.900505
288.000487
277.27049
266.00045
259.200448
260.810436
256.000443
255.450446
241.61041
239.180418
239.160415
233.130395
231.050389
229.240389
228.720395
231.290391
227.800393
226.020382
228.020392
226.980389
228.500396
226.19039
222.290382
220.000379
219.450381
219.78038
218.750378
223.530382
215.810363
204.220356
198.100339
191.400336
186.970318
185.000312
191.450327
192.930328
193.96033
193.230338
192.050332
193.760334
189.220331
188.57032
185.29032
180.040314
180.510316
180.450308
179.570312
181.420317
179.250314
178.980308
178.600303
180.880305
180.040314
179.290304
175.600295
178.610304
174.990304
177.800302
179.980306
181.350307
185.200323
188.810322
185.900326
187.010323
185.180321
186.060317
187.990318
185.870322
188.890317
193.950329
191.370332
197.950334
197.900343
198.410335
195.230333
192.990336
187.400315
187.980317
191.580329
198.640336
196.030335
204.360344
210.860367
205.960346
191.900327
195.62034
190.34033
188.080315
189.240319
177.120301
180.720314
188.280327
193.92034
197.300338
203.900343
199.970347
195.330332
195.380338
193.540334
195.060341
193.85033
188.550317
193.51033
194.500326
202.710351
192.790325
197.600333
192.900324
192.760336
191.910328
187.900321
186.300319
183.750311
185.020314
180.080304
176.470305
179.780309
178.6903
170.450287
171.650296
173.430292
169.980284
171.430297
176.290296
180.400317
179.400304
179.960303
181.980316
181.050313
179.390302
174.760304
167.520288
165.100282
169.400298
167.540291
172.500289
172.540294
184.870325
182.000319
183.020319
167.860288
168.700295
172.550295
169.350291
184.700317
191.670326
194.870331
196.030335
190.640325
193.300332
185.97032
181.800307
187.400315
172.430294
149.380252
140.490243
147.940256
149.160253
144.110243
142.000249
140.900238
137.400238
135.260224
137.730237
138.850236
137.080241
138.370232
135.060228
132.580229
129.600224
131.080225
126.860221
118.260205
119.830203
120.820207
118.380206
117.840202
119.360208
117.4902
113.970198
112.000192
111.490192
107.500188
105.330177
102.310174
102.300173
101.580175
100.010169
101.510173
100.250171
102.370175
102.010172
106.150181
107.910182
106.000184
104.870176
109.400185
108.310183
100.340176

