72.599998
74.269997
73.040001
70.459999
68.75
69.669998
69.519997
69.709999
71.660004
72.860001
75.099998
76.339996
76.349998
75.059998
73.400002
74.040001
73.690002
72.18
71.860001
70.809998
70.230003
70.339996
68.879997
68.389999
68.480003
70.730003
69.639999
71.459999
71.839996
72.709999
72.830002
72.410004
71.870003
72.099998
72.690002
71.989998
72.220001
72.120003
72.059998
71.559998
71.540001
71.540001
71.830002
70.959999
71.010002
70.349998
71.139999
71
71.209999
69.599998
69.120003
68.120003
65.349998
65.720001
65.410004
65.010002
65.169998
65.599998
64.309998
64.059998
62.610001
63.150002
62.77
61.040001
60.02
63.349998
62.650002
66.040001
66.970001
67.82
68.230003
67.779999
68.540001
68.739998
67.769997
67.290001
67.480003
65.339996
65.959999
65.75
66.949997
67.550003
67.029999
67.080002
67.150002
66.389999
65.110001
67.970001
68.519997
67.230003
66.199997
67.449997
68.720001
71.150002
71.32
71.440002
72.440002
70.330002
70.459999
71.800003
72.339996
71.75
71.190002
70.849998
70.220001
71.389999
71.010002
70.059998
69.099998
70.360001
69.900002
71.980003
73.050003
72.559998
72.160004
72.25
71.82
74.489998
74.839996
74.269997
76.709999
73.730003
74.669998
76.970001
80.220001
80.480003
80.089996
79.400002
79.230003
79.190002
78.239998
78.709999
78.760002
78.370003
79.239998
80.68
80.010002
79.93
80.370003
80.110001
79.07
78.699997
78.889999
79.410004
79.82
80.410004
80.169998
81.18
80.440002
80.279999
79.459999
79.559998
80.18
79.470001
78.190002
78.410004
79.349998
78.790001
78.860001
78.68
77.739998
77.879997
79.550003
78.709999
78.379997
78.410004
78.620003
78.419998
78.32
77.800003
77.760002
77.290001
77.809998
77.93
77.209999
75.919998
75.339996
75.5
75.550003
76
74.980003
72.809998
72.589996
73.110001
72.940002
72.949997
73.559998
73.290001
72.879997
73.830002
74.489998
74.709999
73.459999
73.739998
74.800003
74.839996
74.849998
74.239998
73.519997
73.32
73.900002
73.470001
72.709999
73.849998
75.330002
76.199997
76.610001
76.25
75.830002
76.010002
75.279999
74.419998
75.440002
74.510002
75.290001
75.160004
76.07
75.669998
76.080002
73.940002
75.32
75.559998
75.199997
75.379997
74.919998
74.989998
74.779999
74.169998
75.510002
75.449997
75.779999
74.910004
75.389999
74.720001
75.400002
74.300003
74.279999
71.449997
71.029999
71.75
71.32
71.709999
71.949997
71.650002
73.089996
72.620003
72.190002
72.480003
71.93
71.470001
71.690002
70.699997
70.32
69.559998
68.82
67.589996
67.709999
67.82
67.629997
68.169998
68.489998
68.809998
68.510002
67.010002
67.059998
67.900002
67.120003
67.650002
68.839996
69.5
69.769997
67.209999
67.339996
67.629997
65.870003
67.650002
67.800003
67.110001
68.120003
69.510002
70.269997
69.43
70.32
70.779999
70.699997
71.099998
70.839996
69.400002
69.860001
69.550003
68.660004
68.559998
71.290001
71.019997
67.830002
70.25
69.800003
69.150002
68.889999
69.199997
68.510002
68.209999
67.790001
66.690002
67.269997
66.32
66.739998
65.910004
65.379997
66.75
67.449997
66.550003
66.099998
66.169998
65.300003
64.650002
64.839996
64.900002
65.540001
64.459999
64.410004
64.010002
63.32
64
63.099998
62.669998
62.450001
61.970001
62.669998
62.110001
62.25
62.259998
61.16
62.189999
61.52
59.950001
58.77
58.68
58.509998
58.470001
59.939999
60.630001
61.610001
61.049999
61.830002
62.41
61.060001
60.279999
61.110001
61.330002
61.490002
61.200001
62.279999
61.970001
61.970001
63.099998
63
63.599998
63.860001
63.470001
63.93
63.77
63.700001
63.419998
63.389999
63.009998
64.480003
64.480003
64.360001
63.990002
64.199997
63.700001
63.52
63.900002
63.68
63.610001
63.759998
63.59
64.139999
57.459999
57.880001
57.009998
57.189999
57.450001
58.049999
57.68
57.560001
57.790001
55.91
55.77
55.23
56.880001
56.099998
55.560001
55.610001
56.040001
55.82
55.119999
55.330002
55.450001
54.41
55.57
55.939999
56.639999
56.790001
57.360001
57.529999
57.360001
57.740002
58.220001
58.119999
57.709999
57.360001
57.189999
61.68
61.48
61.689999
61.66
62.82
61.52
61.43
61.529999
61.549999
60.689999
60.189999
60.48
61.139999
62.25
57.990002
57.689999
56.619999
56.41
54.299999
53.779999
53.5
54.599998
56.299999
55.740002
55.419998
54.700001
54.720001
56
55.630001
55.259998
56.240002
56.400002
57.009998
56.740002
56.720001
56.759998
56.919998
56.889999
57
56.650002
56.439999
56.02
56.259998
56.330002
55.310001
55.330002
55.09
55.09
55.43
54.880001
54.970001
55.200001
54.740002
55.450001
56.360001
55.450001
55.380001
56.68
57.310001
57.220001
56.419998
55.48
55.400002
55.669998
55.59
55.200001
56.290001
58.029999
57.580002
57.849998
57.91
57.720001
57.189999
57.66
59.290001
59.400002
59.400002
59.389999
59.41
59.709999
59.82
59.84
59.900002
59.77
59.880001
58.02
58.029999
57.490002
57.099998
57.439999
58.02
57.259998
55.91
56.27
56.700001
56.66
57.099998
57.240002
56.139999
55.790001
55.509998
56.32
56.5
56.619999
57.27
57.509998
57.349998
57.59
57.950001
58.669998
60.099998
60.57
61.189999
61.59
60.689999
62.869999
61.540001
59.700001
59.889999
59.610001
60.98
61.200001
60.32
60.700001
60.110001
60.93
61.470001
61.59
60.080002
59.560001
60.029999
59.029999
59.490002
60.48
60.459999
61.310001
60.740002
61.080002
60.200001
59.810001
56.369999
56.48
56.290001
56.939999
57.349998
58.790001
58.490002
58.400002
57.939999
58.330002
58.700001
58.880001
59.259998
59.490002
59.240002
58.470001
58.009998
57.279999
57.220001
58.009998
58.110001
57.529999
57.77
57.779999
58.57
59.34
59.169998
59.5
59.75
58.98
59.369999
58.919998
58.889999
58.82
57.369999
56.75
57.049999
57.830002
57.540001
56.700001
56.349998
57.139999
58.77
57.75
57.900002
57.779999
56.459999
56.59
56.75
57
58.110001
58.189999
57.650002
58.490002
57.919998
57.330002
57
56.830002
57.139999
57.360001
57.330002
57.470001
56.959999
57.380001
56.389999
53.880001
53.970001
54.369999
54.48
54.650002
55.59
55.049999
55.450001
54.400002
53.369999
54.09
52.470001
53.5
54.5
54.599998
54.349998
54.25
54.73
54.119999
54.869999
55.25
55.790001
55.419998
54.669998
54.060001
54.18
53.779999
54.23
54.23
53.82
53.540001
53.299999
53.450001
53.650002
53.900002
53.959999
53.77
55.650002
54.779999
51.799999
52.119999
52.009998
51.110001
51.360001
52.43
50.43
51.639999
51.169998
50.509998
50
50.209999
49.880001
51.330002
52.290001
51.130001
51.18
51.200001
51.09
51.669998
50.349998
51.09
51.32
50.189999
48.639999
53.549999
52.799999
53.669998
53.93
54.48
54.419998
54.450001
53.860001
54.470001
53.84
54.080002
53.259998
53.32
52.790001
52.59
52.799999
52.68
53.419998
53.439999
53.580002
52.490002
52.389999
52.029999
52.09
52.18
52.830002
52.709999
52.09
52.150002
51.630001
51.82
51.299999
51.900002
50.470001
49.900002
50.310001
50.279999
50.240002
49.849998
50.360001
50.400002
50.73
50.119999
50.540001
50.619999
50.580002
50.950001
52.220001
51.080002
50.07
49.810001
49.790001
47.77
48.110001
48.18
48.77
48.029999
47.759998
47.48
47.790001
47.459999
48.200001
48.919998
48.650002
47.57
46.34
46.560001
44.950001
45.450001
46.029999
45.509998
43.799999
43.959999
44.369999
45.029999
44.389999
45.040001
45.75
46
45.400002
46.049999
45.540001
45.52
46.279999
46.220001
46.77
47.16
47
46.84
46.369999
45.060001
44.970001
44.650002
44.849998
44.630001
44.639999
43.02
43.34
43.380001
42.990002
43.360001
43.720001
44.599998
42.330002
42.919998
44.09
42.700001
43.119999
42.950001
43.459999
43.630001
43.970001
43.279999
44.200001
44.130001
43.830002
44.950001
44.389999
42.939999
46.57
46.799999
46.43
46.599998
47.939999
48.759998
50
49.860001
49.580002
49.509998
49.310001
49.41
48
47.59
48.470001
48.700001
47.959999
47.18
46.599998
46.709999
46.990002
48.119999
47.98
48
47.73
47.77
48.5
48.619999
47.630001
47.299999
47.220001
47.110001
46.950001
47.169998
47.290001
48.240002
50.290001
49.330002
49.25
49.57
50.459999
50.209999
51.049999
51.689999
52.07
51.549999
51.549999
51.610001
51.540001
52
52.860001
52.700001
52.509998
52.939999
52.450001
51.18
50.25
50.110001
50.16
50.740002
49.720001
48.830002
48.970001
49.849998
50.639999
51.060001
50.66
51.07
50.07
48.540001
48.82
48.849998
49.66
49.709999
50.540001
50.77
50.790001
51.349998
51.220001
51.759998
52.310001
52.540001
51.77
51.349998
52.099998
52.720001
51.540001
51.900002
51.470001
51.060001
51.009998
50.950001
50.990002
51.279999
51.290001
52.48
52.32
52.34
52.290001
53.740002
55.060001
54.610001
54.529999
54
54.919998
55.599998
54.860001
54.59
54.290001
53.759998
54.73
54.389999
53.73
54.02
54.950001
53.189999
52.599998
52.380001
52.599998
52.200001
51.630001
52.189999
50.549999
50.18
50.330002
50.18
50.290001
48.98
48.700001
46.759998
48.490002
48.619999
48.91
48.560001
48.060001
47.580002
47.650002
46.900002
45.900002
46.349998
45.650002
45.990002
47.610001
47
46.82
47.169998
46.950001
46.84
47.099998
48.209999
47.560001
48.080002
48.189999
47.799999
47.459999
47.779999
47.41
46.299999
45.689999
46.5
46.93
46.639999
46.880001
46.549999
45.889999
46.299999
46.630001
45.860001
45.5
46.540001
47.220001
46.84
47
46.759998
46.200001
46.27
46
45.75
47.259998
47.130001
46.139999
44.75
45.25
44.75
44.689999
45.130001
44.459999
43.860001
43.610001
44.209999
43.380001
42.549999
42.709999
43.200001
42.77
43.009998
42.060001
42.290001
41.639999
41.669998
42.139999
41.380001
42.130001
42.380001
41.939999
42.27
42.490002
41.759998
42.889999
42.669998
42.27
42.41
42.02
41.939999
42.299999
42.32
42.610001
42.299999
42.09
42.419998
42.700001
41.82
41.290001
40.959999
41.220001
41.43
41.380001
41
40.369999
40.41
40.5
40.849998
40.869999
41.360001
41.360001
41.080002
41.139999
41.32
41.450001
41.48
41.220001
40.950001
40.720001
40.860001
40.470001
41.02
40.91
40.939999
41.450001
41.32
40.439999
39.990002
39.470001
39.630001
40.580002
39.939999
40.09
40.57
39.93
38.700001
38.32
38.93
39.389999
39.23
39.709999
39.060001
39.470001
40.290001
39.720001
39.860001
38.959999
38.709999
39.450001
39.200001
39.259998
38.919998
39.18
39.09
39.66
38.970001
39.77
39.869999
40.360001
40.009998
40
39.75
39.919998
40.040001
39.32
39.330002
38.830002
38.950001
39.07
38.450001
37.799999
37.880001
37.709999
37.220001
36.82
37.759998
37.720001
37.779999
37.32
37.080002
36.549999
36.009998
37.080002
37.650002
37.900002
38.07
37.389999
37.009998
36.049999
35.740002
34.799999
35
37.130001
36.450001
36.060001
35.970001
36.599998
35.759998
33.790001
32.549999
32.23
32.84
32.400002
31.940001
32.080002
32.549999
32.77
33.790001
32.189999
31.66
31.620001
30.780001
31.639999
30.459999
30.799999
30.4
31.049999
30.52
31.139999
31.459999
31.5
31.74
32.5
32.48
33.200001
33.41
33.220001
33.82
33.060001
33.209999
33.360001
33.349998
33.27
33.279999
33.860001
34.130001
34.099998
34.09
34
33.889999
33.419998
33.459999
33.09
33.439999
33.57
33.98
34.400002
34.27
33.889999
33.18
33.360001
33.450001
33.02
32.57
32.700001
32.310001
32.43
32.25
31.84
31.969999
31.809999
35.07
34.66
33.889999
33.16
32.75
32.900002
33.630001
33.610001
34.060001
33.619999
33.490002
33.389999
33.709999
33.419998
33.09
33.009998
32.950001
32.509998
32.720001
33.18
33.060001
32.59
33.049999
32.880001
32.200001
31.959999
31.17
31
31.360001
31.49
31.49
31.450001
31.73
31.809999
31.629999
31.82
32.509998
32.349998
32.23
31.6
31.549999
31.35
31.540001
30.52
31.49
31.549999
31.23
30.610001
30.84
30.379999
29.85
29.75
29.780001
28.879999
28.65
28.82
28.110001
28
28.030001
27.9
28.469999
27.98
28.27
28.280001
28.25
28
28.35
27.969999
28.48
29.25
29.52
29.639999
26.93
26.85
27.24
27.65
27.91
28
27.9
27.469999
27.450001
27.629999
28.85
27.809999
28.4
28.67
28.75
28.700001
29
29.41
29.48
29.33
30
29.459999
28.700001
29.459999
29.59
30
29.83
29.799999
30.1
30.540001
30.67
30.67
30.58
30.790001
30.620001
30.629999
30.809999
31.09
31.299999
30.99
30.66
30.700001
30.51
30.5
31
31.07
30.83
30.84
31.6
30.99
33.43
31.93
32.310001
32.84
32.779999
32.740002
33.009998
33.279999
31.98
30.959999
30.08
29.709999
29.16
28.879999
29.02
29.68
29.059999
28.58
28.379999
28
28.35
28.549999
28.639999
27.940001
28.190001
27.940001
27.940001
28.32
28.59
28.200001
27.9
28.1
28.110001
29.34
28.93
29
29.24
28.809999
29.34
30
29.83
29.76
29.24
28.940001
29.15
29.25
29.530001
29.76
29.25
28.23
27.450001
27.67
27.73
27.799999
27.42
27.68
27.469999
27.4
27.42
27.450001
27.33
27.68
28
28.030001
28.700001
28.02
27.309999
27.379999
28.09
28.5
28.450001
28.02
28.15
29.440001
29
29.389999
29.360001
29.08
28.76
29
28.440001
29.35
29.66
29.440001
29.59
30.1
29.33
29.51
29.18
28.719999
29.5
29.360001
29.690001
29.370001
28.98
28.92
29.52
29.27
29.09
29.799999
28.23
27.700001
27.469999
28.139999
27.629999
27.950001
28
28.01
28.129999
27.549999
28.389999
28.91
29.08
29.129999
29.129999
28.889999
29.629999
30.15
29.9
30.299999
30
30.219999
29.969999
29.98
30
29.83
29.23
30.040001
30.700001
31.360001
30.540001
30.23
30.639999
30.440001
30.610001
30.01
29.549999
29.030001
29.700001
29.290001
29.450001
29.27
29.440001
29.360001
27.98
27.719999
27.190001
27.91
28.52
28.639999
29.02
28.57
29.129999
29.01
28.99
29.58
29.379999
29.530001
28.190001
28.25
29.01
28.6
27
27.52
27.030001
26.24
26.469999
26.51
26.549999
27.01
25.799999
25.52
25.25
25.790001
25.35
24.99
24.43
25.25
25.18
25.01
25.6
25.24
25.82
25.120001
25.030001
25.129999
25.110001
25.059999
25.120001
24.67
24.52
24.200001
23.99
24.040001
24.09
23.889999
23.799999
24.16
23.639999
23.24
23.58
23.280001
22.76
23.030001
22.549999
22.059999
22.049999
22.559999
22.389999
21.709999
22.469999
23.84
23.629999
23.370001
23.49
23.84
23.549999
23.530001
23.35
23.34
23.98
24.51
24.549999
24.360001
24.200001
24.299999
23.950001
24
23.870001
23.74
23.58
23.26
23.08
22.43
22.610001
22.610001
22.620001
22.15
22.41
22.4
22.6
22.57
22.440001
22.73
22.690001
22.799999
23.34
23.700001
24
23.629999
23.629999
23.85
23.309999
23.6
23.309999
23
23.15
23.74
23.5
23.4
23.209999
22.870001
22.549999
23.040001
23.1
22.73

