43
42.060001
42
41.52
41.740002
42.02
42.279999
41.099998
40.119999
39
39.049999
37.939999
37.540001
38.630001
38.889999
38.720001
38.619999
38.919998
39.740002
40.790001
42.02
40.450001
39.220001
38.16
37.779999
36.849998
37.73
38.27
38.290001
37.740002
37.25
38.040001
36.049999
35.549999
36.549999
36.860001
36.82
37.049999
36.299999
37.080002
38.25
38.5
38.66
39.240002
39.75
38.689999
38.93
40.950001
37.639999
33.830002
34.639999
35.029999
34.919998
34.98
34.970001
34.93
35.5
35.959999
36.080002
36.900002
36.799999
36.27
35.169998
34.310001
34.240002
34.119999
34.080002
34.950001
34.639999
34.220001
34.549999
36.310001
36.470001
37.380001
36.450001
36.990002
36.77
39.619999
38.389999
35.57
34.720001
32.689999
32.830002
32.52
32.25
33.25
34.060001
33.82
32.799999
33.700001
34.610001
36.400002
37.02
37.32
38.32
38.66
39.09
38.959999
39.5
40.490002
41.490002
41.720001
42.509998
43.200001
43.189999
42.529999
42.549999
43.299999
42.82
43.93
44.099998
45.459999
46.43
46.75
47.049999
48.130001
45.549999
45.34
45.349998
46.240002
43.049999
41.880001
43.450001
45.060001
47.34
48.099998
69.889999
38

