106
106
106
104.7
105.3
105.3
105.3
105.7
105.7
105.7
104.7
104.7
103.6
100.6
103.3
105.7
105.7
107.1
107.1
104.9
110
110
108.2
108.2
107.8
107.8
107.8
107.8
107.8
107.8
107.8
107.8
109
109
109
109
106.2
106.2
108.1
108.9
109
102.2
101
101
102.6
103.3
99.45
99.45
99.45
99.45
93
93.6
93.6
93.6
90.95
90.95
90.95
90.95
90.95
90.95
90.95
90.95
91.1
87.05
87.05
85.9
85.9
85.8
90.4
91.2
91.2
91.1
91.1
91.1
90.5
90.6
91.1
87.65
87.65
87.65
87.65
88.8
86.5
86.5
85.3
88.3
83.9
83.9
87.7
80.25
80.25
80.25
82.6
76.8
83.5
90.8
92.55
92.55
92.3
92.3
89
89
92.5
93.15
92.7
96
91.8
91.8
91.15
90.65
90.65
92.5
92.3
92.3
92.85
92.85
95
95
91.9
86.35
86.35
85.2
85.2
82.65
82.9
82
83.7
83.7
82.3
82.3
82.3
80.1
80.1
81
82
81.95
81.95
76.45
76.45
76.45
76.45
76.45
76.45
76.45
76.45
76.45
76.45
76.45
76.45
74.6
74.6
74.6
74.6
76.3
76.3
76.3
76.3
76.3
74.05
74.05
74.05
74.05
74.05
74.05
73.2
73.2
73.2
73.2
73.2
73.2
72
71.7
78.15
78.15
78.15
78.15
78.15
78.15
78.15
79.6
79.6
79.6
79.9
79.9
79.9
79.9
79.9
79.9
79.9
79.9
79.9
79.9
79.65
79.65
79.65
79.65
79.65
79.65
79.65
79.65
79.65
81.95
81.95
81.95
81.95
82.05
70.3
70.3
70.3
70.3
70.3
70.3
70.3
70.3
70.3
70.3
70.3
70.3
70.3
70.3
70.3
70.3
70.3
70.3
70.3
70.3
70.3
70.3
71.35
71.35
71.35
69
69
69
70
70
70
70
72.5
72.5
70.95
69.7
68.05
68.05
68.05
65.7
65.2
64.7
64.7
64.7
76.45
79.5
79.5
79.5
78.1
78.1
78.1
78.05
74.4
74.4
74.4
74.4
74.4
74.4
74.4
74.4
74.4
74.4
74.4
74.4
74.4
74.4
74.4
74.4
74.4
75.45
75.45
75.45
75.45
74.95
74.95
74.95
74.95
74.95
74.95
74.4
73.75
74.1
74.1
74.1
74.1
74.1
74.1
74.1
74.1
74.1
74.1
74.1
74.1
74.1
74.1
74.1

