101.25
95.75
95.75
96.6
97.65
97.65
98.05
96.5
98.65
99.7
99.3
97.75
97.7
96.35
91.1
90.2
91.35
95.65
96.35
101.25
98.7
97.3
91.2
91.65
88.5
85.5
88.45
88.45
91
81.1
77.45
76
77.35
77.4
78.15
74.65
74.65
74.65
75.7
75.05
78.05
78.6
79.9
79.75
79.95
80.05
79.6
80
81.45
78.95
81.8
81.8
82.55
79.75
84.8
80.35
71.5
71.5
71.4
73.15
73.4
73.7
70.6
70.85
69
69
68.95
69.15
70.4
70.2
70.2
70.05
69.35
69.3
70
69.2
69.2
71.05
69.1
69.3
69.7
69.25
69.15
68.85
65
64.75
63.75
63.5
66
65.45
65.5
65.9
64.95
64.55
71.45
71.35
73.15
74.25
74.4
73.8
73.4
76.15
81.85
81.6
76.2
75.95
72.1
72.7
72.15
71.35
72.7
73.05
68.3
68.5
68.1
69.8
70.3
69.9
72.5
71.75
72.2
73.4
70.1
68.45
68.6
69.45
70
69.4
68.55
68.05
69.4
69.7
70.7
70.4
72.8
67.6
64.9
65.15
65
66
69.55
65.95
60.95
62.6
63.6
63.4
65.3
66.15
67
66.15
65.9
63.7
66.1
68.1
67.3
65.6
65.9
67
68.4
67.55
66.65
67.45
67
66.15
65.45
66.5
67.55
67.45
69.2
68.6
67.4
68.65
71.75
71.45
70.25
70.25
69.1
70.1
68.75
69.7
71.8
71.65
71.5
71.45
73.55
73.85
73.4
74.5
74.5
75.3
73.5
73.8
73.35
73.05
72
72
72
68.95
70.3
69.75
68
68.45
68.1
69.55
70.1
72.05
70.3
70.65
71.7
73.05
73.9
73.05
74.65
75.75
76.9
76.9
78.55
81.05
77.9
75.6
75.75
75
75.75
76.7
74.75
76
76.4
77.5
77.5
76.85
76.4
75.85
75.85
76.7
80.9
84.5
85.65
83.45
84.45
84.7
85.65
86.4
88.2
88.1
88.1
89
87.2
87.45
87.55
85.55
87.4
87.35
87.5
89.35
90.35
91.3
88
88.9
94.4
92.85
90.9
89.8
88.4
89.8
89.7
91.2
91.2
89.95
90.75
87.35
87.1
83.5
85.2
92.85
96.5
98.75
100.95
100.05
103.55
106.2
104.95
102.5
97.9
88.45
87.5
88.9
88.25
89.5
92.6
93.8
93.4
94.15
94.5
92.4
93.05
91.75
96.35
98.25
99.65
103.5
102.6
102.6
101.65
101.65
102.45
102.95
104.75
103.4
100.9
102.15
102.15
102.15
102.1
104.25
105.05
105.65
109.05
109.05
111
111.25
111.15
110.7
110.45
113.5
113.5
113.5
113.5
117.05
115.95
107.55
110.1
107.5
111.05
113.7
111.65
114.2
111.3
114.35
121.75
119.75
117.5
117.65
116.2
117.75
118.8
121.9
115
116.85
118.45
124
124
115.65
109.9
105.45
109.4
100.75
100.45
98.95
96
95.75
95.75
99.7
99.8
100
99.15
99.15
98.8
96.35
96.5
98.75
101.1
103
102.35
102.35
98.25
99.55
99.85
100.05
98.85
99.85
100.05
101.35
100.3
99.5
97.1
97.1
96.5
97.45
97.55
99.25
92
92.05
94.6
96.1
86.3
87.1
85.05
84.55
81.55
82.85
83.55
83.45
84.85
83.8
85.7
89.5
89.8
90.65
88.45
87.15
85.95
86.3
86.95
82.8
81.7
83.65
85.05
83.1
85
88.7
89.8
82.05
77.85
73.7
68.15
67.2
68.7
67.35
67.8
66.75
66.75
66.5
68.75
66.75
66.75
66
66
68.25
67.05
69.35
69.85
69.85
69.05
71
70.1
70.1
70.6
73.3
72.45
72.45
67.9
69.65
66.1
66.1
66.1
65.65
64.9
65.4
66.25
63.35
62.7
61.5
59.95
60
60.3
60.45
61.85
63.65
62.5
62.5
61.4
60.55
59.55
60.6
60.2
61.15
59.75
59.3
58.55
58.75
59.25
59.25
60.3
60.9
60.35
60.75
58.25
58.1
57.55
58.4
57.75
58.85
59.05
59.55
57.85
58.55
58
59
59.1
58.6
58.15
58.4
58.55
60
62.45
65.4
65.15
64.55
62.6
63.4
64.25
64.9
64.4
63.35
63.2
62.95
63.9
64.95
68.1
66.3
65.05
68.2
65.4
57.6
58.05
56.85
56.95
56.95
56.85
56.8
55.85
56
56.5
56.2
55.15
56.6
57.35
58.5
57.1
54.35
54.2
54.3
54.75
53.9
54.2
54.3
54.05
54.9
54.3
54.05
54.3
55.3
55
55.55
55.8
55.8
55.9
56.45
58.4
59
59.3
58.2
59.4
54.55
54.55
54.75
55.3
54.55
54.8
56
56.15
55.65
56.35
55.15
55.25
55.55
56.95
56.95
54.6
54.55
54.85
55.1
55
55.3
55.65
54.65
54.55
54.55
54.55
54.6
54.9
54.9
55.05
55.75
55.65
54.9
55.05
56.05
56.1
56.2
56.05
56.05
55.45
56.15
56.15
56.25
54.8
55.15
56.7
55.55
54.85
55
54.8
55
55.45
55.85
55
55.55
55.7
56.95
56
56
56.3
56.5
56.9
56.9
57.05
56.75
57.05
57.3
57.25
57.55
59.5
57.85
58.3
58.35
58.4
58.3
59.45
58.85
59.2
58.75
58.9
58.8
58.85
58.8
58.75
59.3
59.3
59.3
59.5
59.5
59.55
59.6
59.6
59.7
60
59.85
59.75
59.75
60
60.55
60.35
60.05
60.1
60.25
60.25
60.55
60.5
60.75
60.75
60.95
61
61.1
61
61.3
62.05
63.1
64.55
69.2
61.25
61.25
61.7
61.5
61.6
61.4
61.5
62.35
62.95
62.05
62.1
61.55
61.75
62.3
62.75
63.25
63.25
63.25
63.55
63.7
63.75
63.8
63.8
63.75
63.8
63.8
63.85
63.75
64
64
64
64.1
64.6
64.45
64.05
64
64.15
64.45
64.5
64.05
64.05
64.5
64.5
64.25
64.6
64.75
65.05
65.35
65.25
65.25
65.8
65.55
66.2
65.6
65.85
65.55
65.9
65.75
65.75
65.9
65.75
65.75
66.1
66.1
66
66.65
66.05
66.75
66.2
66.25
66.25
66.75
65.6
67
67.1
67
67.45
68.3
67.55
68.35
68.15
68.2
67.75
68.1
68.4
68.25
69.25
69.4
69.5
69.75
69.75
69.75
70.2
70.2
69.95
71.3
70.65
71.25
71.7
71.8
71.75
71.45
70.95
70.1
70.45
71.05
71.55
71.65
71.65
71.6
72.85
71.75
71.55
72
71.75
71.8
71.75
71.9
72.2
73.4
73.85
73.95
73.65
72.85
72.25
72.1
73.15
73.15
72.55
72.2
73
73.75
72.3
72.7
72.5
73.15
72.75
72.75
72.75
73
73.25
73.25
73.25
73.9
73.55
73.85
73.75
74.25
74.95
74.5
74.5
74.8
74.8
74.8
75.05
75.55
74.05
74.7
73.7
74.45
73.15
73.35
73.85
73.3
72.35
74.1
70.35
70.2
70.2
70.05
68.7
67.65
67.05
67.2
67.3
66.9
67.25
67.25
67.15
66.05
66.05
64.95
64.65
64.6
66
65.8
64.95
65.7
63.35
62.15
62.5
61.35
62.45
63.25
64.7
65.75
65.15
65.05
65.3
65.3
66.35
67.05
67.05
67.4
70
66.4
65.55
66.4
68.8
65.3
66.8
67.15
66.4
66.25
63.95
65.05
67
65.6
66.05
67.95
67.15
69.1
68
69.05
67.55
67.25
68.45
69.75
68.8
70.1
69.25
67.15
65.05
63
62.05
61.35
61.75
61.2
62.45
61.05
59.75
59.2
59.3
59.8
60.1
60.3
61.05
60.2
60.2
61.35
60.5
61.05
59.95
59.25
59.85
59.45
59.85
59.9
60.4
58.4
58.85
58.7
58.95
58.2
57.15
58.5
58.2
57.8
57.25
57.05
58.15
59.1
58.35
58.8
59.4
61.35
60.5
56.5
57.25
60
61.95
63.7
65.2
67.5
69.1
69.8
69.9
70
70.5
72.15
71.15
72.5
74.1
74.6
76.45
76.45
76.45
76.05
76.15
75.8
77.45
72.8
73.85
74.75
74.95
75.2
78
76.8
76.55
76.45
79.7
79.65
84.3
75.55
75.25
76.95
73.9
75.5
79
77.25
76.95
78
76.55
72.75
76.9
78.25
79.8
86.5
86.05
86.05
86.75
87.5
86.5
83.65
82
81.8
80.4
79.35
80.1
74.85
74.65
74.9
73.8
73.85
76.25
76.1
76.1
74.85
74
73.7
76.1
74.2
75.25
74.55
76.55
72.85
74.85
72
69.7
69.95
69.65
67.5
67.65
66.1
65
67.2
67.95
69.8
71.25
68.15
67.1
64.95
66.3
69.3
71.2
70.9
72.55
73.5
74.1
75.35
76.45
76.85
78.5
78.5
77.75
76.95
76.85
77.3
78.15
77.6
77.35
77.45
77.4
78.15
81.45
83.1
83.4
85.6
88.3
88.95
89.35
90.7
91.4
92.1
93.4
94.45
92.65
90.3
90.15
88.15
88
88.1
88
88.9
87.85
88.9
90.2
89.55
88.2
88.15
87.6
87.45
85.55
87.6
87.05
89.95
89.2
90.75
90.85
89.3
91.1
95.25
97.75
98.55
99
97
95.85
95.25
94.75
94.85
95.05
90.35
89.9
89.9
89.35
89.35
90
87.4
85.1
87.25
87.4
88.1
87.4
87.55
90.05
89.9
89.6
90.05
90.65
93.05
87.15
88.3
92.3
94.6
96.25
97.6
99.45
97.8
97.35
98.4
98.95
100.8
99.7
99.2
100.95
102.6
101.15
100.4
101.1
104.8
101.55
101.3
102.35
103.55
103.55
104.4
104.6
103.6
104.75
104.65
102.35
104
101.05
100.4
99.8
102.25
105.15
107.25
106.95
105.4
106.1
107
108.8
108.65
104.7
104.2
103.95
102.55
100.75
100.75
101.4
100.85
101.55
103.05
95.35
95.25
96.95
99.55
99.9
99.55
102.2
104
103.9
103.85
103.75
103
102.75
102
97.9
100.6
100.65
104.3
104.45
102.15
105.6
105.05
102.45
102.8
102.65
104.25
101.8
102.4
103.75
105.5
105.55
103.15
103.65
104.95
109.35
106.8
110.05
93.9
92.7
92.7
92.75
92.7
93.4
91.85
91.6
92.45
92.6
93.3
95.45
96.55
95.25
94.3
96.85
99.55
101.4
101.25
101.15
100.35
100.15
103.35
101.45
101.25
99.7
100.55
99.45
102.7
102.85
104.8
105.95
108.45
107.65
109.05
107.2
101.55
99.95
105.4
109.4
110.45
111.95
113.45
113.05
109.15
112.85
114.05
117.05
120
120
121.05
122.25
120.3
120.35
120.75
120.8
125.75
125.85
123.5
121.9
123.75
127.95
129.55
130.7
132.8
133.5
133.05
133.05
130.2
128.05
128.5
128.6
128.4
129.85
129.8
131
128.05
128.05
130.35
132.1
129.7
128.3
126.8
134.05
138.3
137.75
135
138.85
135.9
133.55
130.25
120.85
130.1
131.55
131.05
133.6
131.45
133.85
138.7
138.9
142.7
143.15
145.25
147.15
148.55
149.3
150.65
149
148
148.65
149.45
153.05
154.2
155.15
157
156.15
154
155.2
158.2
158.7
158.7
159.85
161.65
162.45
163.7
165.75
165.9
167.1
169.75
167.45
164.4
160.05
157.55
159.15
160.95
161.8
164.25
161.95
160.85
161.05
161.55
157
157.3
159.4
160.45
161.85
162
161.75
161.95
163.85
165.2
163.05
162.85
162
161
160.45
161
162.95
164.35
168.05
168.5
164.05
164.2
163.2
162.7
163
164.55
164.6
162.6
164.65
166.65
168
169.9
172.8
164.1
162
160
162.15
161.4
162.7
163.75
161.55
162.1
162.05
163.7
164.5
162.2
162.05
160.95
162.6
161.95
162.6
159.8
160.2
161.95
163.25
164.85
168.8
165.1
171.65
171.65
157.65
158
155.7
154.95
156.6
155.05
158.15
156.45
153.2
152.85
155.1
153.05
152.85
152.6
153.4
156.15
154.35
153.05
153.95
154
153.4
151.7
152.4
151.8
155.35
154.5
158
160.65
158.75
157.55
161.45
163.05
163.1
165.3
158.7
154.8
159.8
161.15
161.9
166.45
167.35
168.3
166.1
172.25
176.9
173.4
169.75
165.2
163
162.95
169.1
166.3
158
158
160.45
155.1
153.6
157.25
157.6
155.8
157.3
157.35
157.7
156.35
149.35
149.15
149.1
150.65
150.9
149.4
153.1
153.8
152.25
151.75
148.2
149.2
151.05
152.65
153.25
153.85
158.7
153.95
152.7
153.1
153.05
153.05
149
148.7
147.05
145.55
146.25
148.55
152
149.35
149.45
149.45
150
148.5
150.15
143.85
143
148.3
147.55
141.15
145.4
144
146
147.15
162.35
155.45
153
153.85
161.35
162.35
160.05
155.05
151.9
152.7
154.65
153.65
155
154.9
154.5
148.5
149.15
147
147
149.2
147.15
147.15
147.15
147.15
148.9
146.75
145.55
148.05
152
150
150.05
153.1
151.95
153.75
152.4
156.45
152
155.95
153.05
152.25
154
153
148
150.5
151.95
150.85
150
147.4
147.8
151
150.3
152.15
152.4
149.3
156.2
154
135.4
125.55
120.1
119
116
118.1
118.1
115.7
115.8
118.95
128
132.1
130
134
141.3
148.1
148.1
149
144.2
142
142
143
129
128.85
127.9
128
128.5
128.5
129
128.05
125.5
125.5
126.1
127
129
130
130
126.8
131
122.55
121
120.95
122
123
123
125.2
122
122.5
119
116.1
119.3
121.25
121.8
120.05
120.85
122.6
112
112
112
112
112
115
116.5
106.35
109.2
114.2
114
117
117.6
120.05
118.05
122.9
121.45
100.4
104
107.95
90.75
87
84.05
86.3
88.35
86.1
88.95
91.3
87
80.5
89.75
94.7
86
82.5
71.2
77.4
76.3
75.85
76.8
79.5
78.3
76.5
76.65
74
75.4
78.75
78
82.05
90
89
93
94
93.4
90.6
88.45
98
100
103
106.25
97
93.3
78.2
79.75
76
77
75.95
75.5
76
71
72.5
65.3
61
60.75
59
57
57.7
57
57.6
58.95
57.85
56
56
56
56
57.5
58.5
58.25
59.5
56
55.45
55.25
56.2
58.15
56
56
54
54
51
49.55
49.55
48.5
48.5
47
50
43.25
44
43
43.25
42.15
42.1
42.4
42.85
42.3
42.45
42.6
41.25
40.25
40.7
40.7
40.7
40.25
43.85
40
40.7
42.2
42.55
42.65
43.5
42.1
43.95
43.95
44
44
45.2
46.75
48
46.8
48.4
49.1
49.85
46.2
44.35
46.4
44.55
45.7
45
43.2
42.55
43.25
42.5
42.5
44.5
46.6
49
48.3
47.05
46.3
48.25
45.85
45.25
47.3
46.55
46.55
50
51.2
50.25
48.8
47.5
43.25
40
40.45
43
43
44
45.95
43.6
45
45.15
46.2
43.15
41.2
37.9
37.85
38.5
38.5
38.5
36.15
36.9
35.95
40.5
44.9
44.05
44.05
45.05
49.5
49.5
48.5
52
53.45
51.5
56.4
54.05
54.05
56.7
54.75
54.3
52.45
52.6
55
51
48
44.7
44.7
48.9
43.3
50.1
57.8
59.9
59.65
61.8
58
58.15
62.55
65.05
68
64
67.4
67.4
71.1
75
82.35
86
86
86
72.5
78
80
80
80
81
81.5
78
80.25
83
86.15
90.35
90.9
89
89.55
89.05
89.75
91.25
91.95
91.95
88.55
88.75
87.6
88.75
88.85
88.55
87.7
89
88.7
89.45
90.05
88.55
88.55
90.5
90
89.65
89.6
89.9
91
91.6
90.9
91.25
91.55
92.3
92
93.85
94
92.8
93.05
92.05
91.7
91.9
91
92
95.3
98.55
98.95
99.8
103
99.85
99.5
101
100
98
100.9
103.1
107.3
106.1
107.75
110.75
112
115.25
127
131.1
134
134
133.5
134.5
140
134.8
136
138.1
140
139.95
140
140.1
140.5
139.05
143
142.1
144
146.5
148
148.75
150.95
150.5
150.5
150
149.3
150
150
147
148.4
143.5
145.4
146.15
152.5
150
150
151.25
150.95
148.95
150
151
146.55
142
123.1
123.1
113
110.55
110
110
110
110.75
110
110
109
110.05
110.6
106.2
104
106.5
106.65
106.05
104.95
101.95
108
108
108
107
110.2
121.5
116.05
120.05
120.9
113
115.5
123.5
123.5
124.5
129
132.1
133
134
133.5
134.9
131
134.8
133.2
135.85
138
135.25
133.05
127
127
130.5
141.8
145
144.8
145
145.5
144
145.1
145
146.9
140.55
147.8
138
144
136.9
142.1
149.95
159
161.4
162.9
164.35
163
167
171.05
174
178.5
181.2
187.9
192.25
193
178.65
171.75
163.1
169
162
162
162.5
162.5
162
163.75
163.95
170
167.2
166.5
163.5
163.55
165
166.05
169.85
159
160.4
157
159
159
159
159.9
155
155
160.9
162
162.75
160
151.2
145.5
142.4
143
146.35
147.35
147
153.05
140
139.55
141
143.5
141.05
141.7
142.05
144.05
140
141.95
139.75
139.1
142.7
146.65
153.25
150.1
147.35
142.8
142.05
142.55
142
137.5
139
137.5
140
140
142
145
140.65
137
137
136.75
136
136.8
138.75
137
139.45
140
139.25
140.25
142.85
140.35
143.9
140.65
141.7
141
140
142.2
142
145.5
143.95
139.6
140.95
142.75
143.9
146.55
149
150
153.8
152.95
153.8
152.65
155.65
156.3
154.85
155.75
155.2
154.95
155.2
162
159.65
160.3
172.75
173.15
177.2
179.45
172
166.3
161.5
156.7
159.5
157.95
160.35
156.75
158.4
158.85
159.85
158.1
159.4
159.5
156.25
155.05
155.55
157.1
158.45
158
157.75
158.45
157.75
157.9
159.25
163
161.8
160.75
160.5
162.45
161.95
162.95
164.8
165.7
164.25
164.75
164.75
169.05
173.3
172.05
174.1
173.3
174.05
175.55
175.45
177.5
180.1
183.2
179.45
176.15
173.6
170.85
171
177.8
180.2
177.05
177.2
174.15
174.15
174.15
173.4
172.8
178.95
180.1
180.15
184.5
184.5
184.05
182.55
181.1
181.1
181.1
182.8
179.25
178.8
178.85
178.85
179.25
179.9
176.5
182
179.75
179.5
180.75
180.75
181.9
183.35
182.45
184.35
177.6
182
184.6
183.25
174.8
173.2
171.55
169.3
169.35
175.3
172.1
184.95
190.85
191.6
191.35
191
188.7
195.95
195.1
194.3
198.35
199.65
199.65
193.75
194.75
196.1
203.4
204.95
204.6
209.3
208.5
212.4
211.65
209.55
227.15
227.15
230.9
230.9
225.4
227.35
233.15
228.2
230.4
228.1
229.55
227.3
227.65
225.85
225.75
227.25
231.5
232.6
238.6
230.3
226.8

