100 12.123
101 12.815
102 13.506
103 14.263
104 15.021
105 15.779
106 16.537
107 17.343
108 18.158
109 18.974
110 19.790
111 20.630
112 21.494
113 22.359
114 23.223
115 24.087
116 24.990
117 25.893
118 26.796
119 27.699
120 28.611
121 29.544
122 30.478
123 31.411
124 32.344
125 33.286
126 34.242
127 35.198
128 36.153
129 37.109
130 38.069
131 39.041
132 40.012
133 40.984
134 41.955
135 42.927
136 43.909
137 44.891
138 45.874
139 46.856
140 47.838
141 48.824
142 49.814
143 50.803
144 51.793
145 52.782
146 53.771
147 54.764
148 55.758
149 56.752
150 57.746
151 58.740
152 59.734
153 60.730
154 61.727
155 62.723
156 63.720
157 64.717
158 65.713
159 66.711
160 67.709
161 68.707
162 69.706
163 70.704
164 71.702
165 72.700
166 73.699
167 74.698
168 75.698
169 76.697
170 77.696
171 78.695
172 79.694
173 80.694
174 81.693
175 82.693
176 83.692
177 84.692
178 85.691
179 86.691
180 87.691
181 88.691
182 89.690
183 90.690
184 91.690
185 92.690
186 93.690
187 94.690
188 95.689
189 96.689
190 97.689
191 98.689
192 99.689
193 100.689
194 101.689
195 102.689
196 103.689
197 104.689
198 105.689
199 106.689
200 107.689
201 108.689
202 109.689
203 110.689
204 111.689
205 112.689
206 113.689
207 114.689
208 115.688
209 116.688
210 117.688
211 118.688
212 119.688
213 120.688
214 121.688
215 122.688
216 123.688
217 124.688
218 125.688
219 126.688
220 127.688
221 128.688
222 129.688
223 130.688
224 131.688
225 132.688
226 133.688
227 134.688
228 135.688
229 136.688
230 137.688
231 138.688
232 139.688
233 140.688
234 141.688
235 142.688
236 143.688
237 144.688
238 145.688
239 146.688
240 147.688
241 148.688
242 149.688
243 150.688
244 151.688
245 152.688
246 153.688
247 154.688
248 155.688
249 156.688
250 157.688
251 158.688
252 159.688
253 160.688
254 161.688
255 162.688
256 163.688
257 164.688
258 165.688
259 166.688
260 167.688
261 168.688
262 169.688
263 170.688
264 171.688
265 172.688
266 173.688
267 174.688
268 175.688
269 176.688
270 177.688
271 178.688
272 179.688
273 180.688
274 181.688
275 182.688
276 183.688
277 184.688
278 185.688
279 186.688
280 187.688
281 188.688
282 189.688
283 190.688
284 191.688
285 192.688
286 193.688
287 194.688
288 195.688
289 196.688
290 197.688
291 198.688
292 199.688
293 200.688
294 201.688
295 202.688
296 203.688
297 204.688
298 205.688
299 206.688
300 207.688
301 208.688
302 209.688
303 210.688
304 211.688
305 212.688
306 213.688
307 214.688
308 215.688
309 216.688
310 217.688
311 218.688
312 219.688
313 220.688
314 221.688
315 222.688
316 223.688
317 224.688
318 225.688
319 226.688
320 227.688
321 228.688
322 229.688
323 230.688
324 231.688
325 232.688
326 233.688
327 234.688
328 235.688
329 236.688
330 237.688
331 238.688
332 239.688
333 240.688
334 241.688
335 242.688
336 243.688
337 244.688
338 245.688
339 246.688
340 247.688
341 248.688
342 249.688
343 250.688
344 251.688
345 252.688
346 253.688
347 254.688
348 255.688
349 256.688
350 257.688
351 258.688
352 259.688
353 260.688
354 261.688
355 262.688
356 263.688
357 264.688
358 265.688
359 266.688
360 267.688
361 268.688
362 269.688
363 270.688
364 271.688
365 272.688
366 273.688
367 274.688
368 275.688
369 276.688
370 277.688
371 278.688
372 279.688
373 280.688
374 281.688
375 282.688
376 283.688
377 284.688
378 285.688
379 286.688
380 287.688
381 288.688
382 289.688
383 290.688
384 291.688
385 292.688
386 293.688
387 294.688
388 295.688
389 296.688
390 297.688
391 298.688
392 299.688
393 300.688
394 301.688
395 302.688
396 303.688
397 304.688
398 305.688
399 306.688
400 307.688
401 308.688
402 309.688
403 310.688
404 311.688
405 312.688
406 313.688
407 314.688
408 315.688
409 316.688
410 317.688
411 318.688
412 319.688
413 320.688
414 321.688
415 322.688
416 323.688
417 324.688
418 325.688
419 326.688
420 327.688
421 328.688
422 329.688
423 330.688
424 331.688
425 332.688
426 333.688
427 334.688
428 335.688
429 336.688
430 337.688
431 338.688
432 339.688
433 340.688
434 341.688
435 342.688
436 343.688
437 344.688
438 345.688
439 346.688
440 347.688
441 348.688
442 349.688
443 350.688
444 351.688
445 352.688
446 353.688
447 354.688
448 355.688
449 356.688
450 357.688
451 358.688
452 359.688
453 360.688
454 361.688
455 362.688
456 363.688
457 364.688
458 365.688
459 366.688
460 367.688
461 368.688
462 369.688
463 370.688
464 371.688
465 372.688
466 373.688
467 374.688
468 375.688
469 376.688
470 377.688
471 378.688
472 379.688
473 380.688
474 381.688
475 382.688
476 383.688
477 384.688
478 385.688
479 386.688
480 387.688
481 388.688
482 389.688
483 390.688
484 391.688
485 392.688
486 393.688
487 394.688
488 395.688
489 396.688
490 397.688
491 398.688
492 399.688
493 400.688
494 401.688
495 402.688
496 403.688
497 404.688
498 405.688
499 406.688
500 407.688
501 408.688
502 409.688
503 410.688
504 411.688
505 412.688
506 413.688
507 414.688
508 415.688
509 416.688
510 417.688
511 418.688
512 419.688
513 420.688
514 421.688
515 422.688
516 423.688
517 424.688
518 425.688
519 426.688
520 427.688
521 428.688
522 429.688
523 430.688
524 431.688
525 432.688
526 433.688
527 434.688
528 435.688
529 436.688
530 437.688
531 438.688
532 439.688
533 440.688
534 441.688
535 442.688
536 443.688
537 444.688
538 445.688
539 446.688
540 447.688
541 448.688
542 449.688
543 450.688
544 451.688
545 452.688
546 453.688
547 454.688
548 455.688
549 456.688
550 457.688
551 458.688
552 459.688
553 460.688
554 461.688
555 462.688
556 463.688
557 464.688
558 465.688
559 466.688
560 467.688
561 468.688
562 469.688
563 470.688
564 471.688
565 472.688
566 473.688
567 474.688
568 475.688
569 476.688
570 477.688
571 478.688
572 479.688
573 480.688
574 481.688
575 482.688
576 483.688
577 484.688
578 485.688
579 486.688
580 487.688
581 488.688
582 489.688
583 490.688
584 491.688
585 492.688
586 493.688
587 494.688
588 495.688
589 496.688
590 497.688
591 498.688
592 499.688
593 500.688
594 501.688
595 502.688
596 503.688
597 504.688
598 505.688
599 506.688
600 507.688
601 508.688
602 509.688
603 510.688
604 511.688
605 512.688
606 513.688
607 514.688
608 515.688
609 516.688
610 517.688
611 518.688
612 519.688
613 520.688
614 521.688
615 522.688
616 523.688
617 524.688
618 525.688
619 526.688
620 527.688
621 528.688
622 529.688
623 530.688
624 531.688
625 532.688
626 533.688
627 534.688
628 535.688
629 536.688
630 537.688
631 538.688
632 539.688
633 540.688
634 541.688
635 542.688
636 543.688
637 544.688
638 545.688
639 546.688
640 547.688
641 548.688
642 549.688
643 550.688
644 551.688
645 552.688
646 553.688
647 554.688
648 555.688
649 556.688
650 557.688
651 558.688
652 559.688
653 560.688
654 561.688
655 562.688
656 563.688
657 564.688
658 565.688
659 566.688
660 567.688
661 568.688
662 569.688
663 570.688
664 571.688
665 572.688
666 573.688
667 574.688
668 575.688
669 576.688
670 577.688
671 578.688
672 579.688
673 580.688
674 581.688
675 582.688
676 583.688
677 584.688
678 585.688
679 586.688
680 587.688
681 588.688
682 589.688
683 590.688
684 591.688
685 592.688
686 593.688
687 594.688
688 595.688
689 596.688
690 597.688
691 598.688
692 599.688
693 600.688
694 601.688
695 602.688
696 603.688
697 604.688
698 605.688
699 606.688
700 607.688
701 608.688
702 609.688
703 610.688
704 611.688
705 612.688
706 613.688
707 614.688
708 615.688
709 616.688
710 617.688
711 618.688
712 619.688
713 620.688
714 621.688
715 622.688
716 623.688
717 624.688
718 625.688
719 626.688
720 627.688
721 628.688
722 629.688
723 630.688
724 631.688
725 632.688
726 633.688
727 634.688
728 635.688
729 636.688
730 637.688
731 638.688
732 639.688
733 640.688
734 641.688
735 642.688
736 643.688
737 644.688
738 645.688
739 646.688
740 647.688
741 648.688
742 649.688
743 650.688
744 651.688
745 652.688
746 653.688
747 654.688
748 655.688
749 656.688
750 657.688
751 658.688
752 659.688
753 660.688
754 661.688
755 662.688
756 663.688
757 664.688
758 665.688
759 666.688
760 667.688
761 668.688
762 669.688
763 670.688
764 671.688
765 672.688
766 673.688
767 674.688
768 675.688
769 676.688
770 677.688
771 678.688
772 679.688
773 680.688
774 681.688
775 682.688
776 683.688
777 684.688
778 685.688
779 686.688
780 687.688
781 688.688
782 689.688
783 690.688
784 691.688
785 692.688
786 693.688
787 694.688
788 695.688
789 696.688
790 697.688
791 698.688
792 699.688
793 700.688
794 701.688
795 702.688
796 703.688
797 704.688
798 705.688
799 706.688
800 707.688
801 708.688
802 709.688
803 710.688
804 711.688
805 712.688
806 713.688
807 714.688
808 715.688
809 716.688
810 717.688
811 718.688
812 719.688
813 720.688
814 721.688
815 722.688
816 723.688
817 724.688
818 725.688
819 726.688
820 727.688
821 728.688
822 729.688
823 730.688
824 731.688
825 732.688
826 733.688
827 734.688
828 735.688
829 736.688
830 737.688
831 738.688
832 739.688
833 740.688
834 741.688
835 742.688
836 743.688
837 744.688
838 745.688
839 746.688
840 747.688
841 748.688
842 749.688
843 750.688
844 751.688
845 752.688
846 753.688
847 754.688
848 755.688
849 756.688
850 757.688
851 758.688
852 759.688
853 760.688
854 761.688
855 762.688
856 763.688
857 764.688
858 765.688
859 766.688
860 767.688
861 768.688
862 769.688
863 770.688
864 771.688
865 772.688
866 773.688
867 774.688
868 775.688
869 776.688
870 777.688
871 778.688
872 779.688
873 780.688
874 781.688
875 782.688
876 783.688
877 784.688
878 785.688
879 786.688
880 787.688
881 788.688
882 789.688
883 790.688
884 791.688
885 792.688
886 793.688
887 794.688
888 795.688
889 796.688
890 797.688
891 798.688
892 799.688
893 800.688
894 801.688
895 802.688
896 803.688
897 804.688
898 805.688
899 806.688
900 807.688
901 808.688
902 809.688
903 810.688
904 811.688
905 812.688
906 813.688
907 814.688
908 815.688
909 816.688
910 817.688
911 818.688
912 819.688
913 820.688
914 821.688
915 822.688
916 823.688
917 824.688
918 825.688
919 826.688
920 827.688
921 828.688
922 829.688
923 830.688
924 831.688
925 832.688
926 833.688
927 834.688
928 835.688
929 836.688
930 837.688
931 838.688
932 839.688
933 840.688
934 841.688
935 842.688
936 843.688
937 844.688
938 845.688
939 846.688
940 847.688
941 848.688
942 849.688
943 850.688
944 851.688
945 852.688
946 853.688
947 854.688
948 855.688
949 856.688
950 857.688
951 858.688
952 859.688
953 860.688
954 861.688
955 862.688
956 863.688
957 864.688
958 865.688
959 866.688
960 867.688
961 868.688
962 869.688
963 870.688
964 871.688
965 872.688
966 873.688
967 874.688
968 875.688
969 876.688
970 877.688
971 878.688
972 879.688
973 880.688
974 881.688
975 882.688
976 883.688
977 884.688
978 885.688
979 886.688
980 887.688
981 888.688
982 889.688
983 890.688
984 891.688
985 892.688
986 893.688
987 894.688
988 895.688
989 896.688
990 897.688
991 898.688
992 899.688
993 900.688
994 901.688
995 902.688
996 903.688
997 904.688
998 905.688
999 906.688
1000 907.688
