100 12.123
101 12.089
102 12.123
103 12.091
104 12.122
105 12.093
106 12.122
107 12.095
108 12.121
109 12.097
110 12.121
111 12.099
112 12.120
113 12.100
114 12.120
115 12.102
116 12.119
117 12.103
118 12.119
119 12.104
120 12.118
121 12.106
122 12.117
123 12.107
124 12.117
125 12.108
126 12.116
127 12.108
128 12.115
129 12.109
130 12.114
131 12.110
132 12.114
133 12.111
134 12.113
135 12.111
136 12.112
137 12.112
138 12.112
139 12.113
140 12.111
141 12.113
142 12.110
143 12.113
144 12.109
145 12.114
146 12.108
147 12.114
148 12.108
149 12.115
150 12.107
151 12.115
152 12.106
153 12.115
154 12.105
155 12.115
156 12.104
157 12.115
158 12.104
159 12.116
160 12.103
161 12.116
162 12.102
163 12.116
164 12.101
165 12.116
166 12.100
167 12.116
168 12.100
169 12.116
170 12.099
171 12.116
172 12.098
173 12.116
174 12.097
175 12.116
176 12.096
177 12.116
178 12.096
179 12.115
180 12.097
181 12.115
182 12.098
183 12.115
184 12.099
185 12.115
186 12.099
187 12.115
188 12.100
189 12.115
190 12.101
191 12.114
192 12.102
193 12.114
194 12.102
195 12.114
196 12.103
197 12.114
198 12.104
199 12.114
200 12.104
201 12.113
202 12.105
203 12.113
204 12.105
205 12.113
206 12.106
207 12.113
208 12.106
209 12.112
210 12.107
211 12.112
212 12.107
213 12.112
214 12.108
215 12.111
216 12.108
217 12.111
218 12.108
219 12.111
220 12.109
221 12.110
222 12.109
223 12.110
224 12.109
225 12.110
226 12.110
227 12.109
228 12.110
229 12.109
230 12.110
231 12.109
232 12.110
233 12.108
234 12.111
235 12.108
236 12.111
237 12.108
238 12.111
239 12.107
240 12.111
241 12.107
242 12.111
243 12.106
244 12.111
245 12.106
246 12.112
247 12.106
248 12.112
249 12.105
250 12.112
251 12.105
252 12.112
253 12.104
254 12.112
255 12.104
256 12.112
257 12.104
258 12.112
259 12.103
260 12.112
261 12.103
262 12.112
263 12.102
264 12.112
265 12.102
266 12.112
267 12.102
268 12.112
269 12.101
270 12.112
271 12.101
272 12.112
273 12.100
274 12.112
275 12.100
276 12.112
277 12.100
278 12.112
279 12.100
280 12.112
281 12.100
282 12.112
283 12.101
284 12.112
285 12.101
286 12.112
287 12.101
288 12.112
289 12.102
290 12.112
291 12.102
292 12.112
293 12.103
294 12.111
295 12.103
296 12.111
297 12.103
298 12.111
299 12.104
300 12.111
301 12.104
302 12.111
303 12.104
304 12.111
305 12.105
306 12.111
307 12.105
308 12.111
309 12.105
310 12.111
311 12.106
312 12.110
313 12.106
314 12.110
315 12.106
316 12.110
317 12.106
318 12.110
319 12.107
320 12.110
321 12.107
322 12.110
323 12.107
324 12.109
325 12.107
326 12.109
327 12.107
328 12.109
329 12.108
330 12.109
331 12.108
332 12.109
333 12.108
334 12.109
335 12.108
336 12.108
337 12.108
338 12.108
339 12.108
340 12.108
341 12.109
342 12.108
343 12.109
344 12.108
345 12.109
346 12.107
347 12.109
348 12.107
349 12.109
350 12.107
351 12.109
352 12.107
353 12.109
354 12.107
355 12.109
356 12.106
357 12.110
358 12.106
359 12.110
360 12.106
361 12.110
362 12.106
363 12.110
364 12.106
365 12.110
366 12.105
367 12.110
368 12.105
369 12.110
370 12.105
371 12.110
372 12.105
373 12.110
374 12.104
375 12.110
376 12.104
377 12.110
378 12.104
379 12.110
380 12.104
381 12.110
382 12.103
383 12.110
384 12.103
385 12.110
386 12.103
387 12.110
388 12.103
389 12.110
390 12.103
391 12.110
392 12.102
393 12.110
394 12.102
395 12.110
396 12.102
397 12.110
398 12.102
399 12.110
400 12.101
