100 9.486
101 9.481
102 9.486
103 9.481
104 9.486
105 9.481
106 9.486
107 9.480
108 9.486
109 9.480
110 9.486
111 9.480
112 9.486
113 9.479
114 9.486
115 9.479
116 9.486
117 9.479
118 9.486
119 9.479
120 9.486
121 9.478
122 9.486
123 9.478
124 9.485
125 9.478
126 9.485
127 9.478
128 9.485
129 9.477
130 9.485
131 9.477
132 9.485
133 9.477
134 9.485
135 9.477
136 9.485
137 9.476
138 9.485
139 9.476
140 9.485
141 9.476
142 9.485
143 9.476
144 9.485
145 9.476
146 9.485
147 9.475
148 9.485
149 9.475
150 9.485
151 9.475
152 9.485
153 9.475
154 9.485
155 9.475
156 9.485
157 9.475
158 9.484
159 9.475
160 9.484
161 9.474
162 9.484
163 9.474
164 9.484
165 9.474
166 9.484
167 9.474
168 9.484
169 9.474
170 9.484
171 9.474
172 9.484
173 9.474
174 9.484
175 9.473
176 9.484
177 9.473
178 9.484
179 9.473
180 9.484
181 9.473
182 9.484
183 9.473
184 9.484
185 9.473
186 9.484
187 9.473
188 9.484
189 9.473
190 9.484
191 9.472
192 9.483
193 9.472
194 9.483
195 9.472
196 9.483
197 9.472
198 9.483
199 9.472
200 9.483
201 9.472
202 9.483
203 9.472
204 9.483
205 9.472
206 9.483
207 9.472
208 9.483
209 9.472
210 9.483
211 9.472
212 9.483
213 9.471
214 9.483
215 9.471
216 9.483
217 9.471
218 9.483
219 9.471
220 9.483
221 9.471
222 9.483
223 9.471
224 9.483
225 9.471
226 9.483
227 9.471
228 9.483
229 9.471
230 9.482
231 9.471
232 9.482
233 9.471
234 9.482
235 9.471
236 9.482
237 9.471
238 9.482
239 9.470
240 9.482
241 9.470
242 9.482
243 9.470
244 9.482
245 9.470
246 9.482
247 9.470
248 9.482
249 9.470
250 9.482
251 9.470
252 9.482
253 9.470
254 9.482
255 9.470
256 9.482
257 9.470
258 9.482
259 9.470
260 9.482
261 9.470
262 9.482
263 9.470
264 9.482
265 9.470
266 9.482
267 9.470
268 9.482
269 9.470
270 9.482
271 9.469
272 9.481
273 9.469
274 9.481
275 9.469
276 9.481
277 9.469
278 9.481
279 9.469
280 9.481
281 9.469
282 9.481
283 9.469
284 9.481
285 9.469
286 9.481
287 9.469
288 9.481
289 9.469
290 9.481
291 9.469
292 9.481
293 9.469
294 9.481
295 9.469
296 9.481
297 9.469
298 9.481
299 9.469
300 9.481
301 9.469
302 9.481
303 9.469
304 9.481
305 9.469
306 9.481
307 9.469
308 9.481
309 9.469
310 9.481
311 9.469
312 9.481
313 9.469
314 9.481
315 9.468
316 9.481
317 9.468
318 9.481
319 9.468
320 9.481
321 9.469
322 9.480
323 9.469
324 9.480
325 9.469
326 9.480
327 9.469
328 9.480
329 9.469
330 9.480
331 9.469
332 9.480
333 9.469
334 9.480
335 9.469
336 9.480
337 9.469
338 9.480
339 9.470
340 9.480
341 9.470
342 9.480
343 9.470
344 9.480
345 9.470
346 9.480
347 9.470
348 9.480
349 9.470
350 9.480
351 9.470
352 9.480
353 9.470
354 9.480
355 9.470
356 9.480
357 9.470
358 9.480
359 9.470
360 9.480
361 9.470
362 9.480
363 9.471
364 9.480
365 9.471
366 9.480
367 9.471
368 9.480
369 9.471
370 9.480
371 9.471
372 9.480
373 9.471
374 9.480
375 9.471
376 9.480
377 9.471
378 9.480
379 9.471
380 9.479
381 9.471
382 9.479
383 9.471
384 9.479
385 9.471
386 9.479
387 9.471
388 9.479
389 9.472
390 9.479
391 9.472
392 9.479
393 9.472
394 9.479
395 9.472
396 9.479
397 9.472
398 9.479
399 9.472
400 9.479
