100.000 12.123
100.020 12.112
100.040 12.100
100.060 12.089
100.080 12.077
100.100 12.066
100.120 12.055
100.140 12.043
100.160 12.032
100.180 12.020
100.200 12.009
100.220 11.998
100.240 11.986
100.260 11.975
100.280 11.963
100.300 11.952
100.320 11.941
100.340 11.929
100.360 11.918
100.380 11.906
100.400 11.895
100.420 11.884
100.440 11.872
100.460 11.861
100.480 11.849
100.500 11.838
100.520 11.826
100.540 11.815
100.560 11.804
100.580 11.792
100.600 11.781
100.620 11.769
100.640 11.758
100.660 11.747
100.680 11.735
100.700 11.724
100.720 11.712
100.740 11.701
100.760 11.690
100.780 11.678
100.800 11.667
100.820 11.655
100.840 11.644
100.860 11.633
100.880 11.621
100.900 11.610
100.920 11.598
100.940 11.587
100.960 11.576
100.980 11.564
101.000 11.553
101.020 11.541
101.040 11.530
101.060 11.519
101.080 11.507
101.100 11.496
101.120 11.484
101.140 11.473
101.160 11.461
101.180 11.450
101.200 11.439
101.220 11.427
101.240 11.416
101.260 11.404
101.280 11.393
101.300 11.382
101.320 11.370
101.340 11.359
101.360 11.347
101.380 11.336
101.400 11.325
101.420 11.313
101.440 11.302
101.460 11.290
101.480 11.279
101.500 11.268
101.520 11.256
101.540 11.245
101.560 11.233
101.580 11.222
101.600 11.211
101.620 11.199
101.640 11.188
101.660 11.176
101.680 11.165
101.700 11.153
101.720 11.142
101.740 11.131
101.760 11.119
101.780 11.108
101.800 11.096
101.820 11.085
101.840 11.074
101.860 11.062
101.880 11.051
101.900 11.039
101.920 11.028
101.940 11.017
101.960 11.005
101.980 10.994
102.000 10.982
102.020 10.971
102.040 10.961
102.060 10.951
102.080 10.941
102.100 10.931
102.120 10.921
102.140 10.911
102.160 10.901
102.180 10.891
102.200 10.881
102.220 10.871
102.240 10.861
102.260 10.851
102.280 10.841
102.300 10.831
102.320 10.821
102.340 10.812
102.360 10.802
102.380 10.792
102.400 10.782
102.420 10.772
102.440 10.762
102.460 10.752
102.480 10.742
102.500 10.732
102.520 10.722
102.540 10.712
102.560 10.702
102.580 10.692
102.600 10.682
102.620 10.672
102.640 10.662
102.660 10.652
102.680 10.642
102.700 10.632
102.720 10.622
102.740 10.612
102.760 10.602
102.780 10.592
102.800 10.582
102.820 10.572
102.840 10.562
102.860 10.552
102.880 10.542
102.900 10.532
102.920 10.523
102.940 10.513
102.960 10.503
102.980 10.493
103.000 10.483
103.020 10.473
103.040 10.463
103.060 10.453
103.080 10.443
103.100 10.433
103.120 10.423
103.140 10.413
103.160 10.403
103.180 10.393
103.200 10.383
103.220 10.373
103.240 10.363
103.260 10.353
103.280 10.343
103.300 10.333
103.320 10.323
103.340 10.313
103.360 10.303
103.380 10.293
103.400 10.283
103.420 10.273
103.440 10.263
103.460 10.253
103.480 10.243
103.500 10.234
103.520 10.224
103.540 10.214
103.560 10.204
103.580 10.194
103.600 10.184
103.620 10.174
103.640 10.164
103.660 10.154
103.680 10.144
103.700 10.134
103.720 10.124
103.740 10.114
103.760 10.104
103.780 10.094
103.800 10.084
103.820 10.074
103.840 10.064
103.860 10.054
103.880 10.044
103.900 10.034
103.920 10.024
103.940 10.014
103.960 10.004
103.980 9.994
104.000 9.984
104.020 9.974
104.040 9.964
104.060 9.954
104.080 9.944
104.100 9.935
104.120 9.925
104.140 9.915
104.160 9.905
104.180 9.895
104.200 9.885
104.220 9.875
104.240 9.865
104.260 9.855
104.280 9.845
104.300 9.835
104.320 9.825
104.340 9.815
104.360 9.805
104.380 9.795
104.400 9.785
104.420 9.775
104.440 9.765
104.460 9.755
104.480 9.745
104.500 9.735
104.520 9.725
104.540 9.715
104.560 9.705
104.580 9.695
104.600 9.685
104.620 9.675
104.640 9.665
104.660 9.655
104.680 9.646
104.700 9.636
104.720 9.626
104.740 9.616
104.760 9.606
104.780 9.596
104.800 9.586
104.820 9.576
104.840 9.566
104.860 9.556
104.880 9.546
104.900 9.536
104.920 9.526
104.940 9.516
104.960 9.506
104.980 9.496
105.000 9.486
105.020 9.476
105.040 9.466
105.060 9.456
105.080 9.446
105.100 9.436
105.120 9.426
105.140 9.416
105.160 9.406
105.180 9.396
105.200 9.386
105.220 9.376
105.240 9.366
105.260 9.357
105.280 9.347
105.300 9.337
105.320 9.327
105.340 9.317
105.360 9.307
105.380 9.297
105.400 9.287
105.420 9.277
105.440 9.267
105.460 9.257
105.480 9.247
105.500 9.237
105.520 9.227
105.540 9.217
105.560 9.207
105.580 9.197
105.600 9.187
105.620 9.177
105.640 9.167
105.660 9.157
105.680 9.147
105.700 9.137
105.720 9.127
105.740 9.117
105.760 9.107
105.780 9.097
105.800 9.087
105.820 9.077
105.840 9.067
105.860 9.058
105.880 9.048
105.900 9.038
105.920 9.028
105.940 9.018
105.960 9.008
105.980 8.998
106.000 8.988
106.020 8.978
106.040 8.968
106.060 8.958
106.080 8.948
106.100 8.938
106.120 8.928
106.140 8.918
106.160 8.908
106.180 8.898
106.200 8.889
106.220 8.881
106.240 8.872
106.260 8.864
106.280 8.855
106.300 8.847
106.320 8.838
106.340 8.830
106.360 8.821
106.380 8.813
106.400 8.804
106.420 8.796
106.440 8.787
106.460 8.779
106.480 8.770
106.500 8.762
106.520 8.753
106.540 8.745
106.560 8.736
106.580 8.728
106.600 8.719
106.620 8.711
106.640 8.702
106.660 8.694
106.680 8.685
106.700 8.677
106.720 8.668
106.740 8.660
106.760 8.651
106.780 8.643
106.800 8.634
106.820 8.626
106.840 8.617
106.860 8.609
106.880 8.600
106.900 8.592
106.920 8.583
106.940 8.575
106.960 8.566
106.980 8.558
107.000 8.549
107.020 8.541
107.040 8.532
107.060 8.524
107.080 8.515
107.100 8.507
107.120 8.498
107.140 8.490
107.160 8.481
107.180 8.473
107.200 8.464
107.220 8.456
107.240 8.447
107.260 8.439
107.280 8.430
107.300 8.422
107.320 8.414
107.340 8.405
107.360 8.397
107.380 8.388
107.400 8.380
107.420 8.371
107.440 8.363
107.460 8.354
107.480 8.346
107.500 8.337
107.520 8.329
107.540 8.320
107.560 8.312
107.580 8.303
107.600 8.295
107.620 8.286
107.640 8.278
107.660 8.269
107.680 8.261
107.700 8.252
107.720 8.244
107.740 8.235
107.760 8.227
107.780 8.218
107.800 8.210
107.820 8.201
107.840 8.193
107.860 8.184
107.880 8.176
107.900 8.167
107.920 8.159
107.940 8.150
107.960 8.142
107.980 8.133
108.000 8.125
108.020 8.116
108.040 8.108
108.060 8.099
108.080 8.091
108.100 8.082
108.120 8.074
108.140 8.065
108.160 8.057
108.180 8.048
108.200 8.040
108.220 8.031
108.240 8.023
108.260 8.014
108.280 8.006
108.300 7.997
108.320 7.989
108.340 7.980
108.360 7.972
108.380 7.963
108.400 7.955
108.420 7.946
108.440 7.938
108.460 7.929
108.480 7.921
108.500 7.912
108.520 7.904
108.540 7.895
108.560 7.887
108.580 7.878
108.600 7.870
108.620 7.861
108.640 7.853
108.660 7.844
108.680 7.836
108.700 7.827
108.720 7.819
108.740 7.810
108.760 7.802
108.780 7.793
108.800 7.785
108.820 7.776
108.840 7.768
108.860 7.759
108.880 7.751
108.900 7.742
108.920 7.734
108.940 7.725
108.960 7.717
108.980 7.708
109.000 7.700
109.020 7.691
109.040 7.683
109.060 7.674
109.080 7.666
109.100 7.657
109.120 7.649
109.140 7.640
109.160 7.632
109.180 7.623
109.200 7.615
109.220 7.606
109.240 7.598
109.260 7.589
109.280 7.581
109.300 7.572
109.320 7.564
109.340 7.555
109.360 7.547
109.380 7.538
109.400 7.530
109.420 7.521
109.440 7.513
109.460 7.504
109.480 7.496
109.500 7.487
109.520 7.479
109.540 7.470
109.560 7.462
109.580 7.453
109.600 7.445
109.620 7.436
109.640 7.428
109.660 7.419
109.680 7.411
109.700 7.402
109.720 7.394
109.740 7.385
109.760 7.377
109.780 7.368
109.800 7.360
109.820 7.351
109.840 7.343
109.860 7.334
109.880 7.326
109.900 7.317
109.920 7.309
109.940 7.300
109.960 7.292
109.980 7.283
110.000 7.275
110.020 7.266
110.040 7.258
110.060 7.249
110.080 7.241
110.100 7.232
110.120 7.224
110.140 7.215
110.160 7.207
110.180 7.198
110.200 7.190
110.220 7.182
110.240 7.173
110.260 7.165
110.280 7.156
110.300 7.148
110.320 7.139
110.340 7.131
110.360 7.122
110.380 7.114
110.400 7.105
110.420 7.097
110.440 7.088
110.460 7.080
110.480 7.071
110.500 7.063
110.520 7.054
110.540 7.047
110.560 7.040
110.580 7.033
110.600 7.026
110.620 7.019
110.640 7.012
110.660 7.005
110.680 6.998
110.700 6.991
110.720 6.984
110.740 6.977
110.760 6.970
110.780 6.963
110.800 6.955
110.820 6.948
110.840 6.941
110.860 6.934
110.880 6.927
110.900 6.920
110.920 6.913
110.940 6.906
110.960 6.899
110.980 6.892
111.000 6.885
111.020 6.878
111.040 6.871
111.060 6.864
111.080 6.857
111.100 6.850
111.120 6.843
111.140 6.836
111.160 6.828
111.180 6.821
111.200 6.814
111.220 6.807
111.240 6.800
111.260 6.793
111.280 6.786
111.300 6.779
111.320 6.772
111.340 6.765
111.360 6.758
111.380 6.751
111.400 6.744
111.420 6.737
111.440 6.730
111.460 6.723
111.480 6.716
111.500 6.709
111.520 6.701
111.540 6.694
111.560 6.687
111.580 6.680
111.600 6.673
111.620 6.666
111.640 6.659
111.660 6.652
111.680 6.645
111.700 6.638
111.720 6.631
111.740 6.624
111.760 6.617
111.780 6.610
111.800 6.603
111.820 6.596
111.840 6.589
111.860 6.582
111.880 6.574
111.900 6.567
111.920 6.560
111.940 6.553
111.960 6.546
111.980 6.539
112.000 6.532
112.020 6.525
112.040 6.518
112.060 6.511
112.080 6.504
112.100 6.497
112.120 6.490
112.140 6.483
112.160 6.476
112.180 6.469
112.200 6.462
112.220 6.455
112.240 6.447
112.260 6.440
112.280 6.433
112.300 6.426
112.320 6.419
112.340 6.412
112.360 6.405
112.380 6.398
112.400 6.391
112.420 6.384
112.440 6.377
112.460 6.370
112.480 6.363
112.500 6.356
112.520 6.349
112.540 6.342
112.560 6.335
112.580 6.328
112.600 6.320
112.620 6.313
112.640 6.306
112.660 6.299
112.680 6.292
112.700 6.285
112.720 6.278
112.740 6.271
112.760 6.264
112.780 6.257
112.800 6.250
112.820 6.243
112.840 6.236
112.860 6.229
112.880 6.222
112.900 6.215
112.920 6.208
112.940 6.201
112.960 6.193
112.980 6.186
113.000 6.179
113.020 6.172
113.040 6.165
113.060 6.158
113.080 6.151
113.100 6.144
113.120 6.137
113.140 6.130
113.160 6.123
113.180 6.116
113.200 6.109
113.220 6.102
113.240 6.095
113.260 6.088
113.280 6.081
113.300 6.073
113.320 6.066
113.340 6.059
113.360 6.052
113.380 6.045
113.400 6.038
113.420 6.031
113.440 6.024
113.460 6.017
113.480 6.010
113.500 6.003
113.520 5.996
113.540 5.989
113.560 5.982
113.580 5.975
113.600 5.968
113.620 5.961
113.640 5.954
113.660 5.946
113.680 5.939
113.700 5.932
113.720 5.925
113.740 5.918
113.760 5.911
113.780 5.904
113.800 5.897
113.820 5.890
113.840 5.883
113.860 5.876
113.880 5.869
113.900 5.862
113.920 5.855
113.940 5.848
113.960 5.841
113.980 5.834
114.000 5.827
114.020 5.819
114.040 5.812
114.060 5.805
114.080 5.798
114.100 5.791
114.120 5.784
114.140 5.777
114.160 5.770
114.180 5.763
114.200 5.756
114.220 5.749
114.240 5.742
114.260 5.735
114.280 5.728
114.300 5.721
114.320 5.714
114.340 5.707
114.360 5.700
114.380 5.692
114.400 5.685
114.420 5.678
114.440 5.671
114.460 5.664
114.480 5.657
114.500 5.650
114.520 5.643
114.540 5.636
114.560 5.629
114.580 5.622
114.600 5.615
114.620 5.608
114.640 5.601
114.660 5.594
114.680 5.587
114.700 5.580
114.720 5.573
114.740 5.565
114.760 5.558
114.780 5.551
114.800 5.544
114.820 5.537
114.840 5.530
114.860 5.523
114.880 5.516
114.900 5.509
114.920 5.502
114.940 5.495
114.960 5.488
114.980 5.481
115.000 5.474
115.020 5.467
115.040 5.460
115.060 5.455
115.080 5.449
115.100 5.443
115.120 5.438
115.140 5.432
115.160 5.426
115.180 5.421
115.200 5.415
115.220 5.409
115.240 5.404
115.260 5.398
115.280 5.392
115.300 5.386
115.320 5.381
115.340 5.375
115.360 5.369
115.380 5.364
115.400 5.358
115.420 5.352
115.440 5.347
115.460 5.341
115.480 5.335
115.500 5.329
115.520 5.324
115.540 5.318
115.560 5.312
115.580 5.307
115.600 5.301
115.620 5.295
115.640 5.290
115.660 5.284
115.680 5.278
115.700 5.272
115.720 5.267
115.740 5.261
115.760 5.255
115.780 5.250
115.800 5.244
115.820 5.238
115.840 5.233
115.860 5.227
115.880 5.221
115.900 5.215
115.920 5.210
115.940 5.204
115.960 5.198
115.980 5.193
116.000 5.187
116.020 5.181
116.040 5.176
116.060 5.170
116.080 5.164
116.100 5.158
116.120 5.153
116.140 5.147
116.160 5.141
116.180 5.136
116.200 5.130
116.220 5.124
116.240 5.119
116.260 5.113
116.280 5.107
116.300 5.101
116.320 5.096
116.340 5.090
116.360 5.084
116.380 5.079
116.400 5.073
116.420 5.067
116.440 5.062
116.460 5.056
116.480 5.050
116.500 5.045
116.520 5.039
116.540 5.033
116.560 5.027
116.580 5.022
116.600 5.016
116.620 5.010
116.640 5.005
116.660 4.999
116.680 4.993
116.700 4.988
116.720 4.982
116.740 4.976
116.760 4.970
116.780 4.965
116.800 4.959
116.820 4.953
116.840 4.948
116.860 4.942
116.880 4.936
116.900 4.931
116.920 4.925
116.940 4.919
116.960 4.913
116.980 4.908
117.000 4.902
117.020 4.896
117.040 4.891
117.060 4.885
117.080 4.879
117.100 4.874
117.120 4.868
117.140 4.862
117.160 4.856
117.180 4.851
117.200 4.845
117.220 4.839
117.240 4.834
117.260 4.828
117.280 4.822
117.300 4.817
117.320 4.811
117.340 4.805
117.360 4.799
117.380 4.794
117.400 4.788
117.420 4.782
117.440 4.777
117.460 4.771
117.480 4.765
117.500 4.760
117.520 4.754
117.540 4.748
117.560 4.742
117.580 4.737
117.600 4.731
117.620 4.725
117.640 4.720
117.660 4.714
117.680 4.708
117.700 4.703
117.720 4.697
117.740 4.691
117.760 4.686
117.780 4.680
117.800 4.674
117.820 4.668
117.840 4.663
117.860 4.657
117.880 4.651
117.900 4.646
117.920 4.640
117.940 4.634
117.960 4.629
117.980 4.623
118.000 4.617
118.020 4.611
118.040 4.606
118.060 4.600
118.080 4.594
118.100 4.589
118.120 4.583
118.140 4.577
118.160 4.572
118.180 4.566
118.200 4.560
118.220 4.554
118.240 4.549
118.260 4.543
118.280 4.537
118.300 4.532
118.320 4.526
118.340 4.520
118.360 4.515
118.380 4.509
118.400 4.503
118.420 4.497
118.440 4.492
118.460 4.486
118.480 4.480
118.500 4.475
118.520 4.469
118.540 4.463
118.560 4.458
118.580 4.452
118.600 4.446
118.620 4.440
118.640 4.435
118.660 4.429
118.680 4.423
118.700 4.418
118.720 4.412
118.740 4.406
118.760 4.401
118.780 4.395
118.800 4.389
118.820 4.383
118.840 4.378
118.860 4.372
118.880 4.366
118.900 4.361
118.920 4.355
118.940 4.349
118.960 4.344
118.980 4.338
119.000 4.332
119.020 4.326
119.040 4.321
119.060 4.315
119.080 4.309
119.100 4.304
119.120 4.298
119.140 4.292
119.160 4.287
119.180 4.281
119.200 4.275
119.220 4.270
119.240 4.264
119.260 4.258
119.280 4.252
119.300 4.247
119.320 4.241
119.340 4.235
119.360 4.230
119.380 4.224
119.400 4.218
119.420 4.213
119.440 4.207
119.460 4.201
119.480 4.195
119.500 4.190
119.520 4.184
119.540 4.178
119.560 4.173
119.580 4.167
119.600 4.161
119.620 4.156
119.640 4.150
119.660 4.144
119.680 4.138
119.700 4.133
119.720 4.127
119.740 4.122
119.760 4.118
119.780 4.114
119.800 4.109
119.820 4.105
119.840 4.100
119.860 4.096
119.880 4.091
119.900 4.087
119.920 4.082
119.940 4.078
119.960 4.073
119.980 4.069
120.000 4.064
120.020 4.060
120.040 4.055
120.060 4.051
120.080 4.047
120.100 4.042
120.120 4.038
120.140 4.033
120.160 4.029
120.180 4.024
120.200 4.020
120.220 4.015
120.240 4.011
120.260 4.006
120.280 4.002
120.300 3.997
120.320 3.993
120.340 3.988
120.360 3.984
120.380 3.979
120.400 3.975
120.420 3.971
120.440 3.966
120.460 3.962
120.480 3.957
120.500 3.953
120.520 3.948
120.540 3.944
120.560 3.939
120.580 3.935
120.600 3.930
120.620 3.926
120.640 3.921
120.660 3.917
120.680 3.912
120.700 3.908
120.720 3.903
120.740 3.899
120.760 3.895
120.780 3.890
120.800 3.886
120.820 3.881
120.840 3.877
120.860 3.872
120.880 3.868
120.900 3.863
120.920 3.859
120.940 3.854
120.960 3.850
120.980 3.845
121.000 3.841
121.020 3.836
121.040 3.832
121.060 3.828
121.080 3.823
121.100 3.819
121.120 3.814
121.140 3.810
121.160 3.805
121.180 3.801
121.200 3.796
121.220 3.792
121.240 3.787
121.260 3.783
121.280 3.778
121.300 3.774
121.320 3.769
121.340 3.765
121.360 3.760
121.380 3.756
121.400 3.752
121.420 3.747
121.440 3.743
121.460 3.738
121.480 3.734
121.500 3.729
121.520 3.725
121.540 3.720
121.560 3.716
121.580 3.711
121.600 3.707
121.620 3.702
121.640 3.698
121.660 3.693
121.680 3.689
121.700 3.685
121.720 3.680
121.740 3.676
121.760 3.671
121.780 3.667
121.800 3.662
121.820 3.658
121.840 3.653
121.860 3.649
121.880 3.644
121.900 3.640
121.920 3.635
121.940 3.631
121.960 3.626
121.980 3.622
122.000 3.617
122.020 3.613
122.040 3.609
122.060 3.604
122.080 3.600
122.100 3.595
122.120 3.591
122.140 3.586
122.160 3.582
122.180 3.577
122.200 3.573
122.220 3.568
122.240 3.564
122.260 3.559
122.280 3.555
122.300 3.550
122.320 3.546
122.340 3.542
122.360 3.537
122.380 3.533
122.400 3.528
122.420 3.524
122.440 3.519
122.460 3.515
122.480 3.510
122.500 3.506
122.520 3.501
122.540 3.497
122.560 3.492
122.580 3.488
122.600 3.483
122.620 3.479
122.640 3.474
122.660 3.470
122.680 3.466
122.700 3.461
122.720 3.457
122.740 3.452
122.760 3.448
122.780 3.443
122.800 3.439
122.820 3.434
122.840 3.430
122.860 3.425
122.880 3.421
122.900 3.416
122.920 3.412
122.940 3.407
122.960 3.403
122.980 3.398
123.000 3.394
123.020 3.390
123.040 3.385
123.060 3.381
123.080 3.376
123.100 3.372
123.120 3.367
123.140 3.363
123.160 3.358
123.180 3.354
123.200 3.349
123.220 3.345
123.240 3.340
123.260 3.336
123.280 3.331
123.300 3.327
123.320 3.323
123.340 3.318
123.360 3.314
123.380 3.309
123.400 3.305
123.420 3.300
123.440 3.296
123.460 3.291
123.480 3.287
123.500 3.282
123.520 3.278
123.540 3.273
123.560 3.269
123.580 3.264
123.600 3.260
123.620 3.255
123.640 3.251
123.660 3.247
123.680 3.242
123.700 3.238
123.720 3.233
123.740 3.229
123.760 3.224
123.780 3.220
123.800 3.215
123.820 3.211
123.840 3.206
123.860 3.202
123.880 3.197
123.900 3.193
123.920 3.188
123.940 3.184
123.960 3.180
123.980 3.175
124.000 3.171
124.020 3.166
124.040 3.162
124.060 3.157
124.080 3.153
124.100 3.148
124.120 3.144
124.140 3.139
124.160 3.135
124.180 3.130
124.200 3.126
124.220 3.121
124.240 3.117
124.260 3.112
124.280 3.108
124.300 3.104
124.320 3.099
124.340 3.095
124.360 3.090
124.380 3.086
124.400 3.081
124.420 3.077
124.440 3.072
124.460 3.068
124.480 3.063
124.500 3.059
124.520 3.054
124.540 3.050
124.560 3.045
124.580 3.041
124.600 3.037
124.620 3.033
124.640 3.029
124.660 3.026
124.680 3.023
124.700 3.019
124.720 3.016
124.740 3.012
124.760 3.009
124.780 3.006
124.800 3.002
124.820 2.999
124.840 2.995
124.860 2.992
124.880 2.989
124.900 2.985
124.920 2.982
124.940 2.978
124.960 2.975
124.980 2.972
125.000 2.968
125.020 2.965
125.040 2.961
125.060 2.958
125.080 2.955
125.100 2.951
125.120 2.948
125.140 2.944
125.160 2.941
125.180 2.938
125.200 2.934
125.220 2.931
125.240 2.927
125.260 2.924
125.280 2.921
125.300 2.917
125.320 2.914
125.340 2.910
125.360 2.907
125.380 2.904
125.400 2.900
125.420 2.897
125.440 2.893
125.460 2.890
125.480 2.887
125.500 2.883
125.520 2.880
125.540 2.876
125.560 2.873
125.580 2.870
125.600 2.866
125.620 2.863
125.640 2.859
125.660 2.856
125.680 2.853
125.700 2.849
125.720 2.846
125.740 2.842
125.760 2.839
125.780 2.836
125.800 2.832
125.820 2.829
125.840 2.825
125.860 2.822
125.880 2.819
125.900 2.815
125.920 2.812
125.940 2.808
125.960 2.805
125.980 2.802
126.000 2.798
126.020 2.795
126.040 2.791
126.060 2.788
126.080 2.785
126.100 2.781
126.120 2.778
126.140 2.774
126.160 2.771
126.180 2.768
126.200 2.764
126.220 2.761
126.240 2.757
126.260 2.754
126.280 2.751
126.300 2.747
126.320 2.744
126.340 2.740
126.360 2.737
126.380 2.734
126.400 2.730
126.420 2.727
126.440 2.723
126.460 2.720
126.480 2.717
126.500 2.713
126.520 2.710
126.540 2.706
126.560 2.703
126.580 2.700
126.600 2.696
126.620 2.693
126.640 2.689
126.660 2.686
126.680 2.683
126.700 2.679
126.720 2.676
126.740 2.672
126.760 2.669
126.780 2.666
126.800 2.662
126.820 2.659
126.840 2.655
126.860 2.652
126.880 2.649
126.900 2.645
126.920 2.642
126.940 2.638
126.960 2.635
126.980 2.632
127.000 2.628
127.020 2.625
127.040 2.621
127.060 2.618
127.080 2.615
127.100 2.611
127.120 2.608
127.140 2.604
127.160 2.601
127.180 2.598
127.200 2.594
127.220 2.591
127.240 2.587
127.260 2.584
127.280 2.581
127.300 2.577
127.320 2.574
127.340 2.570
127.360 2.567
127.380 2.564
127.400 2.560
127.420 2.557
127.440 2.553
127.460 2.550
127.480 2.547
127.500 2.543
127.520 2.540
127.540 2.536
127.560 2.533
127.580 2.530
127.600 2.526
127.620 2.523
127.640 2.519
127.660 2.516
127.680 2.513
127.700 2.509
127.720 2.506
127.740 2.502
127.760 2.499
127.780 2.496
127.800 2.492
127.820 2.489
127.840 2.485
127.860 2.482
127.880 2.479
127.900 2.475
127.920 2.472
127.940 2.468
127.960 2.465
127.980 2.462
128.000 2.458
128.020 2.455
128.040 2.451
128.060 2.448
128.080 2.445
128.100 2.441
128.120 2.438
128.140 2.434
128.160 2.431
128.180 2.428
128.200 2.424
128.220 2.421
128.240 2.417
128.260 2.414
128.280 2.411
128.300 2.407
128.320 2.404
128.340 2.400
128.360 2.397
128.380 2.394
128.400 2.390
128.420 2.387
128.440 2.383
128.460 2.380
128.480 2.377
128.500 2.373
128.520 2.370
128.540 2.367
128.560 2.363
128.580 2.360
128.600 2.356
128.620 2.353
128.640 2.350
128.660 2.346
128.680 2.343
128.700 2.339
128.720 2.336
128.740 2.333
128.760 2.329
128.780 2.326
128.800 2.322
128.820 2.319
128.840 2.316
128.860 2.312
128.880 2.309
128.900 2.305
128.920 2.302
128.940 2.299
128.960 2.295
128.980 2.292
129.000 2.288
129.020 2.285
129.040 2.282
129.060 2.278
129.080 2.275
129.100 2.271
129.120 2.268
129.140 2.265
129.160 2.261
129.180 2.258
129.200 2.254
129.220 2.251
129.240 2.248
129.260 2.244
129.280 2.241
129.300 2.237
129.320 2.234
129.340 2.231
129.360 2.227
129.380 2.224
129.400 2.220
129.420 2.217
129.440 2.214
129.460 2.210
129.480 2.207
129.500 2.203
129.520 2.200
129.540 2.197
129.560 2.193
129.580 2.190
129.600 2.186
129.620 2.183
129.640 2.180
129.660 2.176
129.680 2.173
129.700 2.170
129.720 2.167
129.740 2.165
129.760 2.162
129.780 2.160
129.800 2.157
129.820 2.155
129.840 2.152
129.860 2.150
129.880 2.147
129.900 2.145
129.920 2.142
129.940 2.140
129.960 2.137
129.980 2.135
130.000 2.132
130.020 2.130
130.040 2.127
130.060 2.125
130.080 2.122
130.100 2.120
130.120 2.117
130.140 2.115
130.160 2.112
130.180 2.110
130.200 2.107
130.220 2.105
130.240 2.102
130.260 2.100
130.280 2.097
130.300 2.095
130.320 2.092
130.340 2.090
130.360 2.087
130.380 2.085
130.400 2.082
130.420 2.080
130.440 2.077
130.460 2.075
130.480 2.072
130.500 2.070
130.520 2.067
130.540 2.065
130.560 2.062
130.580 2.059
130.600 2.057
130.620 2.054
130.640 2.052
130.660 2.049
130.680 2.047
130.700 2.044
130.720 2.042
130.740 2.039
130.760 2.037
130.780 2.034
130.800 2.032
130.820 2.029
130.840 2.027
130.860 2.024
130.880 2.022
130.900 2.019
130.920 2.017
130.940 2.014
130.960 2.012
130.980 2.009
131.000 2.007
131.020 2.004
131.040 2.002
131.060 1.999
131.080 1.997
131.100 1.994
131.120 1.992
131.140 1.989
131.160 1.987
131.180 1.984
131.200 1.982
131.220 1.979
131.240 1.977
131.260 1.974
131.280 1.972
131.300 1.969
131.320 1.967
131.340 1.964
131.360 1.962
131.380 1.959
131.400 1.957
131.420 1.954
131.440 1.952
131.460 1.949
131.480 1.947
131.500 1.944
131.520 1.942
131.540 1.939
131.560 1.937
131.580 1.934
131.600 1.932
131.620 1.929
131.640 1.927
131.660 1.924
131.680 1.922
131.700 1.919
131.720 1.917
131.740 1.914
131.760 1.912
131.780 1.909
131.800 1.907
131.820 1.904
131.840 1.902
131.860 1.899
131.880 1.897
131.900 1.894
131.920 1.892
131.940 1.889
131.960 1.887
131.980 1.884
132.000 1.882
132.020 1.879
132.040 1.877
132.060 1.874
132.080 1.872
132.100 1.869
132.120 1.867
132.140 1.864
132.160 1.862
132.180 1.859
132.200 1.857
132.220 1.854
132.240 1.852
132.260 1.849
132.280 1.847
132.300 1.844
132.320 1.842
132.340 1.839
132.360 1.837
132.380 1.834
132.400 1.832
132.420 1.829
132.440 1.827
132.460 1.824
132.480 1.822
132.500 1.819
132.520 1.817
132.540 1.814
132.560 1.812
132.580 1.809
132.600 1.807
132.620 1.804
132.640 1.802
132.660 1.799
132.680 1.797
132.700 1.794
132.720 1.792
132.740 1.789
132.760 1.787
132.780 1.784
132.800 1.782
132.820 1.779
132.840 1.777
132.860 1.774
132.880 1.772
132.900 1.769
132.920 1.767
132.940 1.764
132.960 1.762
132.980 1.759
133.000 1.757
133.020 1.754
133.040 1.752
133.060 1.749
133.080 1.746
133.100 1.744
133.120 1.741
133.140 1.739
133.160 1.736
133.180 1.734
133.200 1.731
133.220 1.729
133.240 1.726
133.260 1.724
133.280 1.721
133.300 1.719
133.320 1.716
133.340 1.714
133.360 1.711
133.380 1.709
133.400 1.706
133.420 1.704
133.440 1.701
133.460 1.699
133.480 1.696
133.500 1.694
133.520 1.691
133.540 1.689
133.560 1.686
133.580 1.684
133.600 1.681
133.620 1.679
133.640 1.676
133.660 1.674
133.680 1.671
133.700 1.669
133.720 1.666
133.740 1.664
133.760 1.661
133.780 1.659
133.800 1.656
133.820 1.654
133.840 1.651
133.860 1.649
133.880 1.646
133.900 1.644
133.920 1.641
133.940 1.639
133.960 1.636
133.980 1.634
134.000 1.631
134.020 1.629
134.040 1.626
134.060 1.624
134.080 1.621
134.100 1.619
134.120 1.616
134.140 1.614
134.160 1.611
134.180 1.609
134.200 1.606
134.220 1.604
134.240 1.601
134.260 1.599
134.280 1.596
134.300 1.594
134.320 1.591
134.340 1.589
134.360 1.586
134.380 1.584
134.400 1.581
134.420 1.579
134.440 1.576
134.460 1.574
134.480 1.571
134.500 1.569
134.520 1.566
134.540 1.564
134.560 1.561
134.580 1.559
134.600 1.556
134.620 1.554
134.640 1.551
134.660 1.549
134.680 1.546
134.700 1.544
134.720 1.541
134.740 1.539
134.760 1.536
134.780 1.534
134.800 1.531
134.820 1.529
134.840 1.526
134.860 1.524
134.880 1.521
134.900 1.519
134.920 1.516
134.940 1.514
134.960 1.511
134.980 1.509
135.000 1.507
135.020 1.505
135.040 1.503
135.060 1.501
135.080 1.499
135.100 1.498
135.120 1.496
135.140 1.494
135.160 1.492
135.180 1.491
135.200 1.489
135.220 1.487
135.240 1.485
135.260 1.483
135.280 1.482
135.300 1.480
135.320 1.478
135.340 1.476
135.360 1.474
135.380 1.473
135.400 1.471
135.420 1.469
135.440 1.467
135.460 1.466
135.480 1.464
135.500 1.462
135.520 1.460
135.540 1.458
135.560 1.457
135.580 1.455
135.600 1.453
135.620 1.451
135.640 1.450
135.660 1.448
135.680 1.446
135.700 1.444
135.720 1.442
135.740 1.441
135.760 1.439
135.780 1.437
135.800 1.435
135.820 1.433
135.840 1.432
135.860 1.430
135.880 1.428
135.900 1.426
135.920 1.425
135.940 1.423
135.960 1.421
135.980 1.419
136.000 1.417
136.020 1.416
136.040 1.414
136.060 1.412
136.080 1.410
136.100 1.408
136.120 1.407
136.140 1.405
136.160 1.403
136.180 1.401
136.200 1.400
136.220 1.398
136.240 1.396
136.260 1.394
136.280 1.392
136.300 1.391
136.320 1.389
136.340 1.387
136.360 1.385
136.380 1.383
136.400 1.382
136.420 1.380
136.440 1.378
136.460 1.376
136.480 1.375
136.500 1.373
136.520 1.371
136.540 1.369
136.560 1.367
136.580 1.366
136.600 1.364
136.620 1.362
136.640 1.360
136.660 1.358
136.680 1.357
136.700 1.355
136.720 1.353
136.740 1.351
136.760 1.350
136.780 1.348
136.800 1.346
136.820 1.344
136.840 1.342
136.860 1.341
136.880 1.339
136.900 1.337
136.920 1.335
136.940 1.333
136.960 1.332
136.980 1.330
137.000 1.328
137.020 1.326
137.040 1.325
137.060 1.323
137.080 1.321
137.100 1.319
137.120 1.317
137.140 1.316
137.160 1.314
137.180 1.312
137.200 1.310
137.220 1.309
137.240 1.307
137.260 1.305
137.280 1.303
137.300 1.301
137.320 1.300
137.340 1.298
137.360 1.296
137.380 1.294
137.400 1.292
137.420 1.291
137.440 1.289
137.460 1.287
137.480 1.285
137.500 1.284
137.520 1.282
137.540 1.280
137.560 1.278
137.580 1.276
137.600 1.275
137.620 1.273
137.640 1.271
137.660 1.269
137.680 1.267
137.700 1.266
137.720 1.264
137.740 1.262
137.760 1.260
137.780 1.259
137.800 1.257
137.820 1.255
137.840 1.253
137.860 1.251
137.880 1.250
137.900 1.248
137.920 1.246
137.940 1.244
137.960 1.242
137.980 1.241
138.000 1.239
138.020 1.237
138.040 1.235
138.060 1.234
138.080 1.232
138.100 1.230
138.120 1.228
138.140 1.226
138.160 1.225
138.180 1.223
138.200 1.221
138.220 1.219
138.240 1.217
138.260 1.216
138.280 1.214
138.300 1.212
138.320 1.210
138.340 1.209
138.360 1.207
138.380 1.205
138.400 1.203
138.420 1.201
138.440 1.200
138.460 1.198
138.480 1.196
138.500 1.194
138.520 1.192
138.540 1.191
138.560 1.189
138.580 1.187
138.600 1.185
138.620 1.184
138.640 1.182
138.660 1.180
138.680 1.178
138.700 1.176
138.720 1.175
138.740 1.173
138.760 1.171
138.780 1.169
138.800 1.167
138.820 1.166
138.840 1.164
138.860 1.162
138.880 1.160
138.900 1.159
138.920 1.157
138.940 1.155
138.960 1.153
138.980 1.151
139.000 1.150
139.020 1.148
139.040 1.146
139.060 1.144
139.080 1.143
139.100 1.141
139.120 1.139
139.140 1.137
139.160 1.135
139.180 1.134
139.200 1.132
139.220 1.130
139.240 1.128
139.260 1.126
139.280 1.125
139.300 1.123
139.320 1.121
139.340 1.119
139.360 1.118
139.380 1.116
139.400 1.114
139.420 1.112
139.440 1.110
139.460 1.109
139.480 1.107
139.500 1.105
139.520 1.103
139.540 1.101
139.560 1.100
139.580 1.098
139.600 1.096
139.620 1.094
139.640 1.093
139.660 1.091
139.680 1.089
139.700 1.087
139.720 1.085
139.740 1.084
139.760 1.082
139.780 1.080
139.800 1.078
139.820 1.076
139.840 1.075
139.860 1.073
139.880 1.071
139.900 1.069
139.920 1.068
139.940 1.066
139.960 1.064
139.980 1.062
140.000 1.060
140.020 1.059
140.040 1.057
140.060 1.055
140.080 1.053
140.100 1.051
140.120 1.050
140.140 1.048
140.160 1.046
140.180 1.044
140.200 1.043
140.220 1.041
140.240 1.039
140.260 1.037
140.280 1.035
140.300 1.034
140.320 1.032
140.340 1.030
140.360 1.028
140.380 1.026
140.400 1.025
140.420 1.023
140.440 1.021
140.460 1.019
140.480 1.018
140.500 1.016
140.520 1.015
140.540 1.013
140.560 1.012
140.580 1.011
140.600 1.010
140.620 1.009
140.640 1.007
140.660 1.006
140.680 1.005
140.700 1.004
140.720 1.002
140.740 1.001
140.760 1.000
140.780 0.999
140.800 0.997
140.820 0.996
140.840 0.995
140.860 0.994
140.880 0.993
140.900 0.991
140.920 0.990
140.940 0.989
140.960 0.988
140.980 0.986
141.000 0.985
141.020 0.984
141.040 0.983
141.060 0.982
141.080 0.980
141.100 0.979
141.120 0.978
141.140 0.977
141.160 0.975
141.180 0.974
141.200 0.973
141.220 0.972
141.240 0.970
141.260 0.969
141.280 0.968
141.300 0.967
141.320 0.966
141.340 0.964
141.360 0.963
141.380 0.962
141.400 0.961
141.420 0.959
141.440 0.958
141.460 0.957
141.480 0.956
141.500 0.954
141.520 0.953
141.540 0.952
141.560 0.951
141.580 0.950
141.600 0.948
141.620 0.947
141.640 0.946
141.660 0.945
141.680 0.943
141.700 0.942
141.720 0.941
141.740 0.940
141.760 0.938
141.780 0.937
141.800 0.936
141.820 0.935
141.840 0.934
141.860 0.932
141.880 0.931
141.900 0.930
141.920 0.929
141.940 0.927
141.960 0.926
141.980 0.925
142.000 0.924
142.020 0.922
142.040 0.921
142.060 0.920
142.080 0.919
142.100 0.918
142.120 0.916
142.140 0.915
142.160 0.914
142.180 0.913
142.200 0.911
142.220 0.910
142.240 0.909
142.260 0.908
142.280 0.906
142.300 0.905
142.320 0.904
142.340 0.903
142.360 0.902
142.380 0.900
142.400 0.899
142.420 0.898
142.440 0.897
142.460 0.895
142.480 0.894
142.500 0.893
142.520 0.892
142.540 0.891
142.560 0.889
142.580 0.888
142.600 0.887
142.620 0.886
142.640 0.884
142.660 0.883
142.680 0.882
142.700 0.881
142.720 0.879
142.740 0.878
142.760 0.877
142.780 0.876
142.800 0.875
142.820 0.873
142.840 0.872
142.860 0.871
142.880 0.870
142.900 0.868
142.920 0.867
142.940 0.866
142.960 0.865
142.980 0.863
143.000 0.862
143.020 0.861
143.040 0.860
143.060 0.859
143.080 0.857
143.100 0.856
143.120 0.855
143.140 0.854
143.160 0.852
143.180 0.851
143.200 0.850
143.220 0.849
143.240 0.847
143.260 0.846
143.280 0.845
143.300 0.844
143.320 0.843
143.340 0.841
143.360 0.840
143.380 0.839
143.400 0.838
143.420 0.836
143.440 0.835
143.460 0.834
143.480 0.833
143.500 0.831
143.520 0.830
143.540 0.829
143.560 0.828
143.580 0.827
143.600 0.825
143.620 0.824
143.640 0.823
143.660 0.822
143.680 0.820
143.700 0.819
143.720 0.818
143.740 0.817
143.760 0.815
143.780 0.814
143.800 0.813
143.820 0.812
143.840 0.811
143.860 0.809
143.880 0.808
143.900 0.807
143.920 0.806
143.940 0.804
143.960 0.803
143.980 0.802
144.000 0.801
144.020 0.800
144.040 0.798
144.060 0.797
144.080 0.796
144.100 0.795
144.120 0.793
144.140 0.792
144.160 0.791
144.180 0.790
144.200 0.788
144.220 0.787
144.240 0.786
144.260 0.785
144.280 0.784
144.300 0.782
144.320 0.781
144.340 0.780
144.360 0.779
144.380 0.777
144.400 0.776
144.420 0.775
144.440 0.774
144.460 0.772
144.480 0.771
144.500 0.770
144.520 0.769
144.540 0.768
144.560 0.766
144.580 0.765
144.600 0.764
144.620 0.763
144.640 0.761
144.660 0.760
144.680 0.759
144.700 0.758
144.720 0.756
144.740 0.755
144.760 0.754
144.780 0.753
144.800 0.752
144.820 0.750
144.840 0.749
144.860 0.748
144.880 0.747
144.900 0.745
144.920 0.744
144.940 0.743
144.960 0.742
144.980 0.740
145.000 0.739
145.020 0.738
145.040 0.737
145.060 0.736
145.080 0.734
145.100 0.733
145.120 0.732
145.140 0.731
145.160 0.729
145.180 0.728
145.200 0.727
145.220 0.726
145.240 0.724
145.260 0.723
145.280 0.722
145.300 0.721
145.320 0.720
145.340 0.718
145.360 0.717
145.380 0.716
145.400 0.715
145.420 0.713
145.440 0.712
145.460 0.711
145.480 0.710
145.500 0.709
145.520 0.707
145.540 0.706
145.560 0.705
145.580 0.704
145.600 0.702
145.620 0.701
145.640 0.700
145.660 0.699
145.680 0.697
145.700 0.696
145.720 0.695
145.740 0.694
145.760 0.693
145.780 0.691
145.800 0.690
145.820 0.689
145.840 0.688
145.860 0.686
145.880 0.685
145.900 0.684
145.920 0.683
145.940 0.681
145.960 0.680
145.980 0.679
146.000 0.678
146.020 0.677
146.040 0.675
146.060 0.674
146.080 0.673
146.100 0.672
146.120 0.670
146.140 0.669
146.160 0.668
146.180 0.667
146.200 0.665
146.220 0.664
146.240 0.663
146.260 0.662
146.280 0.662
146.300 0.661
146.320 0.660
146.340 0.659
146.360 0.658
146.380 0.658
146.400 0.657
146.420 0.656
146.440 0.655
146.460 0.654
146.480 0.653
146.500 0.653
146.520 0.652
146.540 0.651
146.560 0.650
146.580 0.649
146.600 0.649
146.620 0.648
146.640 0.647
146.660 0.646
146.680 0.645
146.700 0.644
146.720 0.644
146.740 0.643
146.760 0.642
146.780 0.641
146.800 0.640
146.820 0.640
146.840 0.639
146.860 0.638
146.880 0.637
146.900 0.636
146.920 0.635
146.940 0.635
146.960 0.634
146.980 0.633
147.000 0.632
147.020 0.631
147.040 0.631
147.060 0.630
147.080 0.629
147.100 0.628
147.120 0.627
147.140 0.626
147.160 0.626
147.180 0.625
147.200 0.624
147.220 0.623
147.240 0.622
147.260 0.622
147.280 0.621
147.300 0.620
147.320 0.619
147.340 0.618
147.360 0.617
147.380 0.617
147.400 0.616
147.420 0.615
147.440 0.614
147.460 0.613
147.480 0.613
147.500 0.612
147.520 0.611
147.540 0.610
147.560 0.609
147.580 0.608
147.600 0.608
147.620 0.607
147.640 0.606
147.660 0.605
147.680 0.604
147.700 0.604
147.720 0.603
147.740 0.602
147.760 0.601
147.780 0.600
147.800 0.599
147.820 0.599
147.840 0.598
147.860 0.597
147.880 0.596
147.900 0.595
147.920 0.595
147.940 0.594
147.960 0.593
147.980 0.592
148.000 0.591
148.020 0.590
148.040 0.590
148.060 0.589
148.080 0.588
148.100 0.587
148.120 0.586
148.140 0.586
148.160 0.585
148.180 0.584
148.200 0.583
148.220 0.582
148.240 0.581
148.260 0.581
148.280 0.580
148.300 0.579
148.320 0.578
148.340 0.577
148.360 0.577
148.380 0.576
148.400 0.575
148.420 0.574
148.440 0.573
148.460 0.572
148.480 0.572
148.500 0.571
148.520 0.570
148.540 0.569
148.560 0.568
148.580 0.568
148.600 0.567
148.620 0.566
148.640 0.565
148.660 0.564
148.680 0.563
148.700 0.563
148.720 0.562
148.740 0.561
148.760 0.560
148.780 0.559
148.800 0.559
148.820 0.558
148.840 0.557
148.860 0.556
148.880 0.555
148.900 0.554
148.920 0.554
148.940 0.553
148.960 0.552
148.980 0.551
149.000 0.550
149.020 0.550
149.040 0.549
149.060 0.548
149.080 0.547
149.100 0.546
149.120 0.545
149.140 0.545
149.160 0.544
149.180 0.543
149.200 0.542
149.220 0.541
149.240 0.541
149.260 0.540
149.280 0.539
149.300 0.538
149.320 0.537
149.340 0.536
149.360 0.536
149.380 0.535
149.400 0.534
149.420 0.533
149.440 0.532
149.460 0.532
149.480 0.531
149.500 0.530
149.520 0.529
149.540 0.528
149.560 0.527
149.580 0.527
149.600 0.526
149.620 0.525
149.640 0.524
149.660 0.523
149.680 0.523
149.700 0.522
149.720 0.521
149.740 0.520
149.760 0.519
149.780 0.518
149.800 0.518
149.820 0.517
149.840 0.516
149.860 0.515
149.880 0.514
149.900 0.514
149.920 0.513
149.940 0.512
149.960 0.511
149.980 0.510
150.000 0.509
150.020 0.509
150.040 0.508
150.060 0.507
150.080 0.506
150.100 0.505
150.120 0.505
150.140 0.504
150.160 0.503
150.180 0.502
150.200 0.501
150.220 0.500
150.240 0.500
150.260 0.499
150.280 0.498
150.300 0.497
150.320 0.496
150.340 0.496
150.360 0.495
150.380 0.494
150.400 0.493
150.420 0.492
150.440 0.491
150.460 0.491
150.480 0.490
150.500 0.489
150.520 0.488
150.540 0.487
150.560 0.487
150.580 0.486
150.600 0.485
150.620 0.484
150.640 0.483
150.660 0.482
150.680 0.482
150.700 0.481
150.720 0.480
150.740 0.479
150.760 0.478
150.780 0.478
150.800 0.477
150.820 0.476
150.840 0.475
150.860 0.474
150.880 0.473
150.900 0.473
150.920 0.472
150.940 0.471
150.960 0.470
150.980 0.469
151.000 0.469
151.020 0.468
151.040 0.467
151.060 0.466
151.080 0.465
151.100 0.464
151.120 0.464
151.140 0.463
151.160 0.462
151.180 0.461
151.200 0.460
151.220 0.460
151.240 0.459
151.260 0.458
151.280 0.457
151.300 0.456
151.320 0.455
151.340 0.455
151.360 0.454
151.380 0.453
151.400 0.452
151.420 0.451
151.440 0.451
151.460 0.450
151.480 0.449
151.500 0.448
151.520 0.447
151.540 0.446
151.560 0.446
151.580 0.445
151.600 0.444
151.620 0.443
151.640 0.442
151.660 0.442
151.680 0.441
151.700 0.440
151.720 0.439
151.740 0.438
151.760 0.437
151.780 0.437
151.800 0.436
151.820 0.435
151.840 0.434
151.860 0.433
151.880 0.433
151.900 0.432
151.920 0.431
151.940 0.430
151.960 0.429
151.980 0.428
152.000 0.428
152.020 0.427
152.040 0.426
152.060 0.425
152.080 0.424
152.100 0.424
152.120 0.423
152.140 0.422
152.160 0.421
152.180 0.420
152.200 0.419
152.220 0.419
152.240 0.418
152.260 0.418
152.280 0.417
152.300 0.417
152.320 0.416
152.340 0.416
152.360 0.415
152.380 0.415
152.400 0.414
152.420 0.414
152.440 0.413
152.460 0.413
152.480 0.412
152.500 0.412
152.520 0.411
152.540 0.411
152.560 0.410
152.580 0.410
152.600 0.409
152.620 0.408
152.640 0.408
152.660 0.407
152.680 0.407
152.700 0.406
152.720 0.406
152.740 0.405
152.760 0.405
152.780 0.404
152.800 0.404
152.820 0.403
152.840 0.403
152.860 0.402
152.880 0.402
152.900 0.401
152.920 0.401
152.940 0.400
152.960 0.400
152.980 0.399
153.000 0.398
153.020 0.398
153.040 0.397
153.060 0.397
153.080 0.396
153.100 0.396
153.120 0.395
153.140 0.395
153.160 0.394
153.180 0.394
153.200 0.393
153.220 0.393
153.240 0.392
153.260 0.392
153.280 0.391
153.300 0.391
153.320 0.390
153.340 0.390
153.360 0.389
153.380 0.389
153.400 0.388
153.420 0.387
153.440 0.387
153.460 0.386
153.480 0.386
153.500 0.385
153.520 0.385
153.540 0.384
153.560 0.384
153.580 0.383
153.600 0.383
153.620 0.382
153.640 0.382
153.660 0.381
153.680 0.381
153.700 0.380
153.720 0.380
153.740 0.379
153.760 0.379
153.780 0.378
153.800 0.377
153.820 0.377
153.840 0.376
153.860 0.376
153.880 0.375
153.900 0.375
153.920 0.374
153.940 0.374
153.960 0.373
153.980 0.373
154.000 0.372
154.020 0.372
154.040 0.371
154.060 0.371
154.080 0.370
154.100 0.370
154.120 0.369
154.140 0.369
154.160 0.368
154.180 0.368
154.200 0.367
154.220 0.366
154.240 0.366
154.260 0.365
154.280 0.365
154.300 0.364
154.320 0.364
154.340 0.363
154.360 0.363
154.380 0.362
154.400 0.362
154.420 0.361
154.440 0.361
154.460 0.360
154.480 0.360
154.500 0.359
154.520 0.359
154.540 0.358
154.560 0.358
154.580 0.357
154.600 0.356
154.620 0.356
154.640 0.355
154.660 0.355
154.680 0.354
154.700 0.354
154.720 0.353
154.740 0.353
154.760 0.352
154.780 0.352
154.800 0.351
154.820 0.351
154.840 0.350
154.860 0.350
154.880 0.349
154.900 0.349
154.920 0.348
154.940 0.348
154.960 0.347
154.980 0.347
155.000 0.346
155.020 0.345
155.040 0.345
155.060 0.344
155.080 0.344
155.100 0.343
155.120 0.343
155.140 0.342
155.160 0.342
155.180 0.341
155.200 0.341
155.220 0.340
155.240 0.340
155.260 0.339
155.280 0.339
155.300 0.338
155.320 0.338
155.340 0.337
155.360 0.337
155.380 0.336
155.400 0.335
155.420 0.335
155.440 0.334
155.460 0.334
155.480 0.333
155.500 0.333
155.520 0.332
155.540 0.332
155.560 0.331
155.580 0.331
155.600 0.330
155.620 0.330
155.640 0.329
155.660 0.329
155.680 0.328
155.700 0.328
155.720 0.327
155.740 0.327
155.760 0.326
155.780 0.325
155.800 0.325
155.820 0.324
155.840 0.324
155.860 0.323
155.880 0.323
155.900 0.322
155.920 0.322
155.940 0.321
155.960 0.321
155.980 0.320
156.000 0.320
156.020 0.319
156.040 0.319
156.060 0.318
156.080 0.318
156.100 0.317
156.120 0.317
156.140 0.316
156.160 0.316
156.180 0.315
156.200 0.314
156.220 0.314
156.240 0.313
156.260 0.313
156.280 0.312
156.300 0.312
156.320 0.311
156.340 0.311
156.360 0.310
156.380 0.310
156.400 0.309
156.420 0.309
156.440 0.308
156.460 0.308
156.480 0.307
156.500 0.307
156.520 0.306
156.540 0.306
156.560 0.305
156.580 0.304
156.600 0.304
156.620 0.303
156.640 0.303
156.660 0.302
156.680 0.302
156.700 0.301
156.720 0.301
156.740 0.300
156.760 0.300
156.780 0.299
156.800 0.299
156.820 0.298
156.840 0.298
156.860 0.297
156.880 0.297
156.900 0.296
156.920 0.296
156.940 0.295
156.960 0.295
156.980 0.294
157.000 0.293
157.020 0.293
157.040 0.292
157.060 0.292
157.080 0.291
157.100 0.291
157.120 0.290
157.140 0.290
157.160 0.289
157.180 0.289
157.200 0.288
157.220 0.288
157.240 0.287
157.260 0.287
157.280 0.286
157.300 0.286
157.320 0.285
157.340 0.285
157.360 0.284
157.380 0.283
157.400 0.283
157.420 0.282
157.440 0.282
157.460 0.281
157.480 0.281
157.500 0.280
157.520 0.280
157.540 0.279
157.560 0.279
157.580 0.278
157.600 0.278
157.620 0.277
157.640 0.277
157.660 0.276
157.680 0.276
157.700 0.275
157.720 0.275
157.740 0.274
157.760 0.274
157.780 0.273
157.800 0.272
157.820 0.272
157.840 0.271
157.860 0.271
157.880 0.270
157.900 0.270
157.920 0.269
157.940 0.269
157.960 0.268
157.980 0.268
158.000 0.267
158.020 0.267
158.040 0.266
158.060 0.266
158.080 0.265
158.100 0.265
158.120 0.264
158.140 0.264
158.160 0.263
158.180 0.262
158.200 0.262
158.220 0.261
158.240 0.261
158.260 0.260
158.280 0.260
158.300 0.259
158.320 0.259
158.340 0.258
158.360 0.258
158.380 0.257
158.400 0.257
158.420 0.256
158.440 0.256
158.460 0.256
158.480 0.255
158.500 0.255
158.520 0.255
158.540 0.254
158.560 0.254
158.580 0.254
158.600 0.253
158.620 0.253
158.640 0.253
158.660 0.252
158.680 0.252
158.700 0.252
158.720 0.251
158.740 0.251
158.760 0.251
158.780 0.250
158.800 0.250
158.820 0.250
158.840 0.249
158.860 0.249
158.880 0.249
158.900 0.249
158.920 0.248
158.940 0.248
158.960 0.248
158.980 0.247
159.000 0.247
159.020 0.247
159.040 0.246
159.060 0.246
159.080 0.246
159.100 0.245
159.120 0.245
159.140 0.245
159.160 0.244
159.180 0.244
159.200 0.244
159.220 0.243
159.240 0.243
159.260 0.243
159.280 0.242
159.300 0.242
159.320 0.242
159.340 0.241
159.360 0.241
159.380 0.241
159.400 0.240
159.420 0.240
159.440 0.240
159.460 0.239
159.480 0.239
159.500 0.239
159.520 0.238
159.540 0.238
159.560 0.238
159.580 0.237
159.600 0.237
159.620 0.237
159.640 0.236
159.660 0.236
159.680 0.236
159.700 0.236
159.720 0.235
159.740 0.235
159.760 0.235
159.780 0.234
159.800 0.234
159.820 0.234
159.840 0.233
159.860 0.233
159.880 0.233
159.900 0.232
159.920 0.232
159.940 0.232
159.960 0.231
159.980 0.231
160.000 0.231
160.020 0.230
160.040 0.230
160.060 0.230
160.080 0.229
160.100 0.229
160.120 0.229
160.140 0.228
160.160 0.228
160.180 0.228
160.200 0.227
160.220 0.227
160.240 0.227
160.260 0.226
160.280 0.226
160.300 0.226
160.320 0.225
160.340 0.225
160.360 0.225
160.380 0.224
160.400 0.224
160.420 0.224
160.440 0.223
160.460 0.223
160.480 0.223
160.500 0.223
160.520 0.222
160.540 0.222
160.560 0.222
160.580 0.221
160.600 0.221
160.620 0.221
160.640 0.220
160.660 0.220
160.680 0.220
160.700 0.219
160.720 0.219
160.740 0.219
160.760 0.218
160.780 0.218
160.800 0.218
160.820 0.217
160.840 0.217
160.860 0.217
160.880 0.216
160.900 0.216
160.920 0.216
160.940 0.215
160.960 0.215
160.980 0.215
161.000 0.214
161.020 0.214
161.040 0.214
161.060 0.213
161.080 0.213
161.100 0.213
161.120 0.212
161.140 0.212
161.160 0.212
161.180 0.211
161.200 0.211
161.220 0.211
161.240 0.210
161.260 0.210
161.280 0.210
161.300 0.210
161.320 0.209
161.340 0.209
161.360 0.209
161.380 0.208
161.400 0.208
161.420 0.208
161.440 0.207
161.460 0.207
161.480 0.207
161.500 0.206
161.520 0.206
161.540 0.206
161.560 0.205
161.580 0.205
161.600 0.205
161.620 0.204
161.640 0.204
161.660 0.204
161.680 0.203
161.700 0.203
161.720 0.203
161.740 0.202
161.760 0.202
161.780 0.202
161.800 0.201
161.820 0.201
161.840 0.201
161.860 0.200
161.880 0.200
161.900 0.200
161.920 0.199
161.940 0.199
161.960 0.199
161.980 0.198
162.000 0.198
162.020 0.198
162.040 0.197
162.060 0.197
162.080 0.197
162.100 0.197
162.120 0.196
162.140 0.196
162.160 0.196
162.180 0.195
162.200 0.195
162.220 0.195
162.240 0.194
162.260 0.194
162.280 0.194
162.300 0.193
162.320 0.193
162.340 0.193
162.360 0.192
162.380 0.192
162.400 0.192
162.420 0.191
162.440 0.191
162.460 0.191
162.480 0.190
162.500 0.190
162.520 0.190
162.540 0.189
162.560 0.189
162.580 0.189
162.600 0.188
162.620 0.188
162.640 0.188
162.660 0.187
162.680 0.187
162.700 0.187
162.720 0.186
162.740 0.186
162.760 0.186
162.780 0.185
162.800 0.185
162.820 0.185
162.840 0.184
162.860 0.184
162.880 0.184
162.900 0.184
162.920 0.183
162.940 0.183
162.960 0.183
162.980 0.182
163.000 0.182
163.020 0.182
163.040 0.181
163.060 0.181
163.080 0.181
163.100 0.180
163.120 0.180
163.140 0.180
163.160 0.179
163.180 0.179
163.200 0.179
163.220 0.178
163.240 0.178
163.260 0.178
163.280 0.177
163.300 0.177
163.320 0.177
163.340 0.176
163.360 0.176
163.380 0.176
163.400 0.175
163.420 0.175
163.440 0.175
163.460 0.174
163.480 0.174
163.500 0.174
163.520 0.173
163.540 0.173
163.560 0.173
163.580 0.172
163.600 0.172
163.620 0.172
163.640 0.171
163.660 0.171
163.680 0.171
163.700 0.171
163.720 0.170
163.740 0.170
163.760 0.170
163.780 0.169
163.800 0.169
163.820 0.169
163.840 0.168
163.860 0.168
163.880 0.168
163.900 0.167
163.920 0.167
163.940 0.167
163.960 0.166
163.980 0.166
164.000 0.166
164.020 0.165
164.040 0.165
164.060 0.165
164.080 0.164
164.100 0.164
164.120 0.164
164.140 0.163
164.160 0.163
164.180 0.163
164.200 0.162
164.220 0.162
164.240 0.162
164.260 0.161
164.280 0.161
164.300 0.161
164.320 0.160
164.340 0.160
164.360 0.160
164.380 0.159
164.400 0.159
164.420 0.159
164.440 0.158
164.460 0.158
164.480 0.158
164.500 0.158
164.520 0.157
164.540 0.157
164.560 0.157
164.580 0.156
164.600 0.156
164.620 0.156
164.640 0.155
164.660 0.155
164.680 0.155
164.700 0.154
164.720 0.154
164.740 0.154
164.760 0.153
164.780 0.153
164.800 0.153
164.820 0.152
164.840 0.152
164.860 0.152
164.880 0.151
164.900 0.151
164.920 0.151
164.940 0.151
164.960 0.151
164.980 0.150
165.000 0.150
165.020 0.150
165.040 0.150
165.060 0.150
165.080 0.149
165.100 0.149
165.120 0.149
165.140 0.149
165.160 0.149
165.180 0.148
165.200 0.148
165.220 0.148
165.240 0.148
165.260 0.148
165.280 0.148
165.300 0.147
165.320 0.147
165.340 0.147
165.360 0.147
165.380 0.147
165.400 0.146
165.420 0.146
165.440 0.146
165.460 0.146
165.480 0.146
165.500 0.145
165.520 0.145
165.540 0.145
165.560 0.145
165.580 0.145
165.600 0.144
165.620 0.144
165.640 0.144
165.660 0.144
165.680 0.144
165.700 0.143
165.720 0.143
165.740 0.143
165.760 0.143
165.780 0.143
165.800 0.142
165.820 0.142
165.840 0.142
165.860 0.142
165.880 0.142
165.900 0.142
165.920 0.141
165.940 0.141
165.960 0.141
165.980 0.141
166.000 0.141
166.020 0.140
166.040 0.140
166.060 0.140
166.080 0.140
166.100 0.140
166.120 0.139
166.140 0.139
166.160 0.139
166.180 0.139
166.200 0.139
166.220 0.138
166.240 0.138
166.260 0.138
166.280 0.138
166.300 0.138
166.320 0.137
166.340 0.137
166.360 0.137
166.380 0.137
166.400 0.137
166.420 0.136
166.440 0.136
166.460 0.136
166.480 0.136
166.500 0.136
166.520 0.136
166.540 0.135
166.560 0.135
166.580 0.135
166.600 0.135
166.620 0.135
166.640 0.134
166.660 0.134
166.680 0.134
166.700 0.134
166.720 0.134
166.740 0.133
166.760 0.133
166.780 0.133
166.800 0.133
166.820 0.133
166.840 0.132
166.860 0.132
166.880 0.132
166.900 0.132
166.920 0.132
166.940 0.131
166.960 0.131
166.980 0.131
167.000 0.131
167.020 0.131
167.040 0.130
167.060 0.130
167.080 0.130
167.100 0.130
167.120 0.130
167.140 0.130
167.160 0.129
167.180 0.129
167.200 0.129
167.220 0.129
167.240 0.129
167.260 0.128
167.280 0.128
167.300 0.128
167.320 0.128
167.340 0.128
167.360 0.127
167.380 0.127
167.400 0.127
167.420 0.127
167.440 0.127
167.460 0.126
167.480 0.126
167.500 0.126
167.520 0.126
167.540 0.126
167.560 0.125
167.580 0.125
167.600 0.125
167.620 0.125
167.640 0.125
167.660 0.124
167.680 0.124
167.700 0.124
167.720 0.124
167.740 0.124
167.760 0.124
167.780 0.123
167.800 0.123
167.820 0.123
167.840 0.123
167.860 0.123
167.880 0.122
167.900 0.122
167.920 0.122
167.940 0.122
167.960 0.122
167.980 0.121
168.000 0.121
168.020 0.121
168.040 0.121
168.060 0.121
168.080 0.120
168.100 0.120
168.120 0.120
168.140 0.120
168.160 0.120
168.180 0.119
168.200 0.119
168.220 0.119
168.240 0.119
168.260 0.119
168.280 0.118
168.300 0.118
168.320 0.118
168.340 0.118
168.360 0.118
168.380 0.118
168.400 0.117
168.420 0.117
168.440 0.117
168.460 0.117
168.480 0.117
168.500 0.116
168.520 0.116
168.540 0.116
168.560 0.116
168.580 0.116
168.600 0.115
168.620 0.115
168.640 0.115
168.660 0.115
168.680 0.115
168.700 0.114
168.720 0.114
168.740 0.114
168.760 0.114
168.780 0.114
168.800 0.113
168.820 0.113
168.840 0.113
168.860 0.113
168.880 0.113
168.900 0.112
168.920 0.112
168.940 0.112
168.960 0.112
168.980 0.112
169.000 0.112
169.020 0.111
169.040 0.111
169.060 0.111
169.080 0.111
169.100 0.111
169.120 0.110
169.140 0.110
169.160 0.110
169.180 0.110
169.200 0.110
169.220 0.109
169.240 0.109
169.260 0.109
169.280 0.109
169.300 0.109
169.320 0.108
169.340 0.108
169.360 0.108
169.380 0.108
169.400 0.108
169.420 0.107
169.440 0.107
169.460 0.107
169.480 0.107
169.500 0.107
169.520 0.106
169.540 0.106
169.560 0.106
169.580 0.106
169.600 0.106
169.620 0.105
169.640 0.105
169.660 0.105
169.680 0.105
169.700 0.105
169.720 0.105
169.740 0.104
169.760 0.104
169.780 0.104
169.800 0.104
169.820 0.104
169.840 0.103
169.860 0.103
169.880 0.103
169.900 0.103
169.920 0.103
169.940 0.102
169.960 0.102
169.980 0.102
170.000 0.102
170.020 0.102
170.040 0.101
170.060 0.101
170.080 0.101
170.100 0.101
170.120 0.101
170.140 0.100
170.160 0.100
170.180 0.100
170.200 0.100
170.220 0.100
170.240 0.099
170.260 0.099
170.280 0.099
170.300 0.099
170.320 0.099
170.340 0.099
170.360 0.098
170.380 0.098
170.400 0.098
170.420 0.098
170.440 0.098
170.460 0.097
170.480 0.097
170.500 0.097
170.520 0.097
170.540 0.097
170.560 0.096
170.580 0.096
170.600 0.096
170.620 0.096
170.640 0.096
170.660 0.095
170.680 0.095
170.700 0.095
170.720 0.095
170.740 0.095
170.760 0.094
170.780 0.094
170.800 0.094
170.820 0.094
170.840 0.094
170.860 0.093
170.880 0.093
170.900 0.093
170.920 0.093
170.940 0.093
170.960 0.093
170.980 0.092
171.000 0.092
171.020 0.092
171.040 0.092
171.060 0.092
171.080 0.091
171.100 0.091
171.120 0.091
171.140 0.091
171.160 0.091
171.180 0.090
171.200 0.090
171.220 0.090
171.240 0.090
171.260 0.090
171.280 0.089
171.300 0.089
171.320 0.089
171.340 0.089
171.360 0.089
171.380 0.088
171.400 0.088
171.420 0.088
171.440 0.088
171.460 0.088
171.480 0.087
171.500 0.087
171.520 0.087
171.540 0.087
171.560 0.087
171.580 0.087
171.600 0.086
171.620 0.086
171.640 0.086
171.660 0.086
171.680 0.086
171.700 0.086
171.720 0.086
171.740 0.086
171.760 0.085
171.780 0.085
171.800 0.085
171.820 0.085
171.840 0.085
171.860 0.085
171.880 0.085
171.900 0.085
171.920 0.085
171.940 0.084
171.960 0.084
171.980 0.084
172.000 0.084
172.020 0.084
172.040 0.084
172.060 0.084
172.080 0.084
172.100 0.084
172.120 0.083
172.140 0.083
172.160 0.083
172.180 0.083
172.200 0.083
172.220 0.083
172.240 0.083
172.260 0.083
172.280 0.083
172.300 0.082
172.320 0.082
172.340 0.082
172.360 0.082
172.380 0.082
172.400 0.082
172.420 0.082
172.440 0.082
172.460 0.082
172.480 0.081
172.500 0.081
172.520 0.081
172.540 0.081
172.560 0.081
172.580 0.081
172.600 0.081
172.620 0.081
172.640 0.081
172.660 0.080
172.680 0.080
172.700 0.080
172.720 0.080
172.740 0.080
172.760 0.080
172.780 0.080
172.800 0.080
172.820 0.080
172.840 0.079
172.860 0.079
172.880 0.079
172.900 0.079
172.920 0.079
172.940 0.079
172.960 0.079
172.980 0.079
173.000 0.079
173.020 0.078
173.040 0.078
173.060 0.078
173.080 0.078
173.100 0.078
173.120 0.078
173.140 0.078
173.160 0.078
173.180 0.078
173.200 0.077
173.220 0.077
173.240 0.077
173.260 0.077
173.280 0.077
173.300 0.077
173.320 0.077
173.340 0.077
173.360 0.077
173.380 0.076
173.400 0.076
173.420 0.076
173.440 0.076
173.460 0.076
173.480 0.076
173.500 0.076
173.520 0.076
173.540 0.076
173.560 0.075
173.580 0.075
173.600 0.075
173.620 0.075
173.640 0.075
173.660 0.075
173.680 0.075
173.700 0.075
173.720 0.075
173.740 0.074
173.760 0.074
173.780 0.074
173.800 0.074
173.820 0.074
173.840 0.074
173.860 0.074
173.880 0.074
173.900 0.074
173.920 0.073
173.940 0.073
173.960 0.073
173.980 0.073
174.000 0.073
174.020 0.073
174.040 0.073
174.060 0.073
174.080 0.073
174.100 0.072
174.120 0.072
174.140 0.072
174.160 0.072
174.180 0.072
174.200 0.072
174.220 0.072
174.240 0.072
174.260 0.072
174.280 0.071
174.300 0.071
174.320 0.071
174.340 0.071
174.360 0.071
174.380 0.071
174.400 0.071
174.420 0.071
174.440 0.071
174.460 0.070
174.480 0.070
174.500 0.070
174.520 0.070
174.540 0.070
174.560 0.070
174.580 0.070
174.600 0.070
174.620 0.070
174.640 0.069
174.660 0.069
174.680 0.069
174.700 0.069
174.720 0.069
174.740 0.069
174.760 0.069
174.780 0.069
174.800 0.069
174.820 0.068
174.840 0.068
174.860 0.068
174.880 0.068
174.900 0.068
174.920 0.068
174.940 0.068
174.960 0.068
174.980 0.068
175.000 0.067
175.020 0.067
175.040 0.067
175.060 0.067
175.080 0.067
175.100 0.067
175.120 0.067
175.140 0.067
175.160 0.067
175.180 0.066
175.200 0.066
175.220 0.066
175.240 0.066
175.260 0.066
175.280 0.066
175.300 0.066
175.320 0.066
175.340 0.066
175.360 0.065
175.380 0.065
175.400 0.065
175.420 0.065
175.440 0.065
175.460 0.065
175.480 0.065
175.500 0.065
175.520 0.065
175.540 0.064
175.560 0.064
175.580 0.064
175.600 0.064
175.620 0.064
175.640 0.064
175.660 0.064
175.680 0.064
175.700 0.064
175.720 0.063
175.740 0.063
175.760 0.063
175.780 0.063
175.800 0.063
175.820 0.063
175.840 0.063
175.860 0.063
175.880 0.063
175.900 0.062
175.920 0.062
175.940 0.062
175.960 0.062
175.980 0.062
176.000 0.062
176.020 0.062
176.040 0.062
176.060 0.062
176.080 0.061
176.100 0.061
176.120 0.061
176.140 0.061
176.160 0.061
176.180 0.061
176.200 0.061
176.220 0.061
176.240 0.061
176.260 0.060
176.280 0.060
176.300 0.060
176.320 0.060
176.340 0.060
176.360 0.060
176.380 0.060
176.400 0.060
176.420 0.060
176.440 0.059
176.460 0.059
176.480 0.059
176.500 0.059
176.520 0.059
176.540 0.059
176.560 0.059
176.580 0.059
176.600 0.059
176.620 0.058
176.640 0.058
176.660 0.058
176.680 0.058
176.700 0.058
176.720 0.058
176.740 0.058
176.760 0.058
176.780 0.058
176.800 0.057
176.820 0.057
176.840 0.057
176.860 0.057
176.880 0.057
176.900 0.057
176.920 0.057
176.940 0.057
176.960 0.057
176.980 0.056
177.000 0.056
177.020 0.056
177.040 0.056
177.060 0.056
177.080 0.056
177.100 0.056
177.120 0.056
177.140 0.056
177.160 0.055
177.180 0.055
177.200 0.055
177.220 0.055
177.240 0.055
177.260 0.055
177.280 0.055
177.300 0.055
177.320 0.055
177.340 0.054
177.360 0.054
177.380 0.054
177.400 0.054
177.420 0.054
177.440 0.054
177.460 0.054
177.480 0.054
177.500 0.054
177.520 0.053
177.540 0.053
177.560 0.053
177.580 0.053
177.600 0.053
177.620 0.053
177.640 0.053
177.660 0.053
177.680 0.053
177.700 0.052
177.720 0.052
177.740 0.052
177.760 0.052
177.780 0.052
177.800 0.052
177.820 0.052
177.840 0.052
177.860 0.052
177.880 0.051
177.900 0.051
177.920 0.051
177.940 0.051
177.960 0.051
177.980 0.051
178.000 0.051
178.020 0.051
178.040 0.051
178.060 0.050
178.080 0.050
178.100 0.050
178.120 0.050
178.140 0.050
178.160 0.050
178.180 0.050
178.200 0.050
178.220 0.050
178.240 0.049
178.260 0.049
178.280 0.049
178.300 0.049
178.320 0.049
178.340 0.049
178.360 0.049
178.380 0.049
178.400 0.049
178.420 0.048
178.440 0.048
178.460 0.048
178.480 0.048
178.500 0.048
178.520 0.048
178.540 0.048
178.560 0.048
178.580 0.048
178.600 0.047
178.620 0.047
178.640 0.047
178.660 0.047
178.680 0.047
178.700 0.047
178.720 0.047
178.740 0.047
178.760 0.047
178.780 0.047
178.800 0.047
178.820 0.047
178.840 0.047
178.860 0.047
178.880 0.047
178.900 0.047
178.920 0.046
178.940 0.046
178.960 0.046
178.980 0.046
179.000 0.046
179.020 0.046
179.040 0.046
179.060 0.046
179.080 0.046
179.100 0.046
179.120 0.046
179.140 0.046
179.160 0.046
179.180 0.046
179.200 0.046
179.220 0.046
179.240 0.045
179.260 0.045
179.280 0.045
179.300 0.045
179.320 0.045
179.340 0.045
179.360 0.045
179.380 0.045
179.400 0.045
179.420 0.045
179.440 0.045
179.460 0.045
179.480 0.045
179.500 0.045
179.520 0.045
179.540 0.045
179.560 0.044
179.580 0.044
179.600 0.044
179.620 0.044
179.640 0.044
179.660 0.044
179.680 0.044
179.700 0.044
179.720 0.044
179.740 0.044
179.760 0.044
179.780 0.044
179.800 0.044
179.820 0.044
179.840 0.044
179.860 0.044
179.880 0.044
179.900 0.043
179.920 0.043
179.940 0.043
179.960 0.043
179.980 0.043
180.000 0.043
180.020 0.043
180.040 0.043
180.060 0.043
180.080 0.043
180.100 0.043
180.120 0.043
180.140 0.043
180.160 0.043
180.180 0.043
180.200 0.043
180.220 0.042
180.240 0.042
180.260 0.042
180.280 0.042
180.300 0.042
180.320 0.042
180.340 0.042
180.360 0.042
180.380 0.042
180.400 0.042
180.420 0.042
180.440 0.042
180.460 0.042
180.480 0.042
180.500 0.042
180.520 0.042
180.540 0.041
180.560 0.041
180.580 0.041
180.600 0.041
180.620 0.041
180.640 0.041
180.660 0.041
180.680 0.041
180.700 0.041
180.720 0.041
180.740 0.041
180.760 0.041
180.780 0.041
180.800 0.041
180.820 0.041
180.840 0.041
180.860 0.041
180.880 0.040
180.900 0.040
180.920 0.040
180.940 0.040
180.960 0.040
180.980 0.040
181.000 0.040
181.020 0.040
181.040 0.040
181.060 0.040
181.080 0.040
181.100 0.040
181.120 0.040
181.140 0.040
181.160 0.040
181.180 0.040
181.200 0.039
181.220 0.039
181.240 0.039
181.260 0.039
181.280 0.039
181.300 0.039
181.320 0.039
181.340 0.039
181.360 0.039
181.380 0.039
181.400 0.039
181.420 0.039
181.440 0.039
181.460 0.039
181.480 0.039
181.500 0.039
181.520 0.038
181.540 0.038
181.560 0.038
181.580 0.038
181.600 0.038
181.620 0.038
181.640 0.038
181.660 0.038
181.680 0.038
181.700 0.038
181.720 0.038
181.740 0.038
181.760 0.038
181.780 0.038
181.800 0.038
181.820 0.038
181.840 0.038
181.860 0.037
181.880 0.037
181.900 0.037
181.920 0.037
181.940 0.037
181.960 0.037
181.980 0.037
182.000 0.037
182.020 0.037
182.040 0.037
182.060 0.037
182.080 0.037
182.100 0.037
182.120 0.037
182.140 0.037
182.160 0.037
182.180 0.036
182.200 0.036
182.220 0.036
182.240 0.036
182.260 0.036
182.280 0.036
182.300 0.036
182.320 0.036
182.340 0.036
182.360 0.036
182.380 0.036
182.400 0.036
182.420 0.036
182.440 0.036
182.460 0.036
182.480 0.036
182.500 0.035
182.520 0.035
182.540 0.035
182.560 0.035
182.580 0.035
182.600 0.035
182.620 0.035
182.640 0.035
182.660 0.035
182.680 0.035
182.700 0.035
182.720 0.035
182.740 0.035
182.760 0.035
182.780 0.035
182.800 0.035
182.820 0.035
182.840 0.034
182.860 0.034
182.880 0.034
182.900 0.034
182.920 0.034
182.940 0.034
182.960 0.034
182.980 0.034
183.000 0.034
183.020 0.034
183.040 0.034
183.060 0.034
183.080 0.034
183.100 0.034
183.120 0.034
183.140 0.034
183.160 0.033
183.180 0.033
183.200 0.033
183.220 0.033
183.240 0.033
183.260 0.033
183.280 0.033
183.300 0.033
183.320 0.033
183.340 0.033
183.360 0.033
183.380 0.033
183.400 0.033
183.420 0.033
183.440 0.033
183.460 0.033
183.480 0.032
183.500 0.032
183.520 0.032
183.540 0.032
183.560 0.032
183.580 0.032
183.600 0.032
183.620 0.032
183.640 0.032
183.660 0.032
183.680 0.032
183.700 0.032
183.720 0.032
183.740 0.032
183.760 0.032
183.780 0.032
183.800 0.032
183.820 0.031
183.840 0.031
183.860 0.031
183.880 0.031
183.900 0.031
183.920 0.031
183.940 0.031
183.960 0.031
183.980 0.031
184.000 0.031
184.020 0.031
184.040 0.031
184.060 0.031
184.080 0.031
184.100 0.031
184.120 0.031
184.140 0.030
184.160 0.030
184.180 0.030
184.200 0.030
184.220 0.030
184.240 0.030
184.260 0.030
184.280 0.030
184.300 0.030
184.320 0.030
184.340 0.030
184.360 0.030
184.380 0.030
184.400 0.030
184.420 0.030
184.440 0.030
184.460 0.029
184.480 0.029
184.500 0.029
184.520 0.029
184.540 0.029
184.560 0.029
184.580 0.029
184.600 0.029
184.620 0.029
184.640 0.029
184.660 0.029
184.680 0.029
184.700 0.029
184.720 0.029
184.740 0.029
184.760 0.029
184.780 0.029
184.800 0.028
184.820 0.028
184.840 0.028
184.860 0.028
184.880 0.028
184.900 0.028
184.920 0.028
184.940 0.028
184.960 0.028
184.980 0.028
185.000 0.028
185.020 0.028
185.040 0.028
185.060 0.028
185.080 0.028
185.100 0.028
185.120 0.027
185.140 0.027
185.160 0.027
185.180 0.027
185.200 0.027
185.220 0.027
185.240 0.027
185.260 0.027
185.280 0.027
185.300 0.027
185.320 0.027
185.340 0.027
185.360 0.027
185.380 0.027
185.400 0.027
185.420 0.027
185.440 0.026
185.460 0.026
185.480 0.026
185.500 0.026
185.520 0.026
185.540 0.026
185.560 0.026
185.580 0.026
185.600 0.026
185.620 0.026
185.640 0.026
185.660 0.026
185.680 0.026
185.700 0.026
185.720 0.026
185.740 0.026
185.760 0.026
185.780 0.025
185.800 0.025
185.820 0.025
185.840 0.025
185.860 0.025
185.880 0.025
185.900 0.025
185.920 0.025
185.940 0.025
185.960 0.025
185.980 0.025
186.000 0.025
186.020 0.025
186.040 0.025
186.060 0.025
186.080 0.025
186.100 0.025
186.120 0.025
186.140 0.025
186.160 0.025
186.180 0.025
186.200 0.025
186.220 0.025
186.240 0.025
186.260 0.024
186.280 0.024
186.300 0.024
186.320 0.024
186.340 0.024
186.360 0.024
186.380 0.024
186.400 0.024
186.420 0.024
186.440 0.024
186.460 0.024
186.480 0.024
186.500 0.024
186.520 0.024
186.540 0.024
186.560 0.024
186.580 0.024
186.600 0.024
186.620 0.024
186.640 0.024
186.660 0.024
186.680 0.024
186.700 0.024
186.720 0.024
186.740 0.024
186.760 0.024
186.780 0.024
186.800 0.024
186.820 0.024
186.840 0.024
186.860 0.024
186.880 0.023
186.900 0.023
186.920 0.023
186.940 0.023
186.960 0.023
186.980 0.023
187.000 0.023
187.020 0.023
187.040 0.023
187.060 0.023
187.080 0.023
187.100 0.023
187.120 0.023
187.140 0.023
187.160 0.023
187.180 0.023
187.200 0.023
187.220 0.023
187.240 0.023
187.260 0.023
187.280 0.023
187.300 0.023
187.320 0.023
187.340 0.023
187.360 0.023
187.380 0.023
187.400 0.023
187.420 0.023
187.440 0.023
187.460 0.023
187.480 0.023
187.500 0.022
187.520 0.022
187.540 0.022
187.560 0.022
187.580 0.022
187.600 0.022
187.620 0.022
187.640 0.022
187.660 0.022
187.680 0.022
187.700 0.022
187.720 0.022
187.740 0.022
187.760 0.022
187.780 0.022
187.800 0.022
187.820 0.022
187.840 0.022
187.860 0.022
187.880 0.022
187.900 0.022
187.920 0.022
187.940 0.022
187.960 0.022
187.980 0.022
188.000 0.022
188.020 0.022
188.040 0.022
188.060 0.022
188.080 0.022
188.100 0.022
188.120 0.021
188.140 0.021
188.160 0.021
188.180 0.021
188.200 0.021
188.220 0.021
188.240 0.021
188.260 0.021
188.280 0.021
188.300 0.021
188.320 0.021
188.340 0.021
188.360 0.021
188.380 0.021
188.400 0.021
188.420 0.021
188.440 0.021
188.460 0.021
188.480 0.021
188.500 0.021
188.520 0.021
188.540 0.021
188.560 0.021
188.580 0.021
188.600 0.021
188.620 0.021
188.640 0.021
188.660 0.021
188.680 0.021
188.700 0.021
188.720 0.021
188.740 0.020
188.760 0.020
188.780 0.020
188.800 0.020
188.820 0.020
188.840 0.020
188.860 0.020
188.880 0.020
188.900 0.020
188.920 0.020
188.940 0.020
188.960 0.020
188.980 0.020
189.000 0.020
189.020 0.020
189.040 0.020
189.060 0.020
189.080 0.020
189.100 0.020
189.120 0.020
189.140 0.020
189.160 0.020
189.180 0.020
189.200 0.020
189.220 0.020
189.240 0.020
189.260 0.020
189.280 0.020
189.300 0.020
189.320 0.020
189.340 0.019
189.360 0.019
189.380 0.019
189.400 0.019
189.420 0.019
189.440 0.019
189.460 0.019
189.480 0.019
189.500 0.019
189.520 0.019
189.540 0.019
189.560 0.019
189.580 0.019
189.600 0.019
189.620 0.019
189.640 0.019
189.660 0.019
189.680 0.019
189.700 0.019
189.720 0.019
189.740 0.019
189.760 0.019
189.780 0.019
189.800 0.019
189.820 0.019
189.840 0.019
189.860 0.019
189.880 0.019
189.900 0.019
189.920 0.019
189.940 0.019
189.960 0.018
189.980 0.018
190.000 0.018
190.020 0.018
190.040 0.018
190.060 0.018
190.080 0.018
190.100 0.018
190.120 0.018
190.140 0.018
190.160 0.018
190.180 0.018
190.200 0.018
190.220 0.018
190.240 0.018
190.260 0.018
190.280 0.018
190.300 0.018
190.320 0.018
190.340 0.018
190.360 0.018
190.380 0.018
190.400 0.018
190.420 0.018
190.440 0.018
190.460 0.018
190.480 0.018
190.500 0.018
190.520 0.018
190.540 0.018
190.560 0.018
190.580 0.017
190.600 0.017
190.620 0.017
190.640 0.017
190.660 0.017
190.680 0.017
190.700 0.017
190.720 0.017
190.740 0.017
190.760 0.017
190.780 0.017
190.800 0.017
190.820 0.017
190.840 0.017
190.860 0.017
190.880 0.017
190.900 0.017
190.920 0.017
190.940 0.017
190.960 0.017
190.980 0.017
191.000 0.017
191.020 0.017
191.040 0.017
191.060 0.017
191.080 0.017
191.100 0.017
191.120 0.017
191.140 0.017
191.160 0.017
191.180 0.017
191.200 0.016
191.220 0.016
191.240 0.016
191.260 0.016
191.280 0.016
191.300 0.016
191.320 0.016
191.340 0.016
191.360 0.016
191.380 0.016
191.400 0.016
191.420 0.016
191.440 0.016
191.460 0.016
191.480 0.016
191.500 0.016
191.520 0.016
191.540 0.016
191.560 0.016
191.580 0.016
191.600 0.016
191.620 0.016
191.640 0.016
191.660 0.016
191.680 0.016
191.700 0.016
191.720 0.016
191.740 0.016
191.760 0.016
191.780 0.016
191.800 0.016
191.820 0.015
191.840 0.015
191.860 0.015
191.880 0.015
191.900 0.015
191.920 0.015
191.940 0.015
191.960 0.015
191.980 0.015
192.000 0.015
192.020 0.015
192.040 0.015
192.060 0.015
192.080 0.015
192.100 0.015
192.120 0.015
192.140 0.015
192.160 0.015
192.180 0.015
192.200 0.015
192.220 0.015
192.240 0.015
192.260 0.015
192.280 0.015
192.300 0.015
192.320 0.015
192.340 0.015
192.360 0.015
192.380 0.015
192.400 0.015
192.420 0.014
192.440 0.014
192.460 0.014
192.480 0.014
192.500 0.014
192.520 0.014
192.540 0.014
192.560 0.014
192.580 0.014
192.600 0.014
192.620 0.014
192.640 0.014
192.660 0.014
192.680 0.014
192.700 0.014
192.720 0.014
192.740 0.014
192.760 0.014
192.780 0.014
192.800 0.014
192.820 0.014
192.840 0.014
192.860 0.014
192.880 0.014
192.900 0.014
192.920 0.014
192.940 0.014
192.960 0.014
192.980 0.014
193.000 0.014
193.020 0.014
193.040 0.013
193.060 0.013
193.080 0.013
193.100 0.013
193.120 0.013
193.140 0.013
193.160 0.013
193.180 0.013
193.200 0.013
193.220 0.013
193.240 0.013
193.260 0.013
193.280 0.013
193.300 0.013
193.320 0.013
193.340 0.013
193.360 0.013
193.380 0.013
193.400 0.013
193.420 0.013
193.440 0.013
193.460 0.013
193.480 0.013
193.500 0.013
193.520 0.013
193.540 0.013
193.560 0.013
193.580 0.013
193.600 0.013
193.620 0.013
193.640 0.013
193.660 0.013
193.680 0.013
193.700 0.013
193.720 0.013
193.740 0.013
193.760 0.013
193.780 0.013
193.800 0.013
193.820 0.012
193.840 0.012
193.860 0.012
193.880 0.012
193.900 0.012
193.920 0.012
193.940 0.012
193.960 0.012
193.980 0.012
194.000 0.012
194.020 0.012
194.040 0.012
194.060 0.012
194.080 0.012
194.100 0.012
194.120 0.012
194.140 0.012
194.160 0.012
194.180 0.012
194.200 0.012
194.220 0.012
194.240 0.012
194.260 0.012
194.280 0.012
194.300 0.012
194.320 0.012
194.340 0.012
194.360 0.012
194.380 0.012
194.400 0.012
194.420 0.012
194.440 0.012
194.460 0.012
194.480 0.012
194.500 0.012
194.520 0.012
194.540 0.012
194.560 0.012
194.580 0.012
194.600 0.012
194.620 0.012
194.640 0.012
194.660 0.012
194.680 0.012
194.700 0.012
194.720 0.012
194.740 0.012
194.760 0.012
194.780 0.012
194.800 0.012
194.820 0.012
194.840 0.012
194.860 0.012
194.880 0.012
194.900 0.012
194.920 0.012
194.940 0.012
194.960 0.012
194.980 0.012
195.000 0.012
195.020 0.012
195.040 0.011
195.060 0.011
195.080 0.011
195.100 0.011
195.120 0.011
195.140 0.011
195.160 0.011
195.180 0.011
195.200 0.011
195.220 0.011
195.240 0.011
195.260 0.011
195.280 0.011
195.300 0.011
195.320 0.011
195.340 0.011
195.360 0.011
195.380 0.011
195.400 0.011
195.420 0.011
195.440 0.011
195.460 0.011
195.480 0.011
195.500 0.011
195.520 0.011
195.540 0.011
195.560 0.011
195.580 0.011
195.600 0.011
195.620 0.011
195.640 0.011
195.660 0.011
195.680 0.011
195.700 0.011
195.720 0.011
195.740 0.011
195.760 0.011
195.780 0.011
195.800 0.011
195.820 0.011
195.840 0.011
195.860 0.011
195.880 0.011
195.900 0.011
195.920 0.011
195.940 0.011
195.960 0.011
195.980 0.011
196.000 0.011
196.020 0.011
196.040 0.011
196.060 0.011
196.080 0.011
196.100 0.011
196.120 0.011
196.140 0.011
196.160 0.011
196.180 0.011
196.200 0.011
196.220 0.011
196.240 0.010
196.260 0.010
196.280 0.010
196.300 0.010
196.320 0.010
196.340 0.010
196.360 0.010
196.380 0.010
196.400 0.010
196.420 0.010
196.440 0.010
196.460 0.010
196.480 0.010
196.500 0.010
196.520 0.010
196.540 0.010
196.560 0.010
196.580 0.010
196.600 0.010
196.620 0.010
196.640 0.010
196.660 0.010
196.680 0.010
196.700 0.010
196.720 0.010
196.740 0.010
196.760 0.010
196.780 0.010
196.800 0.010
196.820 0.010
196.840 0.010
196.860 0.010
196.880 0.010
196.900 0.010
196.920 0.010
196.940 0.010
196.960 0.010
196.980 0.010
197.000 0.010
197.020 0.010
197.040 0.010
197.060 0.010
197.080 0.010
197.100 0.010
197.120 0.010
197.140 0.010
197.160 0.010
197.180 0.010
197.200 0.010
197.220 0.010
197.240 0.010
197.260 0.010
197.280 0.010
197.300 0.010
197.320 0.010
197.340 0.010
197.360 0.010
197.380 0.010
197.400 0.010
197.420 0.010
197.440 0.010
197.460 0.009
197.480 0.009
197.500 0.009
197.520 0.009
197.540 0.009
197.560 0.009
197.580 0.009
197.600 0.009
197.620 0.009
197.640 0.009
197.660 0.009
197.680 0.009
197.700 0.009
197.720 0.009
197.740 0.009
197.760 0.009
197.780 0.009
197.800 0.009
197.820 0.009
197.840 0.009
197.860 0.009
197.880 0.009
197.900 0.009
197.920 0.009
197.940 0.009
197.960 0.009
197.980 0.009
198.000 0.009
198.020 0.009
198.040 0.009
198.060 0.009
198.080 0.009
198.100 0.009
198.120 0.009
198.140 0.009
198.160 0.009
198.180 0.009
198.200 0.009
198.220 0.009
198.240 0.009
198.260 0.009
198.280 0.009
198.300 0.009
198.320 0.009
198.340 0.009
198.360 0.009
198.380 0.009
198.400 0.009
198.420 0.009
198.440 0.009
198.460 0.009
198.480 0.009
198.500 0.009
198.520 0.009
198.540 0.009
198.560 0.009
198.580 0.009
198.600 0.009
198.620 0.009
198.640 0.009
198.660 0.008
198.680 0.008
198.700 0.008
198.720 0.008
198.740 0.008
198.760 0.008
198.780 0.008
198.800 0.008
198.820 0.008
198.840 0.008
198.860 0.008
198.880 0.008
198.900 0.008
198.920 0.008
198.940 0.008
198.960 0.008
198.980 0.008
199.000 0.008
199.020 0.008
199.040 0.008
199.060 0.008
199.080 0.008
199.100 0.008
199.120 0.008
199.140 0.008
199.160 0.008
199.180 0.008
199.200 0.008
199.220 0.008
199.240 0.008
199.260 0.008
199.280 0.008
199.300 0.008
199.320 0.008
199.340 0.008
199.360 0.008
199.380 0.008
199.400 0.008
199.420 0.008
199.440 0.008
199.460 0.008
199.480 0.008
199.500 0.008
199.520 0.008
199.540 0.008
199.560 0.008
199.580 0.008
199.600 0.008
199.620 0.008
199.640 0.008
199.660 0.008
199.680 0.008
199.700 0.008
199.720 0.008
199.740 0.008
199.760 0.008
199.780 0.008
199.800 0.008
199.820 0.008
199.840 0.008
199.860 0.008
199.880 0.007
199.900 0.007
199.920 0.007
199.940 0.007
199.960 0.007
199.980 0.007
