0.080 12.123
0.100 13.252
0.120 14.491
0.140 15.705
0.160 17.010
0.180 18.289
0.200 19.638
0.220 20.961
0.240 22.335
0.260 23.681
0.280 25.060
0.300 26.412
0.320 27.781
0.340 29.123
0.360 30.470
0.380 31.791
0.400 33.106
0.420 34.396
0.440 35.674
0.460 36.927
0.480 38.164
0.500 39.376
0.520 40.570
0.540 41.740
0.560 42.890
0.580 44.017
0.600 45.124
0.620 46.209
0.640 47.273
0.660 48.316
0.680 49.339
0.700 50.342
0.720 51.325
0.740 52.289
0.760 53.234
0.780 54.160
0.800 55.067
0.820 55.957
0.840 56.829
0.860 57.684
0.880 58.522
0.900 59.343
0.920 60.148
0.940 60.937
0.960 61.711
0.980 62.469
1.000 63.212
1.020 63.941
1.040 64.655
1.060 65.354
1.080 66.040
1.100 66.713
1.120 67.372
1.140 68.018
1.160 68.651
1.180 69.272
1.200 69.881
1.220 70.477
1.240 71.062
1.260 71.635
1.280 72.196
1.300 72.747
1.320 73.286
1.340 73.815
1.360 74.334
1.380 74.842
1.400 75.340
1.420 75.829
1.440 76.307
1.460 76.776
1.480 77.236
1.500 77.687
1.520 78.129
1.540 78.562
1.560 78.986
1.580 79.402
1.600 79.810
1.620 80.210
1.640 80.602
1.660 80.986
1.680 81.363
1.700 81.732
1.720 82.093
1.740 82.448
1.760 82.796
1.780 83.136
1.800 83.470
1.820 83.797
1.840 84.118
1.860 84.433
1.880 84.741
1.900 85.043
1.920 85.339
1.940 85.630
1.960 85.914
1.980 86.193
