0.200 12.123
0.210 12.475
0.220 12.825
0.230 13.174
0.240 13.520
0.250 13.874
0.260 14.249
0.270 14.623
0.280 14.996
0.290 15.367
0.300 15.737
0.310 16.105
0.320 16.472
0.330 16.837
0.340 17.201
0.350 17.563
0.360 17.923
0.370 18.282
0.380 18.639
0.390 18.994
0.400 19.348
0.410 19.729
0.420 20.109
0.430 20.488
0.440 20.866
0.450 21.243
0.460 21.618
0.470 21.992
0.480 22.364
0.490 22.735
0.500 23.104
0.510 23.472
0.520 23.839
0.530 24.204
0.540 24.567
0.550 24.929
0.560 25.289
0.570 25.647
0.580 26.004
0.590 26.359
0.600 26.712
0.610 27.063
0.620 27.413
0.630 27.761
0.640 28.107
0.650 28.460
0.660 28.834
0.670 29.208
0.680 29.580
0.690 29.950
0.700 30.319
0.710 30.687
0.720 31.053
0.730 31.417
0.740 31.780
0.750 32.142
0.760 32.501
0.770 32.859
0.780 33.215
0.790 33.570
0.800 33.923
0.810 34.274
0.820 34.623
0.830 34.970
0.840 35.316
0.850 35.659
0.860 36.001
0.870 36.340
0.880 36.678
0.890 37.014
0.900 37.348
0.910 37.679
0.920 38.009
0.930 38.337
0.940 38.662
0.950 38.986
0.960 39.307
0.970 39.642
0.980 39.998
0.990 40.352
1.000 40.705
1.010 41.055
1.020 41.404
1.030 41.751
1.040 42.095
1.050 42.439
1.060 42.780
1.070 43.119
1.080 43.456
1.090 43.791
1.100 44.125
1.110 44.456
1.120 44.785
1.130 45.112
1.140 45.437
1.150 45.760
1.160 46.081
1.170 46.399
1.180 46.716
1.190 47.030
1.200 47.342
1.210 47.652
1.220 47.959
1.230 48.265
1.240 48.568
1.250 48.869
1.260 49.167
1.270 49.463
1.280 49.757
1.290 50.049
1.300 50.338
1.310 50.625
1.320 50.910
1.330 51.231
1.340 51.556
1.350 51.878
1.360 52.199
1.370 52.517
1.380 52.833
1.390 53.147
1.400 53.458
1.410 53.768
1.420 54.075
1.430 54.380
1.440 54.682
1.450 54.983
1.460 55.281
1.470 55.577
1.480 55.870
1.490 56.161
1.500 56.450
1.510 56.737
1.520 57.021
1.530 57.303
1.540 57.582
1.550 57.859
1.560 58.134
1.570 58.406
1.580 58.676
1.590 58.943
1.600 59.208
1.610 59.471
1.620 59.731
1.630 59.989
1.640 60.244
1.650 60.497
1.660 60.747
1.670 60.995
1.680 61.240
1.690 61.484
1.700 61.751
1.710 62.037
1.720 62.321
1.730 62.603
1.740 62.882
1.750 63.159
1.760 63.433
1.770 63.705
1.780 63.975
1.790 64.242
1.800 64.507
1.810 64.769
1.820 65.029
1.830 65.287
1.840 65.542
1.850 65.794
1.860 66.045
1.870 66.293
1.880 66.538
1.890 66.781
1.900 67.021
1.910 67.259
1.920 67.495
1.930 67.728
1.940 67.959
1.950 68.187
1.960 68.413
1.970 68.636
1.980 68.857
1.990 69.076
