100 15.180
101 15.183
102 15.178
103 15.184
104 15.175
105 15.185
106 15.173
107 15.186
108 15.171
109 15.186
110 15.169
111 15.187
112 15.166
113 15.187
114 15.164
115 15.187
116 15.161
117 15.187
118 15.163
119 15.186
120 15.166
121 15.186
122 15.168
123 15.186
124 15.170
125 15.185
126 15.172
127 15.184
128 15.174
129 15.183
130 15.175
131 15.183
132 15.177
133 15.182
134 15.178
135 15.181
136 15.179
137 15.180
138 15.180
139 15.178
140 15.181
141 15.177
142 15.181
143 15.176
144 15.182
145 15.175
146 15.183
147 15.173
148 15.183
149 15.172
150 15.183
151 15.170
152 15.183
153 15.169
154 15.184
155 15.167
156 15.184
157 15.166
158 15.184
159 15.165
160 15.184
161 15.167
162 15.183
163 15.169
164 15.183
165 15.170
166 15.183
167 15.171
168 15.182
169 15.172
170 15.182
171 15.174
172 15.182
173 15.175
174 15.181
175 15.176
176 15.180
177 15.176
178 15.180
179 15.177
180 15.179
181 15.178
182 15.178
183 15.179
184 15.178
185 15.179
186 15.177
187 15.180
188 15.176
189 15.180
190 15.175
191 15.180
192 15.174
193 15.181
194 15.173
195 15.181
196 15.173
197 15.181
198 15.172
199 15.181
200 15.171
201 15.182
202 15.170
203 15.182
204 15.168
205 15.182
206 15.167
207 15.182
208 15.168
209 15.181
210 15.169
211 15.181
212 15.170
213 15.181
214 15.171
215 15.181
216 15.172
217 15.181
218 15.173
219 15.181
220 15.173
221 15.180
222 15.174
223 15.180
224 15.175
225 15.180
226 15.176
227 15.179
228 15.176
229 15.179
230 15.177
231 15.178
232 15.177
233 15.178
234 15.178
235 15.177
236 15.178
237 15.177
238 15.178
239 15.176
240 15.179
241 15.176
242 15.179
243 15.175
244 15.179
245 15.174
246 15.180
247 15.174
248 15.180
249 15.173
250 15.180
251 15.173
252 15.180
253 15.172
254 15.180
255 15.171
256 15.180
257 15.170
258 15.180
259 15.170
260 15.180
261 15.169
262 15.180
263 15.169
264 15.180
265 15.170
266 15.180
267 15.171
268 15.180
269 15.171
270 15.180
271 15.172
272 15.180
273 15.173
274 15.180
275 15.173
276 15.179
277 15.174
278 15.179
279 15.174
280 15.179
281 15.175
282 15.179
283 15.175
284 15.178
285 15.176
286 15.178
287 15.176
288 15.178
289 15.177
290 15.177
291 15.177
292 15.177
293 15.177
294 15.177
295 15.177
296 15.176
297 15.178
298 15.176
299 15.178
300 15.176
301 15.178
302 15.175
303 15.178
304 15.175
305 15.179
306 15.174
307 15.179
308 15.174
309 15.179
310 15.173
311 15.179
312 15.173
313 15.179
314 15.172
315 15.179
316 15.172
317 15.179
318 15.171
319 15.179
320 15.171
321 15.179
322 15.170
323 15.179
324 15.170
325 15.179
326 15.171
327 15.179
328 15.171
329 15.179
330 15.172
331 15.179
332 15.172
333 15.179
334 15.173
335 15.179
336 15.173
337 15.179
338 15.174
339 15.178
340 15.174
341 15.178
342 15.174
343 15.178
344 15.175
345 15.178
346 15.175
347 15.178
348 15.175
349 15.178
350 15.176
351 15.177
352 15.176
353 15.177
354 15.176
355 15.177
356 15.177
357 15.177
358 15.177
359 15.176
360 15.177
361 15.176
362 15.177
363 15.176
364 15.177
365 15.175
366 15.178
367 15.175
368 15.178
369 15.175
370 15.178
371 15.175
372 15.178
373 15.174
374 15.178
375 15.174
376 15.178
377 15.173
378 15.178
379 15.173
380 15.178
381 15.173
382 15.178
383 15.172
384 15.178
385 15.172
386 15.178
387 15.172
388 15.178
389 15.171
390 15.178
391 15.171
392 15.178
393 15.171
394 15.178
395 15.172
396 15.178
397 15.172
398 15.178
399 15.172
400 15.178
