100.000 5.267
100.020 5.276
100.040 5.285
100.060 5.295
100.080 5.304
100.100 5.313
100.120 5.323
100.140 5.332
100.160 5.342
100.180 5.351
100.200 5.360
100.220 5.370
100.240 5.379
100.260 5.388
100.280 5.398
100.300 5.407
100.320 5.417
100.340 5.426
100.360 5.435
100.380 5.445
100.400 5.454
100.420 5.464
100.440 5.473
100.460 5.482
100.480 5.492
100.500 5.501
100.520 5.511
100.540 5.520
100.560 5.530
100.580 5.539
100.600 5.549
100.620 5.558
100.640 5.567
100.660 5.577
100.680 5.586
100.700 5.596
100.720 5.605
100.740 5.615
100.760 5.624
100.780 5.634
100.800 5.643
100.820 5.653
100.840 5.663
100.860 5.672
100.880 5.682
100.900 5.691
100.920 5.701
100.940 5.710
100.960 5.720
100.980 5.730
101.000 5.739
101.020 5.749
101.040 5.758
101.060 5.768
101.080 5.778
101.100 5.787
101.120 5.797
101.140 5.806
101.160 5.816
101.180 5.826
101.200 5.835
101.220 5.845
101.240 5.855
101.260 5.865
101.280 5.874
101.300 5.884
101.320 5.894
101.340 5.903
101.360 5.913
101.380 5.923
101.400 5.933
101.420 5.943
101.440 5.952
101.460 5.962
101.480 5.972
101.500 5.982
101.520 5.991
101.540 6.001
101.560 6.011
101.580 6.021
101.600 6.031
101.620 6.041
101.640 6.050
101.660 6.060
101.680 6.070
101.700 6.080
101.720 6.090
101.740 6.100
101.760 6.110
101.780 6.120
101.800 6.129
101.820 6.139
101.840 6.149
101.860 6.159
101.880 6.169
101.900 6.179
101.920 6.189
101.940 6.199
101.960 6.209
101.980 6.219
102.000 6.229
102.020 6.239
102.040 6.249
102.060 6.259
102.080 6.269
102.100 6.279
102.120 6.289
102.140 6.299
102.160 6.309
102.180 6.319
102.200 6.329
102.220 6.339
102.240 6.349
102.260 6.359
102.280 6.369
102.300 6.379
102.320 6.389
102.340 6.399
102.360 6.409
102.380 6.419
102.400 6.429
102.420 6.439
102.440 6.449
102.460 6.459
102.480 6.469
102.500 6.479
102.520 6.489
102.540 6.500
102.560 6.510
102.580 6.520
102.600 6.530
102.620 6.540
102.640 6.550
102.660 6.560
102.680 6.571
102.700 6.581
102.720 6.591
102.740 6.601
102.760 6.611
102.780 6.622
102.800 6.632
102.820 6.642
102.840 6.652
102.860 6.663
102.880 6.673
102.900 6.683
102.920 6.693
102.940 6.704
102.960 6.714
102.980 6.724
103.000 6.735
103.020 6.745
103.040 6.755
103.060 6.766
103.080 6.776
103.100 6.786
103.120 6.797
103.140 6.807
103.160 6.818
103.180 6.828
103.200 6.839
103.220 6.849
103.240 6.860
103.260 6.870
103.280 6.881
103.300 6.891
103.320 6.902
103.340 6.912
103.360 6.923
103.380 6.933
103.400 6.944
103.420 6.954
103.440 6.965
103.460 6.976
103.480 6.986
103.500 6.997
103.520 7.007
103.540 7.018
103.560 7.029
103.580 7.039
103.600 7.050
103.620 7.061
103.640 7.072
103.660 7.082
103.680 7.093
103.700 7.104
103.720 7.115
103.740 7.126
103.760 7.137
103.780 7.147
103.800 7.158
103.820 7.169
103.840 7.180
103.860 7.191
103.880 7.202
103.900 7.213
103.920 7.224
103.940 7.235
103.960 7.246
103.980 7.257
104.000 7.268
104.020 7.279
104.040 7.290
104.060 7.301
104.080 7.312
104.100 7.324
104.120 7.335
104.140 7.347
104.160 7.358
104.180 7.370
104.200 7.381
104.220 7.393
104.240 7.404
104.260 7.416
104.280 7.428
104.300 7.439
104.320 7.451
104.340 7.462
104.360 7.474
104.380 7.485
104.400 7.497
104.420 7.508
104.440 7.520
104.460 7.532
104.480 7.543
104.500 7.555
104.520 7.566
104.540 7.578
104.560 7.590
104.580 7.601
104.600 7.613
104.620 7.624
104.640 7.636
104.660 7.648
104.680 7.659
104.700 7.671
104.720 7.683
104.740 7.694
104.760 7.706
104.780 7.718
104.800 7.729
104.820 7.741
104.840 7.753
104.860 7.764
104.880 7.776
104.900 7.788
104.920 7.800
104.940 7.811
104.960 7.823
104.980 7.835
105.000 7.847
105.020 7.858
105.040 7.870
105.060 7.882
105.080 7.894
105.100 7.905
105.120 7.917
105.140 7.929
105.160 7.941
105.180 7.953
105.200 7.965
105.220 7.976
105.240 7.988
105.260 8.000
105.280 8.012
105.300 8.024
105.320 8.036
105.340 8.048
105.360 8.060
105.380 8.072
105.400 8.084
105.420 8.096
105.440 8.107
105.460 8.119
105.480 8.131
105.500 8.143
105.520 8.156
105.540 8.168
105.560 8.180
105.580 8.192
105.600 8.204
105.620 8.216
105.640 8.228
105.660 8.240
105.680 8.252
105.700 8.264
105.720 8.276
105.740 8.289
105.760 8.301
105.780 8.313
105.800 8.325
105.820 8.337
105.840 8.350
105.860 8.362
105.880 8.374
105.900 8.386
105.920 8.399
105.940 8.411
105.960 8.423
105.980 8.435
106.000 8.448
106.020 8.460
106.040 8.472
106.060 8.485
106.080 8.497
106.100 8.509
106.120 8.522
106.140 8.534
106.160 8.546
106.180 8.559
106.200 8.571
106.220 8.583
106.240 8.596
106.260 8.608
106.280 8.621
106.300 8.633
106.320 8.645
106.340 8.658
106.360 8.670
106.380 8.683
106.400 8.695
106.420 8.707
106.440 8.720
106.460 8.732
106.480 8.745
106.500 8.757
106.520 8.769
106.540 8.782
106.560 8.794
106.580 8.807
106.600 8.819
106.620 8.832
106.640 8.844
106.660 8.857
106.680 8.869
106.700 8.882
106.720 8.894
106.740 8.907
106.760 8.919
106.780 8.932
106.800 8.944
106.820 8.957
106.840 8.969
106.860 8.982
106.880 8.994
106.900 9.007
106.920 9.019
106.940 9.032
106.960 9.045
106.980 9.057
107.000 9.070
107.020 9.082
107.040 9.095
107.060 9.108
107.080 9.120
107.100 9.133
107.120 9.146
107.140 9.158
107.160 9.171
107.180 9.184
107.200 9.196
107.220 9.209
107.240 9.222
107.260 9.235
107.280 9.248
107.300 9.260
107.320 9.273
107.340 9.286
107.360 9.299
107.380 9.312
107.400 9.324
107.420 9.337
107.440 9.350
107.460 9.363
107.480 9.376
107.500 9.389
107.520 9.402
107.540 9.415
107.560 9.428
107.580 9.441
107.600 9.453
107.620 9.466
107.640 9.479
107.660 9.493
107.680 9.506
107.700 9.519
107.720 9.532
107.740 9.545
107.760 9.558
107.780 9.571
107.800 9.584
107.820 9.597
107.840 9.611
107.860 9.624
107.880 9.637
107.900 9.650
107.920 9.664
107.940 9.677
107.960 9.691
107.980 9.704
108.000 9.717
108.020 9.731
108.040 9.744
108.060 9.758
108.080 9.771
108.100 9.785
108.120 9.798
108.140 9.812
108.160 9.825
108.180 9.839
108.200 9.852
108.220 9.866
108.240 9.880
108.260 9.893
108.280 9.907
108.300 9.921
108.320 9.934
108.340 9.948
108.360 9.962
108.380 9.976
108.400 9.990
108.420 10.004
108.440 10.018
108.460 10.032
108.480 10.046
108.500 10.060
108.520 10.074
108.540 10.088
108.560 10.102
108.580 10.116
108.600 10.130
108.620 10.144
108.640 10.158
108.660 10.172
108.680 10.186
108.700 10.200
108.720 10.214
108.740 10.228
108.760 10.242
108.780 10.256
108.800 10.270
108.820 10.285
108.840 10.299
108.860 10.313
108.880 10.327
108.900 10.341
108.920 10.355
108.940 10.369
108.960 10.383
108.980 10.397
109.000 10.411
109.020 10.425
109.040 10.439
109.060 10.454
109.080 10.468
109.100 10.482
109.120 10.496
109.140 10.510
109.160 10.524
109.180 10.538
109.200 10.553
109.220 10.567
109.240 10.581
109.260 10.595
109.280 10.609
109.300 10.624
109.320 10.638
109.340 10.652
109.360 10.666
109.380 10.680
109.400 10.695
109.420 10.709
109.440 10.723
109.460 10.737
109.480 10.752
109.500 10.766
109.520 10.780
109.540 10.795
109.560 10.809
109.580 10.823
109.600 10.838
109.620 10.852
109.640 10.866
109.660 10.881
109.680 10.895
109.700 10.909
109.720 10.924
109.740 10.938
109.760 10.953
109.780 10.967
109.800 10.982
109.820 10.996
109.840 11.010
109.860 11.025
109.880 11.039
109.900 11.054
109.920 11.069
109.940 11.083
109.960 11.098
109.980 11.112
110.000 11.127
110.020 11.142
110.040 11.156
110.060 11.171
110.080 11.186
110.100 11.200
110.120 11.215
110.140 11.230
110.160 11.245
110.180 11.259
110.200 11.274
110.220 11.289
110.240 11.304
110.260 11.319
110.280 11.334
110.300 11.349
110.320 11.364
110.340 11.379
110.360 11.394
110.380 11.409
110.400 11.424
110.420 11.439
110.440 11.454
110.460 11.470
110.480 11.485
110.500 11.500
110.520 11.515
110.540 11.530
110.560 11.545
110.580 11.560
110.600 11.575
110.620 11.590
110.640 11.605
110.660 11.621
110.680 11.636
110.700 11.651
110.720 11.666
110.740 11.681
110.760 11.696
110.780 11.711
110.800 11.726
110.820 11.742
110.840 11.757
110.860 11.772
110.880 11.787
110.900 11.802
110.920 11.817
110.940 11.832
110.960 11.848
110.980 11.863
111.000 11.878
111.020 11.893
111.040 11.908
111.060 11.924
111.080 11.939
111.100 11.954
111.120 11.969
111.140 11.984
111.160 12.000
111.180 12.015
111.200 12.030
111.220 12.045
111.240 12.061
111.260 12.076
111.280 12.091
111.300 12.106
111.320 12.122
111.340 12.137
111.360 12.152
111.380 12.167
111.400 12.183
111.420 12.198
111.440 12.213
111.460 12.229
111.480 12.244
111.500 12.259
111.520 12.275
111.540 12.290
111.560 12.305
111.580 12.321
111.600 12.336
111.620 12.352
111.640 12.367
111.660 12.382
111.680 12.398
111.700 12.413
111.720 12.429
111.740 12.444
111.760 12.460
111.780 12.475
111.800 12.491
111.820 12.506
111.840 12.522
111.860 12.537
111.880 12.553
111.900 12.568
111.920 12.584
111.940 12.599
111.960 12.615
111.980 12.630
112.000 12.646
112.020 12.662
112.040 12.677
112.060 12.693
112.080 12.709
112.100 12.724
112.120 12.740
112.140 12.756
112.160 12.771
112.180 12.787
112.200 12.803
112.220 12.819
112.240 12.835
112.260 12.850
112.280 12.866
112.300 12.882
112.320 12.898
112.340 12.914
112.360 12.930
112.380 12.946
112.400 12.962
112.420 12.979
112.440 12.995
112.460 13.011
112.480 13.027
112.500 13.044
112.520 13.060
112.540 13.076
112.560 13.093
112.580 13.109
112.600 13.126
112.620 13.143
112.640 13.159
112.660 13.176
112.680 13.192
112.700 13.209
112.720 13.226
112.740 13.242
112.760 13.259
112.780 13.276
112.800 13.292
112.820 13.309
112.840 13.326
112.860 13.343
112.880 13.360
112.900 13.376
112.920 13.393
112.940 13.410
112.960 13.427
112.980 13.444
113.000 13.460
113.020 13.477
113.040 13.494
113.060 13.511
113.080 13.528
113.100 13.544
113.120 13.561
113.140 13.578
113.160 13.595
113.180 13.612
113.200 13.628
113.220 13.645
113.240 13.662
113.260 13.679
113.280 13.696
113.300 13.713
113.320 13.729
113.340 13.746
113.360 13.763
113.380 13.780
113.400 13.797
113.420 13.814
113.440 13.830
113.460 13.847
113.480 13.864
113.500 13.881
113.520 13.898
113.540 13.915
113.560 13.932
113.580 13.948
113.600 13.965
113.620 13.982
113.640 13.999
113.660 14.016
113.680 14.033
113.700 14.050
113.720 14.067
113.740 14.084
113.760 14.101
113.780 14.117
113.800 14.134
113.820 14.151
113.840 14.168
113.860 14.185
113.880 14.202
113.900 14.219
113.920 14.236
113.940 14.253
113.960 14.270
113.980 14.287
114.000 14.304
114.020 14.321
114.040 14.338
114.060 14.355
114.080 14.372
114.100 14.389
114.120 14.406
114.140 14.423
114.160 14.440
114.180 14.457
114.200 14.474
114.220 14.491
114.240 14.508
114.260 14.525
114.280 14.542
114.300 14.559
114.320 14.577
114.340 14.594
114.360 14.611
114.380 14.628
114.400 14.645
114.420 14.662
114.440 14.679
114.460 14.697
114.480 14.714
114.500 14.731
114.520 14.748
114.540 14.766
114.560 14.783
114.580 14.800
114.600 14.817
114.620 14.835
114.640 14.852
114.660 14.870
114.680 14.887
114.700 14.904
114.720 14.922
114.740 14.939
114.760 14.957
114.780 14.975
114.800 14.992
114.820 15.010
114.840 15.028
114.860 15.046
114.880 15.064
114.900 15.082
114.920 15.100
114.940 15.119
114.960 15.137
114.980 15.155
115.000 15.173
115.020 15.191
115.040 15.210
115.060 15.228
115.080 15.246
115.100 15.264
115.120 15.283
115.140 15.301
115.160 15.319
115.180 15.337
115.200 15.356
115.220 15.374
115.240 15.392
115.260 15.410
115.280 15.429
115.300 15.447
115.320 15.465
115.340 15.483
115.360 15.502
115.380 15.520
115.400 15.538
115.420 15.557
115.440 15.575
115.460 15.593
115.480 15.611
115.500 15.630
115.520 15.648
115.540 15.666
115.560 15.684
115.580 15.703
115.600 15.721
115.620 15.739
115.640 15.758
115.660 15.776
115.680 15.794
115.700 15.812
115.720 15.831
115.740 15.849
115.760 15.867
115.780 15.886
115.800 15.904
115.820 15.922
115.840 15.941
115.860 15.959
115.880 15.977
115.900 15.995
115.920 16.014
115.940 16.032
115.960 16.050
115.980 16.069
116.000 16.087
116.020 16.105
116.040 16.124
116.060 16.142
116.080 16.160
116.100 16.179
116.120 16.197
116.140 16.215
116.160 16.234
116.180 16.252
116.200 16.271
116.220 16.289
116.240 16.307
116.260 16.326
116.280 16.344
116.300 16.362
116.320 16.381
116.340 16.399
116.360 16.418
116.380 16.436
116.400 16.454
116.420 16.473
116.440 16.491
116.460 16.510
116.480 16.528
116.500 16.546
116.520 16.565
116.540 16.583
116.560 16.602
116.580 16.620
116.600 16.639
116.620 16.657
116.640 16.676
116.660 16.694
116.680 16.713
116.700 16.731
116.720 16.750
116.740 16.768
116.760 16.787
116.780 16.805
116.800 16.824
116.820 16.842
116.840 16.861
116.860 16.879
116.880 16.898
116.900 16.917
116.920 16.935
116.940 16.954
116.960 16.973
116.980 16.991
117.000 17.010
117.020 17.029
117.040 17.047
117.060 17.066
117.080 17.085
117.100 17.104
117.120 17.123
117.140 17.142
117.160 17.161
117.180 17.180
117.200 17.200
117.220 17.220
117.240 17.240
117.260 17.260
117.280 17.280
117.300 17.300
117.320 17.320
117.340 17.340
117.360 17.360
117.380 17.380
117.400 17.400
117.420 17.420
117.440 17.440
117.460 17.460
117.480 17.480
117.500 17.500
117.520 17.520
117.540 17.540
117.560 17.560
117.580 17.580
117.600 17.600
117.620 17.620
117.640 17.640
117.660 17.660
117.680 17.680
117.700 17.700
117.720 17.720
117.740 17.740
117.760 17.760
117.780 17.780
117.800 17.800
117.820 17.820
117.840 17.840
117.860 17.860
117.880 17.880
117.900 17.900
117.920 17.920
117.940 17.940
117.960 17.960
117.980 17.980
118.000 18.000
118.020 18.020
118.040 18.040
118.060 18.060
118.080 18.080
118.100 18.100
118.120 18.120
118.140 18.140
118.160 18.160
118.180 18.180
118.200 18.200
118.220 18.220
118.240 18.240
118.260 18.260
118.280 18.280
118.300 18.300
118.320 18.320
118.340 18.340
118.360 18.360
118.380 18.380
118.400 18.400
118.420 18.420
118.440 18.440
118.460 18.460
118.480 18.480
118.500 18.500
118.520 18.520
118.540 18.540
118.560 18.560
118.580 18.580
118.600 18.600
118.620 18.620
118.640 18.640
118.660 18.660
118.680 18.680
118.700 18.700
118.720 18.720
118.740 18.740
118.760 18.760
118.780 18.780
118.800 18.800
118.820 18.820
118.840 18.840
118.860 18.860
118.880 18.880
118.900 18.900
118.920 18.920
118.940 18.940
118.960 18.960
118.980 18.980
119.000 19.000
119.020 19.020
119.040 19.040
119.060 19.060
119.080 19.080
119.100 19.100
119.120 19.120
119.140 19.140
119.160 19.160
119.180 19.180
119.200 19.200
119.220 19.220
119.240 19.240
119.260 19.260
119.280 19.280
119.300 19.300
119.320 19.320
119.340 19.340
119.360 19.360
119.380 19.380
119.400 19.400
119.420 19.420
119.440 19.440
119.460 19.460
119.480 19.480
119.500 19.500
119.520 19.520
119.540 19.540
119.560 19.560
119.580 19.580
119.600 19.600
119.620 19.620
119.640 19.640
119.660 19.660
119.680 19.680
119.700 19.700
119.720 19.720
119.740 19.740
119.760 19.760
119.780 19.780
119.800 19.800
119.820 19.820
119.840 19.840
119.860 19.860
119.880 19.880
119.900 19.900
119.920 19.920
119.940 19.940
119.960 19.960
119.980 19.980
120.000 20.000
120.020 20.020
120.040 20.040
120.060 20.060
120.080 20.080
120.100 20.100
120.120 20.120
120.140 20.140
120.160 20.160
120.180 20.180
120.200 20.200
120.220 20.220
120.240 20.240
120.260 20.260
120.280 20.280
120.300 20.300
120.320 20.320
120.340 20.340
120.360 20.360
120.380 20.380
120.400 20.400
120.420 20.420
120.440 20.440
120.460 20.460
120.480 20.480
120.500 20.500
120.520 20.520
120.540 20.540
120.560 20.560
120.580 20.580
120.600 20.600
120.620 20.620
120.640 20.640
120.660 20.660
120.680 20.680
120.700 20.700
120.720 20.720
120.740 20.740
120.760 20.760
120.780 20.780
120.800 20.800
120.820 20.820
120.840 20.840
120.860 20.860
120.880 20.880
120.900 20.900
120.920 20.920
120.940 20.940
120.960 20.960
120.980 20.980
121.000 21.000
121.020 21.020
121.040 21.040
121.060 21.060
121.080 21.080
121.100 21.100
121.120 21.120
121.140 21.140
121.160 21.160
121.180 21.180
121.200 21.200
121.220 21.220
121.240 21.240
121.260 21.260
121.280 21.280
121.300 21.300
121.320 21.320
121.340 21.340
121.360 21.360
121.380 21.380
121.400 21.400
121.420 21.420
121.440 21.440
121.460 21.460
121.480 21.480
121.500 21.500
121.520 21.520
121.540 21.540
121.560 21.560
121.580 21.580
121.600 21.600
121.620 21.620
121.640 21.640
121.660 21.660
121.680 21.680
121.700 21.700
121.720 21.720
121.740 21.740
121.760 21.760
121.780 21.780
121.800 21.800
121.820 21.820
121.840 21.840
121.860 21.860
121.880 21.880
121.900 21.900
121.920 21.920
121.940 21.940
121.960 21.960
121.980 21.980
122.000 22.000
122.020 22.020
122.040 22.040
122.060 22.060
122.080 22.080
122.100 22.100
122.120 22.120
122.140 22.140
122.160 22.160
122.180 22.180
122.200 22.200
122.220 22.220
122.240 22.240
122.260 22.260
122.280 22.280
122.300 22.300
122.320 22.320
122.340 22.340
122.360 22.360
122.380 22.380
122.400 22.400
122.420 22.420
122.440 22.440
122.460 22.460
122.480 22.480
122.500 22.500
122.520 22.520
122.540 22.540
122.560 22.560
122.580 22.580
122.600 22.600
122.620 22.620
122.640 22.640
122.660 22.660
122.680 22.680
122.700 22.700
122.720 22.720
122.740 22.740
122.760 22.760
122.780 22.780
122.800 22.800
122.820 22.820
122.840 22.840
122.860 22.860
122.880 22.880
122.900 22.900
122.920 22.920
122.940 22.940
122.960 22.960
122.980 22.980
123.000 23.000
123.020 23.020
123.040 23.040
123.060 23.060
123.080 23.080
123.100 23.100
123.120 23.120
123.140 23.140
123.160 23.160
123.180 23.180
123.200 23.200
123.220 23.220
123.240 23.240
123.260 23.260
123.280 23.280
123.300 23.300
123.320 23.320
123.340 23.340
123.360 23.360
123.380 23.380
123.400 23.400
123.420 23.420
123.440 23.440
123.460 23.460
123.480 23.480
123.500 23.500
123.520 23.520
123.540 23.540
123.560 23.560
123.580 23.580
123.600 23.600
123.620 23.620
123.640 23.640
123.660 23.660
123.680 23.680
123.700 23.700
123.720 23.720
123.740 23.740
123.760 23.760
123.780 23.780
123.800 23.800
123.820 23.820
123.840 23.840
123.860 23.860
123.880 23.880
123.900 23.900
123.920 23.920
123.940 23.940
123.960 23.960
123.980 23.980
124.000 24.000
124.020 24.020
124.040 24.040
124.060 24.060
124.080 24.080
124.100 24.100
124.120 24.120
124.140 24.140
124.160 24.160
124.180 24.180
124.200 24.200
124.220 24.220
124.240 24.240
124.260 24.260
124.280 24.280
124.300 24.300
124.320 24.320
124.340 24.340
124.360 24.360
124.380 24.380
124.400 24.400
124.420 24.420
124.440 24.440
124.460 24.460
124.480 24.480
124.500 24.500
124.520 24.520
124.540 24.540
124.560 24.560
124.580 24.580
124.600 24.600
124.620 24.620
124.640 24.640
124.660 24.660
124.680 24.680
124.700 24.700
124.720 24.720
124.740 24.740
124.760 24.760
124.780 24.780
124.800 24.800
124.820 24.820
124.840 24.840
124.860 24.860
124.880 24.880
124.900 24.900
124.920 24.920
124.940 24.940
124.960 24.960
124.980 24.980
125.000 25.000
125.020 25.020
125.040 25.040
125.060 25.060
125.080 25.080
125.100 25.100
125.120 25.120
125.140 25.140
125.160 25.160
125.180 25.180
125.200 25.200
125.220 25.220
125.240 25.240
125.260 25.260
125.280 25.280
125.300 25.300
125.320 25.320
125.340 25.340
125.360 25.360
125.380 25.380
125.400 25.400
125.420 25.420
125.440 25.440
125.460 25.460
125.480 25.480
125.500 25.500
125.520 25.520
125.540 25.540
125.560 25.560
125.580 25.580
125.600 25.600
125.620 25.620
125.640 25.640
125.660 25.660
125.680 25.680
125.700 25.700
125.720 25.720
125.740 25.740
125.760 25.760
125.780 25.780
125.800 25.800
125.820 25.820
125.840 25.840
125.860 25.860
125.880 25.880
125.900 25.900
125.920 25.920
125.940 25.940
125.960 25.960
125.980 25.980
126.000 26.000
126.020 26.020
126.040 26.040
126.060 26.060
126.080 26.080
126.100 26.100
126.120 26.120
126.140 26.140
126.160 26.160
126.180 26.180
126.200 26.200
126.220 26.220
126.240 26.240
126.260 26.260
126.280 26.280
126.300 26.300
126.320 26.320
126.340 26.340
126.360 26.360
126.380 26.380
126.400 26.400
126.420 26.420
126.440 26.440
126.460 26.460
126.480 26.480
126.500 26.500
126.520 26.520
126.540 26.540
126.560 26.560
126.580 26.580
126.600 26.600
126.620 26.620
126.640 26.640
126.660 26.660
126.680 26.680
126.700 26.700
126.720 26.720
126.740 26.740
126.760 26.760
126.780 26.780
126.800 26.800
126.820 26.820
126.840 26.840
126.860 26.860
126.880 26.880
126.900 26.900
126.920 26.920
126.940 26.940
126.960 26.960
126.980 26.980
127.000 27.000
127.020 27.020
127.040 27.040
127.060 27.060
127.080 27.080
127.100 27.100
127.120 27.120
127.140 27.140
127.160 27.160
127.180 27.180
127.200 27.200
127.220 27.220
127.240 27.240
127.260 27.260
127.280 27.280
127.300 27.300
127.320 27.320
127.340 27.340
127.360 27.360
127.380 27.380
127.400 27.400
127.420 27.420
127.440 27.440
127.460 27.460
127.480 27.480
127.500 27.500
127.520 27.520
127.540 27.540
127.560 27.560
127.580 27.580
127.600 27.600
127.620 27.620
127.640 27.640
127.660 27.660
127.680 27.680
127.700 27.700
127.720 27.720
127.740 27.740
127.760 27.760
127.780 27.780
127.800 27.800
127.820 27.820
127.840 27.840
127.860 27.860
127.880 27.880
127.900 27.900
127.920 27.920
127.940 27.940
127.960 27.960
127.980 27.980
128.000 28.000
128.020 28.020
128.040 28.040
128.060 28.060
128.080 28.080
128.100 28.100
128.120 28.120
128.140 28.140
128.160 28.160
128.180 28.180
128.200 28.200
128.220 28.220
128.240 28.240
128.260 28.260
128.280 28.280
128.300 28.300
128.320 28.320
128.340 28.340
128.360 28.360
128.380 28.380
128.400 28.400
128.420 28.420
128.440 28.440
128.460 28.460
128.480 28.480
128.500 28.500
128.520 28.520
128.540 28.540
128.560 28.560
128.580 28.580
128.600 28.600
128.620 28.620
128.640 28.640
128.660 28.660
128.680 28.680
128.700 28.700
128.720 28.720
128.740 28.740
128.760 28.760
128.780 28.780
128.800 28.800
128.820 28.820
128.840 28.840
128.860 28.860
128.880 28.880
128.900 28.900
128.920 28.920
128.940 28.940
128.960 28.960
128.980 28.980
129.000 29.000
129.020 29.020
129.040 29.040
129.060 29.060
129.080 29.080
129.100 29.100
129.120 29.120
129.140 29.140
129.160 29.160
129.180 29.180
129.200 29.200
129.220 29.220
129.240 29.240
129.260 29.260
129.280 29.280
129.300 29.300
129.320 29.320
129.340 29.340
129.360 29.360
129.380 29.380
129.400 29.400
129.420 29.420
129.440 29.440
129.460 29.460
129.480 29.480
129.500 29.500
129.520 29.520
129.540 29.540
129.560 29.560
129.580 29.580
129.600 29.600
129.620 29.620
129.640 29.640
129.660 29.660
129.680 29.680
129.700 29.700
129.720 29.720
129.740 29.740
129.760 29.760
129.780 29.780
129.800 29.800
129.820 29.820
129.840 29.840
129.860 29.860
129.880 29.880
129.900 29.900
129.920 29.920
129.940 29.940
129.960 29.960
129.980 29.980
130.000 30.000
130.020 30.020
130.040 30.040
130.060 30.060
130.080 30.080
130.100 30.100
130.120 30.120
130.140 30.140
130.160 30.160
130.180 30.180
130.200 30.200
130.220 30.220
130.240 30.240
130.260 30.260
130.280 30.280
130.300 30.300
130.320 30.320
130.340 30.340
130.360 30.360
130.380 30.380
130.400 30.400
130.420 30.420
130.440 30.440
130.460 30.460
130.480 30.480
130.500 30.500
130.520 30.520
130.540 30.540
130.560 30.560
130.580 30.580
130.600 30.600
130.620 30.620
130.640 30.640
130.660 30.660
130.680 30.680
130.700 30.700
130.720 30.720
130.740 30.740
130.760 30.760
130.780 30.780
130.800 30.800
130.820 30.820
130.840 30.840
130.860 30.860
130.880 30.880
130.900 30.900
130.920 30.920
130.940 30.940
130.960 30.960
130.980 30.980
131.000 31.000
131.020 31.020
131.040 31.040
131.060 31.060
131.080 31.080
131.100 31.100
131.120 31.120
131.140 31.140
131.160 31.160
131.180 31.180
131.200 31.200
131.220 31.220
131.240 31.240
131.260 31.260
131.280 31.280
131.300 31.300
131.320 31.320
131.340 31.340
131.360 31.360
131.380 31.380
131.400 31.400
131.420 31.420
131.440 31.440
131.460 31.460
131.480 31.480
131.500 31.500
131.520 31.520
131.540 31.540
131.560 31.560
131.580 31.580
131.600 31.600
131.620 31.620
131.640 31.640
131.660 31.660
131.680 31.680
131.700 31.700
131.720 31.720
131.740 31.740
131.760 31.760
131.780 31.780
131.800 31.800
131.820 31.820
131.840 31.840
131.860 31.860
131.880 31.880
131.900 31.900
131.920 31.920
131.940 31.940
131.960 31.960
131.980 31.980
132.000 32.000
132.020 32.020
132.040 32.040
132.060 32.060
132.080 32.080
132.100 32.100
132.120 32.120
132.140 32.140
132.160 32.160
132.180 32.180
132.200 32.200
132.220 32.220
132.240 32.240
132.260 32.260
132.280 32.280
132.300 32.300
132.320 32.320
132.340 32.340
132.360 32.360
132.380 32.380
132.400 32.400
132.420 32.420
132.440 32.440
132.460 32.460
132.480 32.480
132.500 32.500
132.520 32.520
132.540 32.540
132.560 32.560
132.580 32.580
132.600 32.600
132.620 32.620
132.640 32.640
132.660 32.660
132.680 32.680
132.700 32.700
132.720 32.720
132.740 32.740
132.760 32.760
132.780 32.780
132.800 32.800
132.820 32.820
132.840 32.840
132.860 32.860
132.880 32.880
132.900 32.900
132.920 32.920
132.940 32.940
132.960 32.960
132.980 32.980
133.000 33.000
133.020 33.020
133.040 33.040
133.060 33.060
133.080 33.080
133.100 33.100
133.120 33.120
133.140 33.140
133.160 33.160
133.180 33.180
133.200 33.200
133.220 33.220
133.240 33.240
133.260 33.260
133.280 33.280
133.300 33.300
133.320 33.320
133.340 33.340
133.360 33.360
133.380 33.380
133.400 33.400
133.420 33.420
133.440 33.440
133.460 33.460
133.480 33.480
133.500 33.500
133.520 33.520
133.540 33.540
133.560 33.560
133.580 33.580
133.600 33.600
133.620 33.620
133.640 33.640
133.660 33.660
133.680 33.680
133.700 33.700
133.720 33.720
133.740 33.740
133.760 33.760
133.780 33.780
133.800 33.800
133.820 33.820
133.840 33.840
133.860 33.860
133.880 33.880
133.900 33.900
133.920 33.920
133.940 33.940
133.960 33.960
133.980 33.980
134.000 34.000
134.020 34.020
134.040 34.040
134.060 34.060
134.080 34.080
134.100 34.100
134.120 34.120
134.140 34.140
134.160 34.160
134.180 34.180
134.200 34.200
134.220 34.220
134.240 34.240
134.260 34.260
134.280 34.280
134.300 34.300
134.320 34.320
134.340 34.340
134.360 34.360
134.380 34.380
134.400 34.400
134.420 34.420
134.440 34.440
134.460 34.460
134.480 34.480
134.500 34.500
134.520 34.520
134.540 34.540
134.560 34.560
134.580 34.580
134.600 34.600
134.620 34.620
134.640 34.640
134.660 34.660
134.680 34.680
134.700 34.700
134.720 34.720
134.740 34.740
134.760 34.760
134.780 34.780
134.800 34.800
134.820 34.820
134.840 34.840
134.860 34.860
134.880 34.880
134.900 34.900
134.920 34.920
134.940 34.940
134.960 34.960
134.980 34.980
135.000 35.000
135.020 35.020
135.040 35.040
135.060 35.060
135.080 35.080
135.100 35.100
135.120 35.120
135.140 35.140
135.160 35.160
135.180 35.180
135.200 35.200
135.220 35.220
135.240 35.240
135.260 35.260
135.280 35.280
135.300 35.300
135.320 35.320
135.340 35.340
135.360 35.360
135.380 35.380
135.400 35.400
135.420 35.420
135.440 35.440
135.460 35.460
135.480 35.480
135.500 35.500
135.520 35.520
135.540 35.540
135.560 35.560
135.580 35.580
135.600 35.600
135.620 35.620
135.640 35.640
135.660 35.660
135.680 35.680
135.700 35.700
135.720 35.720
135.740 35.740
135.760 35.760
135.780 35.780
135.800 35.800
135.820 35.820
135.840 35.840
135.860 35.860
135.880 35.880
135.900 35.900
135.920 35.920
135.940 35.940
135.960 35.960
135.980 35.980
136.000 36.000
136.020 36.020
136.040 36.040
136.060 36.060
136.080 36.080
136.100 36.100
136.120 36.120
136.140 36.140
136.160 36.160
136.180 36.180
136.200 36.200
136.220 36.220
136.240 36.240
136.260 36.260
136.280 36.280
136.300 36.300
136.320 36.320
136.340 36.340
136.360 36.360
136.380 36.380
136.400 36.400
136.420 36.420
136.440 36.440
136.460 36.460
136.480 36.480
136.500 36.500
136.520 36.520
136.540 36.540
136.560 36.560
136.580 36.580
136.600 36.600
136.620 36.620
136.640 36.640
136.660 36.660
136.680 36.680
136.700 36.700
136.720 36.720
136.740 36.740
136.760 36.760
136.780 36.780
136.800 36.800
136.820 36.820
136.840 36.840
136.860 36.860
136.880 36.880
136.900 36.900
136.920 36.920
136.940 36.940
136.960 36.960
136.980 36.980
137.000 37.000
137.020 37.020
137.040 37.040
137.060 37.060
137.080 37.080
137.100 37.100
137.120 37.120
137.140 37.140
137.160 37.160
137.180 37.180
137.200 37.200
137.220 37.220
137.240 37.240
137.260 37.260
137.280 37.280
137.300 37.300
137.320 37.320
137.340 37.340
137.360 37.360
137.380 37.380
137.400 37.400
137.420 37.420
137.440 37.440
137.460 37.460
137.480 37.480
137.500 37.500
137.520 37.520
137.540 37.540
137.560 37.560
137.580 37.580
137.600 37.600
137.620 37.620
137.640 37.640
137.660 37.660
137.680 37.680
137.700 37.700
137.720 37.720
137.740 37.740
137.760 37.760
137.780 37.780
137.800 37.800
137.820 37.820
137.840 37.840
137.860 37.860
137.880 37.880
137.900 37.900
137.920 37.920
137.940 37.940
137.960 37.960
137.980 37.980
138.000 38.000
138.020 38.020
138.040 38.040
138.060 38.060
138.080 38.080
138.100 38.100
138.120 38.120
138.140 38.140
138.160 38.160
138.180 38.180
138.200 38.200
138.220 38.220
138.240 38.240
138.260 38.260
138.280 38.280
138.300 38.300
138.320 38.320
138.340 38.340
138.360 38.360
138.380 38.380
138.400 38.400
138.420 38.420
138.440 38.440
138.460 38.460
138.480 38.480
138.500 38.500
138.520 38.520
138.540 38.540
138.560 38.560
138.580 38.580
138.600 38.600
138.620 38.620
138.640 38.640
138.660 38.660
138.680 38.680
138.700 38.700
138.720 38.720
138.740 38.740
138.760 38.760
138.780 38.780
138.800 38.800
138.820 38.820
138.840 38.840
138.860 38.860
138.880 38.880
138.900 38.900
138.920 38.920
138.940 38.940
138.960 38.960
138.980 38.980
139.000 39.000
139.020 39.020
139.040 39.040
139.060 39.060
139.080 39.080
139.100 39.100
139.120 39.120
139.140 39.140
139.160 39.160
139.180 39.180
139.200 39.200
139.220 39.220
139.240 39.240
139.260 39.260
139.280 39.280
139.300 39.300
139.320 39.320
139.340 39.340
139.360 39.360
139.380 39.380
139.400 39.400
139.420 39.420
139.440 39.440
139.460 39.460
139.480 39.480
139.500 39.500
139.520 39.520
139.540 39.540
139.560 39.560
139.580 39.580
139.600 39.600
139.620 39.620
139.640 39.640
139.660 39.660
139.680 39.680
139.700 39.700
139.720 39.720
139.740 39.740
139.760 39.760
139.780 39.780
139.800 39.800
139.820 39.820
139.840 39.840
139.860 39.860
139.880 39.880
139.900 39.900
139.920 39.920
139.940 39.940
139.960 39.960
139.980 39.980
140.000 40.000
140.020 40.020
140.040 40.040
140.060 40.060
140.080 40.080
140.100 40.100
140.120 40.120
140.140 40.140
140.160 40.160
140.180 40.180
140.200 40.200
140.220 40.220
140.240 40.240
140.260 40.260
140.280 40.280
140.300 40.300
140.320 40.320
140.340 40.340
140.360 40.360
140.380 40.380
140.400 40.400
140.420 40.420
140.440 40.440
140.460 40.460
140.480 40.480
140.500 40.500
140.520 40.520
140.540 40.540
140.560 40.560
140.580 40.580
140.600 40.600
140.620 40.620
140.640 40.640
140.660 40.660
140.680 40.680
140.700 40.700
140.720 40.720
140.740 40.740
140.760 40.760
140.780 40.780
140.800 40.800
140.820 40.820
140.840 40.840
140.860 40.860
140.880 40.880
140.900 40.900
140.920 40.920
140.940 40.940
140.960 40.960
140.980 40.980
141.000 41.000
141.020 41.020
141.040 41.040
141.060 41.060
141.080 41.080
141.100 41.100
141.120 41.120
141.140 41.140
141.160 41.160
141.180 41.180
141.200 41.200
141.220 41.220
141.240 41.240
141.260 41.260
141.280 41.280
141.300 41.300
141.320 41.320
141.340 41.340
141.360 41.360
141.380 41.380
141.400 41.400
141.420 41.420
141.440 41.440
141.460 41.460
141.480 41.480
141.500 41.500
141.520 41.520
141.540 41.540
141.560 41.560
141.580 41.580
141.600 41.600
141.620 41.620
141.640 41.640
141.660 41.660
141.680 41.680
141.700 41.700
141.720 41.720
141.740 41.740
141.760 41.760
141.780 41.780
141.800 41.800
141.820 41.820
141.840 41.840
141.860 41.860
141.880 41.880
141.900 41.900
141.920 41.920
141.940 41.940
141.960 41.960
141.980 41.980
142.000 42.000
142.020 42.020
142.040 42.040
142.060 42.060
142.080 42.080
142.100 42.100
142.120 42.120
142.140 42.140
142.160 42.160
142.180 42.180
142.200 42.200
142.220 42.220
142.240 42.240
142.260 42.260
142.280 42.280
142.300 42.300
142.320 42.320
142.340 42.340
142.360 42.360
142.380 42.380
142.400 42.400
142.420 42.420
142.440 42.440
142.460 42.460
142.480 42.480
142.500 42.500
142.520 42.520
142.540 42.540
142.560 42.560
142.580 42.580
142.600 42.600
142.620 42.620
142.640 42.640
142.660 42.660
142.680 42.680
142.700 42.700
142.720 42.720
142.740 42.740
142.760 42.760
142.780 42.780
142.800 42.800
142.820 42.820
142.840 42.840
142.860 42.860
142.880 42.880
142.900 42.900
142.920 42.920
142.940 42.940
142.960 42.960
142.980 42.980
143.000 43.000
143.020 43.020
143.040 43.040
143.060 43.060
143.080 43.080
143.100 43.100
143.120 43.120
143.140 43.140
143.160 43.160
143.180 43.180
143.200 43.200
143.220 43.220
143.240 43.240
143.260 43.260
143.280 43.280
143.300 43.300
143.320 43.320
143.340 43.340
143.360 43.360
143.380 43.380
143.400 43.400
143.420 43.420
143.440 43.440
143.460 43.460
143.480 43.480
143.500 43.500
143.520 43.520
143.540 43.540
143.560 43.560
143.580 43.580
143.600 43.600
143.620 43.620
143.640 43.640
143.660 43.660
143.680 43.680
143.700 43.700
143.720 43.720
143.740 43.740
143.760 43.760
143.780 43.780
143.800 43.800
143.820 43.820
143.840 43.840
143.860 43.860
143.880 43.880
143.900 43.900
143.920 43.920
143.940 43.940
143.960 43.960
143.980 43.980
144.000 44.000
144.020 44.020
144.040 44.040
144.060 44.060
144.080 44.080
144.100 44.100
144.120 44.120
144.140 44.140
144.160 44.160
144.180 44.180
144.200 44.200
144.220 44.220
144.240 44.240
144.260 44.260
144.280 44.280
144.300 44.300
144.320 44.320
144.340 44.340
144.360 44.360
144.380 44.380
144.400 44.400
144.420 44.420
144.440 44.440
144.460 44.460
144.480 44.480
144.500 44.500
144.520 44.520
144.540 44.540
144.560 44.560
144.580 44.580
144.600 44.600
144.620 44.620
144.640 44.640
144.660 44.660
144.680 44.680
144.700 44.700
144.720 44.720
144.740 44.740
144.760 44.760
144.780 44.780
144.800 44.800
144.820 44.820
144.840 44.840
144.860 44.860
144.880 44.880
144.900 44.900
144.920 44.920
144.940 44.940
144.960 44.960
144.980 44.980
145.000 45.000
145.020 45.020
145.040 45.040
145.060 45.060
145.080 45.080
145.100 45.100
145.120 45.120
145.140 45.140
145.160 45.160
145.180 45.180
145.200 45.200
145.220 45.220
145.240 45.240
145.260 45.260
145.280 45.280
145.300 45.300
145.320 45.320
145.340 45.340
145.360 45.360
145.380 45.380
145.400 45.400
145.420 45.420
145.440 45.440
145.460 45.460
145.480 45.480
145.500 45.500
145.520 45.520
145.540 45.540
145.560 45.560
145.580 45.580
145.600 45.600
145.620 45.620
145.640 45.640
145.660 45.660
145.680 45.680
145.700 45.700
145.720 45.720
145.740 45.740
145.760 45.760
145.780 45.780
145.800 45.800
145.820 45.820
145.840 45.840
145.860 45.860
145.880 45.880
145.900 45.900
145.920 45.920
145.940 45.940
145.960 45.960
145.980 45.980
146.000 46.000
146.020 46.020
146.040 46.040
146.060 46.060
146.080 46.080
146.100 46.100
146.120 46.120
146.140 46.140
146.160 46.160
146.180 46.180
146.200 46.200
146.220 46.220
146.240 46.240
146.260 46.260
146.280 46.280
146.300 46.300
146.320 46.320
146.340 46.340
146.360 46.360
146.380 46.380
146.400 46.400
146.420 46.420
146.440 46.440
146.460 46.460
146.480 46.480
146.500 46.500
146.520 46.520
146.540 46.540
146.560 46.560
146.580 46.580
146.600 46.600
146.620 46.620
146.640 46.640
146.660 46.660
146.680 46.680
146.700 46.700
146.720 46.720
146.740 46.740
146.760 46.760
146.780 46.780
146.800 46.800
146.820 46.820
146.840 46.840
146.860 46.860
146.880 46.880
146.900 46.900
146.920 46.920
146.940 46.940
146.960 46.960
146.980 46.980
147.000 47.000
147.020 47.020
147.040 47.040
147.060 47.060
147.080 47.080
147.100 47.100
147.120 47.120
147.140 47.140
147.160 47.160
147.180 47.180
147.200 47.200
147.220 47.220
147.240 47.240
147.260 47.260
147.280 47.280
147.300 47.300
147.320 47.320
147.340 47.340
147.360 47.360
147.380 47.380
147.400 47.400
147.420 47.420
147.440 47.440
147.460 47.460
147.480 47.480
147.500 47.500
147.520 47.520
147.540 47.540
147.560 47.560
147.580 47.580
147.600 47.600
147.620 47.620
147.640 47.640
147.660 47.660
147.680 47.680
147.700 47.700
147.720 47.720
147.740 47.740
147.760 47.760
147.780 47.780
147.800 47.800
147.820 47.820
147.840 47.840
147.860 47.860
147.880 47.880
147.900 47.900
147.920 47.920
147.940 47.940
147.960 47.960
147.980 47.980
148.000 48.000
148.020 48.020
148.040 48.040
148.060 48.060
148.080 48.080
148.100 48.100
148.120 48.120
148.140 48.140
148.160 48.160
148.180 48.180
148.200 48.200
148.220 48.220
148.240 48.240
148.260 48.260
148.280 48.280
148.300 48.300
148.320 48.320
148.340 48.340
148.360 48.360
148.380 48.380
148.400 48.400
148.420 48.420
148.440 48.440
148.460 48.460
148.480 48.480
148.500 48.500
148.520 48.520
148.540 48.540
148.560 48.560
148.580 48.580
148.600 48.600
148.620 48.620
148.640 48.640
148.660 48.660
148.680 48.680
148.700 48.700
148.720 48.720
148.740 48.740
148.760 48.760
148.780 48.780
148.800 48.800
148.820 48.820
148.840 48.840
148.860 48.860
148.880 48.880
148.900 48.900
148.920 48.920
148.940 48.940
148.960 48.960
148.980 48.980
149.000 49.000
149.020 49.020
149.040 49.040
149.060 49.060
149.080 49.080
149.100 49.100
149.120 49.120
149.140 49.140
149.160 49.160
149.180 49.180
149.200 49.200
149.220 49.220
149.240 49.240
149.260 49.260
149.280 49.280
149.300 49.300
149.320 49.320
149.340 49.340
149.360 49.360
149.380 49.380
149.400 49.400
149.420 49.420
149.440 49.440
149.460 49.460
149.480 49.480
149.500 49.500
149.520 49.520
149.540 49.540
149.560 49.560
149.580 49.580
149.600 49.600
149.620 49.620
149.640 49.640
149.660 49.660
149.680 49.680
149.700 49.700
149.720 49.720
149.740 49.740
149.760 49.760
149.780 49.780
149.800 49.800
149.820 49.820
149.840 49.840
149.860 49.860
149.880 49.880
149.900 49.900
149.920 49.920
149.940 49.940
149.960 49.960
149.980 49.980
150.000 50.000
150.020 50.020
150.040 50.040
150.060 50.060
150.080 50.080
150.100 50.100
150.120 50.120
150.140 50.140
150.160 50.160
150.180 50.180
150.200 50.200
150.220 50.220
150.240 50.240
150.260 50.260
150.280 50.280
150.300 50.300
150.320 50.320
150.340 50.340
150.360 50.360
150.380 50.380
150.400 50.400
150.420 50.420
150.440 50.440
150.460 50.460
150.480 50.480
150.500 50.500
150.520 50.520
150.540 50.540
150.560 50.560
150.580 50.580
150.600 50.600
150.620 50.620
150.640 50.640
150.660 50.660
150.680 50.680
150.700 50.700
150.720 50.720
150.740 50.740
150.760 50.760
150.780 50.780
150.800 50.800
150.820 50.820
150.840 50.840
150.860 50.860
150.880 50.880
150.900 50.900
150.920 50.920
150.940 50.940
150.960 50.960
150.980 50.980
151.000 51.000
151.020 51.020
151.040 51.040
151.060 51.060
151.080 51.080
151.100 51.100
151.120 51.120
151.140 51.140
151.160 51.160
151.180 51.180
151.200 51.200
151.220 51.220
151.240 51.240
151.260 51.260
151.280 51.280
151.300 51.300
151.320 51.320
151.340 51.340
151.360 51.360
151.380 51.380
151.400 51.400
151.420 51.420
151.440 51.440
151.460 51.460
151.480 51.480
151.500 51.500
151.520 51.520
151.540 51.540
151.560 51.560
151.580 51.580
151.600 51.600
151.620 51.620
151.640 51.640
151.660 51.660
151.680 51.680
151.700 51.700
151.720 51.720
151.740 51.740
151.760 51.760
151.780 51.780
151.800 51.800
151.820 51.820
151.840 51.840
151.860 51.860
151.880 51.880
151.900 51.900
151.920 51.920
151.940 51.940
151.960 51.960
151.980 51.980
152.000 52.000
152.020 52.020
152.040 52.040
152.060 52.060
152.080 52.080
152.100 52.100
152.120 52.120
152.140 52.140
152.160 52.160
152.180 52.180
152.200 52.200
152.220 52.220
152.240 52.240
152.260 52.260
152.280 52.280
152.300 52.300
152.320 52.320
152.340 52.340
152.360 52.360
152.380 52.380
152.400 52.400
152.420 52.420
152.440 52.440
152.460 52.460
152.480 52.480
152.500 52.500
152.520 52.520
152.540 52.540
152.560 52.560
152.580 52.580
152.600 52.600
152.620 52.620
152.640 52.640
152.660 52.660
152.680 52.680
152.700 52.700
152.720 52.720
152.740 52.740
152.760 52.760
152.780 52.780
152.800 52.800
152.820 52.820
152.840 52.840
152.860 52.860
152.880 52.880
152.900 52.900
152.920 52.920
152.940 52.940
152.960 52.960
152.980 52.980
153.000 53.000
153.020 53.020
153.040 53.040
153.060 53.060
153.080 53.080
153.100 53.100
153.120 53.120
153.140 53.140
153.160 53.160
153.180 53.180
153.200 53.200
153.220 53.220
153.240 53.240
153.260 53.260
153.280 53.280
153.300 53.300
153.320 53.320
153.340 53.340
153.360 53.360
153.380 53.380
153.400 53.400
153.420 53.420
153.440 53.440
153.460 53.460
153.480 53.480
153.500 53.500
153.520 53.520
153.540 53.540
153.560 53.560
153.580 53.580
153.600 53.600
153.620 53.620
153.640 53.640
153.660 53.660
153.680 53.680
153.700 53.700
153.720 53.720
153.740 53.740
153.760 53.760
153.780 53.780
153.800 53.800
153.820 53.820
153.840 53.840
153.860 53.860
153.880 53.880
153.900 53.900
153.920 53.920
153.940 53.940
153.960 53.960
153.980 53.980
154.000 54.000
154.020 54.020
154.040 54.040
154.060 54.060
154.080 54.080
154.100 54.100
154.120 54.120
154.140 54.140
154.160 54.160
154.180 54.180
154.200 54.200
154.220 54.220
154.240 54.240
154.260 54.260
154.280 54.280
154.300 54.300
154.320 54.320
154.340 54.340
154.360 54.360
154.380 54.380
154.400 54.400
154.420 54.420
154.440 54.440
154.460 54.460
154.480 54.480
154.500 54.500
154.520 54.520
154.540 54.540
154.560 54.560
154.580 54.580
154.600 54.600
154.620 54.620
154.640 54.640
154.660 54.660
154.680 54.680
154.700 54.700
154.720 54.720
154.740 54.740
154.760 54.760
154.780 54.780
154.800 54.800
154.820 54.820
154.840 54.840
154.860 54.860
154.880 54.880
154.900 54.900
154.920 54.920
154.940 54.940
154.960 54.960
154.980 54.980
155.000 55.000
155.020 55.020
155.040 55.040
155.060 55.060
155.080 55.080
155.100 55.100
155.120 55.120
155.140 55.140
155.160 55.160
155.180 55.180
155.200 55.200
155.220 55.220
155.240 55.240
155.260 55.260
155.280 55.280
155.300 55.300
155.320 55.320
155.340 55.340
155.360 55.360
155.380 55.380
155.400 55.400
155.420 55.420
155.440 55.440
155.460 55.460
155.480 55.480
155.500 55.500
155.520 55.520
155.540 55.540
155.560 55.560
155.580 55.580
155.600 55.600
155.620 55.620
155.640 55.640
155.660 55.660
155.680 55.680
155.700 55.700
155.720 55.720
155.740 55.740
155.760 55.760
155.780 55.780
155.800 55.800
155.820 55.820
155.840 55.840
155.860 55.860
155.880 55.880
155.900 55.900
155.920 55.920
155.940 55.940
155.960 55.960
155.980 55.980
156.000 56.000
156.020 56.020
156.040 56.040
156.060 56.060
156.080 56.080
156.100 56.100
156.120 56.120
156.140 56.140
156.160 56.160
156.180 56.180
156.200 56.200
156.220 56.220
156.240 56.240
156.260 56.260
156.280 56.280
156.300 56.300
156.320 56.320
156.340 56.340
156.360 56.360
156.380 56.380
156.400 56.400
156.420 56.420
156.440 56.440
156.460 56.460
156.480 56.480
156.500 56.500
156.520 56.520
156.540 56.540
156.560 56.560
156.580 56.580
156.600 56.600
156.620 56.620
156.640 56.640
156.660 56.660
156.680 56.680
156.700 56.700
156.720 56.720
156.740 56.740
156.760 56.760
156.780 56.780
156.800 56.800
156.820 56.820
156.840 56.840
156.860 56.860
156.880 56.880
156.900 56.900
156.920 56.920
156.940 56.940
156.960 56.960
156.980 56.980
157.000 57.000
157.020 57.020
157.040 57.040
157.060 57.060
157.080 57.080
157.100 57.100
157.120 57.120
157.140 57.140
157.160 57.160
157.180 57.180
157.200 57.200
157.220 57.220
157.240 57.240
157.260 57.260
157.280 57.280
157.300 57.300
157.320 57.320
157.340 57.340
157.360 57.360
157.380 57.380
157.400 57.400
157.420 57.420
157.440 57.440
157.460 57.460
157.480 57.480
157.500 57.500
157.520 57.520
157.540 57.540
157.560 57.560
157.580 57.580
157.600 57.600
157.620 57.620
157.640 57.640
157.660 57.660
157.680 57.680
157.700 57.700
157.720 57.720
157.740 57.740
157.760 57.760
157.780 57.780
157.800 57.800
157.820 57.820
157.840 57.840
157.860 57.860
157.880 57.880
157.900 57.900
157.920 57.920
157.940 57.940
157.960 57.960
157.980 57.980
158.000 58.000
158.020 58.020
158.040 58.040
158.060 58.060
158.080 58.080
158.100 58.100
158.120 58.120
158.140 58.140
158.160 58.160
158.180 58.180
158.200 58.200
158.220 58.220
158.240 58.240
158.260 58.260
158.280 58.280
158.300 58.300
158.320 58.320
158.340 58.340
158.360 58.360
158.380 58.380
158.400 58.400
158.420 58.420
158.440 58.440
158.460 58.460
158.480 58.480
158.500 58.500
158.520 58.520
158.540 58.540
158.560 58.560
158.580 58.580
158.600 58.600
158.620 58.620
158.640 58.640
158.660 58.660
158.680 58.680
158.700 58.700
158.720 58.720
158.740 58.740
158.760 58.760
158.780 58.780
158.800 58.800
158.820 58.820
158.840 58.840
158.860 58.860
158.880 58.880
158.900 58.900
158.920 58.920
158.940 58.940
158.960 58.960
158.980 58.980
159.000 59.000
159.020 59.020
159.040 59.040
159.060 59.060
159.080 59.080
159.100 59.100
159.120 59.120
159.140 59.140
159.160 59.160
159.180 59.180
159.200 59.200
159.220 59.220
159.240 59.240
159.260 59.260
159.280 59.280
159.300 59.300
159.320 59.320
159.340 59.340
159.360 59.360
159.380 59.380
159.400 59.400
159.420 59.420
159.440 59.440
159.460 59.460
159.480 59.480
159.500 59.500
159.520 59.520
159.540 59.540
159.560 59.560
159.580 59.580
159.600 59.600
159.620 59.620
159.640 59.640
159.660 59.660
159.680 59.680
159.700 59.700
159.720 59.720
159.740 59.740
159.760 59.760
159.780 59.780
159.800 59.800
159.820 59.820
159.840 59.840
159.860 59.860
159.880 59.880
159.900 59.900
159.920 59.920
159.940 59.940
159.960 59.960
159.980 59.980
160.000 60.000
160.020 60.020
160.040 60.040
160.060 60.060
160.080 60.080
160.100 60.100
160.120 60.120
160.140 60.140
160.160 60.160
160.180 60.180
160.200 60.200
160.220 60.220
160.240 60.240
160.260 60.260
160.280 60.280
160.300 60.300
160.320 60.320
160.340 60.340
160.360 60.360
160.380 60.380
160.400 60.400
160.420 60.420
160.440 60.440
160.460 60.460
160.480 60.480
160.500 60.500
160.520 60.520
160.540 60.540
160.560 60.560
160.580 60.580
160.600 60.600
160.620 60.620
160.640 60.640
160.660 60.660
160.680 60.680
160.700 60.700
160.720 60.720
160.740 60.740
160.760 60.760
160.780 60.780
160.800 60.800
160.820 60.820
160.840 60.840
160.860 60.860
160.880 60.880
160.900 60.900
160.920 60.920
160.940 60.940
160.960 60.960
160.980 60.980
161.000 61.000
161.020 61.020
161.040 61.040
161.060 61.060
161.080 61.080
161.100 61.100
161.120 61.120
161.140 61.140
161.160 61.160
161.180 61.180
161.200 61.200
161.220 61.220
161.240 61.240
161.260 61.260
161.280 61.280
161.300 61.300
161.320 61.320
161.340 61.340
161.360 61.360
161.380 61.380
161.400 61.400
161.420 61.420
161.440 61.440
161.460 61.460
161.480 61.480
161.500 61.500
161.520 61.520
161.540 61.540
161.560 61.560
161.580 61.580
161.600 61.600
161.620 61.620
161.640 61.640
161.660 61.660
161.680 61.680
161.700 61.700
161.720 61.720
161.740 61.740
161.760 61.760
161.780 61.780
161.800 61.800
161.820 61.820
161.840 61.840
161.860 61.860
161.880 61.880
161.900 61.900
161.920 61.920
161.940 61.940
161.960 61.960
161.980 61.980
162.000 62.000
162.020 62.020
162.040 62.040
162.060 62.060
162.080 62.080
162.100 62.100
162.120 62.120
162.140 62.140
162.160 62.160
162.180 62.180
162.200 62.200
162.220 62.220
162.240 62.240
162.260 62.260
162.280 62.280
162.300 62.300
162.320 62.320
162.340 62.340
162.360 62.360
162.380 62.380
162.400 62.400
162.420 62.420
162.440 62.440
162.460 62.460
162.480 62.480
162.500 62.500
162.520 62.520
162.540 62.540
162.560 62.560
162.580 62.580
162.600 62.600
162.620 62.620
162.640 62.640
162.660 62.660
162.680 62.680
162.700 62.700
162.720 62.720
162.740 62.740
162.760 62.760
162.780 62.780
162.800 62.800
162.820 62.820
162.840 62.840
162.860 62.860
162.880 62.880
162.900 62.900
162.920 62.920
162.940 62.940
162.960 62.960
162.980 62.980
163.000 63.000
163.020 63.020
163.040 63.040
163.060 63.060
163.080 63.080
163.100 63.100
163.120 63.120
163.140 63.140
163.160 63.160
163.180 63.180
163.200 63.200
163.220 63.220
163.240 63.240
163.260 63.260
163.280 63.280
163.300 63.300
163.320 63.320
163.340 63.340
163.360 63.360
163.380 63.380
163.400 63.400
163.420 63.420
163.440 63.440
163.460 63.460
163.480 63.480
163.500 63.500
163.520 63.520
163.540 63.540
163.560 63.560
163.580 63.580
163.600 63.600
163.620 63.620
163.640 63.640
163.660 63.660
163.680 63.680
163.700 63.700
163.720 63.720
163.740 63.740
163.760 63.760
163.780 63.780
163.800 63.800
163.820 63.820
163.840 63.840
163.860 63.860
163.880 63.880
163.900 63.900
163.920 63.920
163.940 63.940
163.960 63.960
163.980 63.980
164.000 64.000
164.020 64.020
164.040 64.040
164.060 64.060
164.080 64.080
164.100 64.100
164.120 64.120
164.140 64.140
164.160 64.160
164.180 64.180
164.200 64.200
164.220 64.220
164.240 64.240
164.260 64.260
164.280 64.280
164.300 64.300
164.320 64.320
164.340 64.340
164.360 64.360
164.380 64.380
164.400 64.400
164.420 64.420
164.440 64.440
164.460 64.460
164.480 64.480
164.500 64.500
164.520 64.520
164.540 64.540
164.560 64.560
164.580 64.580
164.600 64.600
164.620 64.620
164.640 64.640
164.660 64.660
164.680 64.680
164.700 64.700
164.720 64.720
164.740 64.740
164.760 64.760
164.780 64.780
164.800 64.800
164.820 64.820
164.840 64.840
164.860 64.860
164.880 64.880
164.900 64.900
164.920 64.920
164.940 64.940
164.960 64.960
164.980 64.980
165.000 65.000
165.020 65.020
165.040 65.040
165.060 65.060
165.080 65.080
165.100 65.100
165.120 65.120
165.140 65.140
165.160 65.160
165.180 65.180
165.200 65.200
165.220 65.220
165.240 65.240
165.260 65.260
165.280 65.280
165.300 65.300
165.320 65.320
165.340 65.340
165.360 65.360
165.380 65.380
165.400 65.400
165.420 65.420
165.440 65.440
165.460 65.460
165.480 65.480
165.500 65.500
165.520 65.520
165.540 65.540
165.560 65.560
165.580 65.580
165.600 65.600
165.620 65.620
165.640 65.640
165.660 65.660
165.680 65.680
165.700 65.700
165.720 65.720
165.740 65.740
165.760 65.760
165.780 65.780
165.800 65.800
165.820 65.820
165.840 65.840
165.860 65.860
165.880 65.880
165.900 65.900
165.920 65.920
165.940 65.940
165.960 65.960
165.980 65.980
166.000 66.000
166.020 66.020
166.040 66.040
166.060 66.060
166.080 66.080
166.100 66.100
166.120 66.120
166.140 66.140
166.160 66.160
166.180 66.180
166.200 66.200
166.220 66.220
166.240 66.240
166.260 66.260
166.280 66.280
166.300 66.300
166.320 66.320
166.340 66.340
166.360 66.360
166.380 66.380
166.400 66.400
166.420 66.420
166.440 66.440
166.460 66.460
166.480 66.480
166.500 66.500
166.520 66.520
166.540 66.540
166.560 66.560
166.580 66.580
166.600 66.600
166.620 66.620
166.640 66.640
166.660 66.660
166.680 66.680
166.700 66.700
166.720 66.720
166.740 66.740
166.760 66.760
166.780 66.780
166.800 66.800
166.820 66.820
166.840 66.840
166.860 66.860
166.880 66.880
166.900 66.900
166.920 66.920
166.940 66.940
166.960 66.960
166.980 66.980
167.000 67.000
167.020 67.020
167.040 67.040
167.060 67.060
167.080 67.080
167.100 67.100
167.120 67.120
167.140 67.140
167.160 67.160
167.180 67.180
167.200 67.200
167.220 67.220
167.240 67.240
167.260 67.260
167.280 67.280
167.300 67.300
167.320 67.320
167.340 67.340
167.360 67.360
167.380 67.380
167.400 67.400
167.420 67.420
167.440 67.440
167.460 67.460
167.480 67.480
167.500 67.500
167.520 67.520
167.540 67.540
167.560 67.560
167.580 67.580
167.600 67.600
167.620 67.620
167.640 67.640
167.660 67.660
167.680 67.680
167.700 67.700
167.720 67.720
167.740 67.740
167.760 67.760
167.780 67.780
167.800 67.800
167.820 67.820
167.840 67.840
167.860 67.860
167.880 67.880
167.900 67.900
167.920 67.920
167.940 67.940
167.960 67.960
167.980 67.980
168.000 68.000
168.020 68.020
168.040 68.040
168.060 68.060
168.080 68.080
168.100 68.100
168.120 68.120
168.140 68.140
168.160 68.160
168.180 68.180
168.200 68.200
168.220 68.220
168.240 68.240
168.260 68.260
168.280 68.280
168.300 68.300
168.320 68.320
168.340 68.340
168.360 68.360
168.380 68.380
168.400 68.400
168.420 68.420
168.440 68.440
168.460 68.460
168.480 68.480
168.500 68.500
168.520 68.520
168.540 68.540
168.560 68.560
168.580 68.580
168.600 68.600
168.620 68.620
168.640 68.640
168.660 68.660
168.680 68.680
168.700 68.700
168.720 68.720
168.740 68.740
168.760 68.760
168.780 68.780
168.800 68.800
168.820 68.820
168.840 68.840
168.860 68.860
168.880 68.880
168.900 68.900
168.920 68.920
168.940 68.940
168.960 68.960
168.980 68.980
169.000 69.000
169.020 69.020
169.040 69.040
169.060 69.060
169.080 69.080
169.100 69.100
169.120 69.120
169.140 69.140
169.160 69.160
169.180 69.180
169.200 69.200
169.220 69.220
169.240 69.240
169.260 69.260
169.280 69.280
169.300 69.300
169.320 69.320
169.340 69.340
169.360 69.360
169.380 69.380
169.400 69.400
169.420 69.420
169.440 69.440
169.460 69.460
169.480 69.480
169.500 69.500
169.520 69.520
169.540 69.540
169.560 69.560
169.580 69.580
169.600 69.600
169.620 69.620
169.640 69.640
169.660 69.660
169.680 69.680
169.700 69.700
169.720 69.720
169.740 69.740
169.760 69.760
169.780 69.780
169.800 69.800
169.820 69.820
169.840 69.840
169.860 69.860
169.880 69.880
169.900 69.900
169.920 69.920
169.940 69.940
169.960 69.960
169.980 69.980
170.000 70.000
170.020 70.020
170.040 70.040
170.060 70.060
170.080 70.080
170.100 70.100
170.120 70.120
170.140 70.140
170.160 70.160
170.180 70.180
170.200 70.200
170.220 70.220
170.240 70.240
170.260 70.260
170.280 70.280
170.300 70.300
170.320 70.320
170.340 70.340
170.360 70.360
170.380 70.380
170.400 70.400
170.420 70.420
170.440 70.440
170.460 70.460
170.480 70.480
170.500 70.500
170.520 70.520
170.540 70.540
170.560 70.560
170.580 70.580
170.600 70.600
170.620 70.620
170.640 70.640
170.660 70.660
170.680 70.680
170.700 70.700
170.720 70.720
170.740 70.740
170.760 70.760
170.780 70.780
170.800 70.800
170.820 70.820
170.840 70.840
170.860 70.860
170.880 70.880
170.900 70.900
170.920 70.920
170.940 70.940
170.960 70.960
170.980 70.980
171.000 71.000
171.020 71.020
171.040 71.040
171.060 71.060
171.080 71.080
171.100 71.100
171.120 71.120
171.140 71.140
171.160 71.160
171.180 71.180
171.200 71.200
171.220 71.220
171.240 71.240
171.260 71.260
171.280 71.280
171.300 71.300
171.320 71.320
171.340 71.340
171.360 71.360
171.380 71.380
171.400 71.400
171.420 71.420
171.440 71.440
171.460 71.460
171.480 71.480
171.500 71.500
171.520 71.520
171.540 71.540
171.560 71.560
171.580 71.580
171.600 71.600
171.620 71.620
171.640 71.640
171.660 71.660
171.680 71.680
171.700 71.700
171.720 71.720
171.740 71.740
171.760 71.760
171.780 71.780
171.800 71.800
171.820 71.820
171.840 71.840
171.860 71.860
171.880 71.880
171.900 71.900
171.920 71.920
171.940 71.940
171.960 71.960
171.980 71.980
172.000 72.000
172.020 72.020
172.040 72.040
172.060 72.060
172.080 72.080
172.100 72.100
172.120 72.120
172.140 72.140
172.160 72.160
172.180 72.180
172.200 72.200
172.220 72.220
172.240 72.240
172.260 72.260
172.280 72.280
172.300 72.300
172.320 72.320
172.340 72.340
172.360 72.360
172.380 72.380
172.400 72.400
172.420 72.420
172.440 72.440
172.460 72.460
172.480 72.480
172.500 72.500
172.520 72.520
172.540 72.540
172.560 72.560
172.580 72.580
172.600 72.600
172.620 72.620
172.640 72.640
172.660 72.660
172.680 72.680
172.700 72.700
172.720 72.720
172.740 72.740
172.760 72.760
172.780 72.780
172.800 72.800
172.820 72.820
172.840 72.840
172.860 72.860
172.880 72.880
172.900 72.900
172.920 72.920
172.940 72.940
172.960 72.960
172.980 72.980
173.000 73.000
173.020 73.020
173.040 73.040
173.060 73.060
173.080 73.080
173.100 73.100
173.120 73.120
173.140 73.140
173.160 73.160
173.180 73.180
173.200 73.200
173.220 73.220
173.240 73.240
173.260 73.260
173.280 73.280
173.300 73.300
173.320 73.320
173.340 73.340
173.360 73.360
173.380 73.380
173.400 73.400
173.420 73.420
173.440 73.440
173.460 73.460
173.480 73.480
173.500 73.500
173.520 73.520
173.540 73.540
173.560 73.560
173.580 73.580
173.600 73.600
173.620 73.620
173.640 73.640
173.660 73.660
173.680 73.680
173.700 73.700
173.720 73.720
173.740 73.740
173.760 73.760
173.780 73.780
173.800 73.800
173.820 73.820
173.840 73.840
173.860 73.860
173.880 73.880
173.900 73.900
173.920 73.920
173.940 73.940
173.960 73.960
173.980 73.980
174.000 74.000
174.020 74.020
174.040 74.040
174.060 74.060
174.080 74.080
174.100 74.100
174.120 74.120
174.140 74.140
174.160 74.160
174.180 74.180
174.200 74.200
174.220 74.220
174.240 74.240
174.260 74.260
174.280 74.280
174.300 74.300
174.320 74.320
174.340 74.340
174.360 74.360
174.380 74.380
174.400 74.400
174.420 74.420
174.440 74.440
174.460 74.460
174.480 74.480
174.500 74.500
174.520 74.520
174.540 74.540
174.560 74.560
174.580 74.580
174.600 74.600
174.620 74.620
174.640 74.640
174.660 74.660
174.680 74.680
174.700 74.700
174.720 74.720
174.740 74.740
174.760 74.760
174.780 74.780
174.800 74.800
174.820 74.820
174.840 74.840
174.860 74.860
174.880 74.880
174.900 74.900
174.920 74.920
174.940 74.940
174.960 74.960
174.980 74.980
175.000 75.000
175.020 75.020
175.040 75.040
175.060 75.060
175.080 75.080
175.100 75.100
175.120 75.120
175.140 75.140
175.160 75.160
175.180 75.180
175.200 75.200
175.220 75.220
175.240 75.240
175.260 75.260
175.280 75.280
175.300 75.300
175.320 75.320
175.340 75.340
175.360 75.360
175.380 75.380
175.400 75.400
175.420 75.420
175.440 75.440
175.460 75.460
175.480 75.480
175.500 75.500
175.520 75.520
175.540 75.540
175.560 75.560
175.580 75.580
175.600 75.600
175.620 75.620
175.640 75.640
175.660 75.660
175.680 75.680
175.700 75.700
175.720 75.720
175.740 75.740
175.760 75.760
175.780 75.780
175.800 75.800
175.820 75.820
175.840 75.840
175.860 75.860
175.880 75.880
175.900 75.900
175.920 75.920
175.940 75.940
175.960 75.960
175.980 75.980
176.000 76.000
176.020 76.020
176.040 76.040
176.060 76.060
176.080 76.080
176.100 76.100
176.120 76.120
176.140 76.140
176.160 76.160
176.180 76.180
176.200 76.200
176.220 76.220
176.240 76.240
176.260 76.260
176.280 76.280
176.300 76.300
176.320 76.320
176.340 76.340
176.360 76.360
176.380 76.380
176.400 76.400
176.420 76.420
176.440 76.440
176.460 76.460
176.480 76.480
176.500 76.500
176.520 76.520
176.540 76.540
176.560 76.560
176.580 76.580
176.600 76.600
176.620 76.620
176.640 76.640
176.660 76.660
176.680 76.680
176.700 76.700
176.720 76.720
176.740 76.740
176.760 76.760
176.780 76.780
176.800 76.800
176.820 76.820
176.840 76.840
176.860 76.860
176.880 76.880
176.900 76.900
176.920 76.920
176.940 76.940
176.960 76.960
176.980 76.980
177.000 77.000
177.020 77.020
177.040 77.040
177.060 77.060
177.080 77.080
177.100 77.100
177.120 77.120
177.140 77.140
177.160 77.160
177.180 77.180
177.200 77.200
177.220 77.220
177.240 77.240
177.260 77.260
177.280 77.280
177.300 77.300
177.320 77.320
177.340 77.340
177.360 77.360
177.380 77.380
177.400 77.400
177.420 77.420
177.440 77.440
177.460 77.460
177.480 77.480
177.500 77.500
177.520 77.520
177.540 77.540
177.560 77.560
177.580 77.580
177.600 77.600
177.620 77.620
177.640 77.640
177.660 77.660
177.680 77.680
177.700 77.700
177.720 77.720
177.740 77.740
177.760 77.760
177.780 77.780
177.800 77.800
177.820 77.820
177.840 77.840
177.860 77.860
177.880 77.880
177.900 77.900
177.920 77.920
177.940 77.940
177.960 77.960
177.980 77.980
178.000 78.000
178.020 78.020
178.040 78.040
178.060 78.060
178.080 78.080
178.100 78.100
178.120 78.120
178.140 78.140
178.160 78.160
178.180 78.180
178.200 78.200
178.220 78.220
178.240 78.240
178.260 78.260
178.280 78.280
178.300 78.300
178.320 78.320
178.340 78.340
178.360 78.360
178.380 78.380
178.400 78.400
178.420 78.420
178.440 78.440
178.460 78.460
178.480 78.480
178.500 78.500
178.520 78.520
178.540 78.540
178.560 78.560
178.580 78.580
178.600 78.600
178.620 78.620
178.640 78.640
178.660 78.660
178.680 78.680
178.700 78.700
178.720 78.720
178.740 78.740
178.760 78.760
178.780 78.780
178.800 78.800
178.820 78.820
178.840 78.840
178.860 78.860
178.880 78.880
178.900 78.900
178.920 78.920
178.940 78.940
178.960 78.960
178.980 78.980
179.000 79.000
179.020 79.020
179.040 79.040
179.060 79.060
179.080 79.080
179.100 79.100
179.120 79.120
179.140 79.140
179.160 79.160
179.180 79.180
179.200 79.200
179.220 79.220
179.240 79.240
179.260 79.260
179.280 79.280
179.300 79.300
179.320 79.320
179.340 79.340
179.360 79.360
179.380 79.380
179.400 79.400
179.420 79.420
179.440 79.440
179.460 79.460
179.480 79.480
179.500 79.500
179.520 79.520
179.540 79.540
179.560 79.560
179.580 79.580
179.600 79.600
179.620 79.620
179.640 79.640
179.660 79.660
179.680 79.680
179.700 79.700
179.720 79.720
179.740 79.740
179.760 79.760
179.780 79.780
179.800 79.800
179.820 79.820
179.840 79.840
179.860 79.860
179.880 79.880
179.900 79.900
179.920 79.920
179.940 79.940
179.960 79.960
179.980 79.980
180.000 80.000
180.020 80.020
180.040 80.040
180.060 80.060
180.080 80.080
180.100 80.100
180.120 80.120
180.140 80.140
180.160 80.160
180.180 80.180
180.200 80.200
180.220 80.220
180.240 80.240
180.260 80.260
180.280 80.280
180.300 80.300
180.320 80.320
180.340 80.340
180.360 80.360
180.380 80.380
180.400 80.400
180.420 80.420
180.440 80.440
180.460 80.460
180.480 80.480
180.500 80.500
180.520 80.520
180.540 80.540
180.560 80.560
180.580 80.580
180.600 80.600
180.620 80.620
180.640 80.640
180.660 80.660
180.680 80.680
180.700 80.700
180.720 80.720
180.740 80.740
180.760 80.760
180.780 80.780
180.800 80.800
180.820 80.820
180.840 80.840
180.860 80.860
180.880 80.880
180.900 80.900
180.920 80.920
180.940 80.940
180.960 80.960
180.980 80.980
181.000 81.000
181.020 81.020
181.040 81.040
181.060 81.060
181.080 81.080
181.100 81.100
181.120 81.120
181.140 81.140
181.160 81.160
181.180 81.180
181.200 81.200
181.220 81.220
181.240 81.240
181.260 81.260
181.280 81.280
181.300 81.300
181.320 81.320
181.340 81.340
181.360 81.360
181.380 81.380
181.400 81.400
181.420 81.420
181.440 81.440
181.460 81.460
181.480 81.480
181.500 81.500
181.520 81.520
181.540 81.540
181.560 81.560
181.580 81.580
181.600 81.600
181.620 81.620
181.640 81.640
181.660 81.660
181.680 81.680
181.700 81.700
181.720 81.720
181.740 81.740
181.760 81.760
181.780 81.780
181.800 81.800
181.820 81.820
181.840 81.840
181.860 81.860
181.880 81.880
181.900 81.900
181.920 81.920
181.940 81.940
181.960 81.960
181.980 81.980
182.000 82.000
182.020 82.020
182.040 82.040
182.060 82.060
182.080 82.080
182.100 82.100
182.120 82.120
182.140 82.140
182.160 82.160
182.180 82.180
182.200 82.200
182.220 82.220
182.240 82.240
182.260 82.260
182.280 82.280
182.300 82.300
182.320 82.320
182.340 82.340
182.360 82.360
182.380 82.380
182.400 82.400
182.420 82.420
182.440 82.440
182.460 82.460
182.480 82.480
182.500 82.500
182.520 82.520
182.540 82.540
182.560 82.560
182.580 82.580
182.600 82.600
182.620 82.620
182.640 82.640
182.660 82.660
182.680 82.680
182.700 82.700
182.720 82.720
182.740 82.740
182.760 82.760
182.780 82.780
182.800 82.800
182.820 82.820
182.840 82.840
182.860 82.860
182.880 82.880
182.900 82.900
182.920 82.920
182.940 82.940
182.960 82.960
182.980 82.980
183.000 83.000
183.020 83.020
183.040 83.040
183.060 83.060
183.080 83.080
183.100 83.100
183.120 83.120
183.140 83.140
183.160 83.160
183.180 83.180
183.200 83.200
183.220 83.220
183.240 83.240
183.260 83.260
183.280 83.280
183.300 83.300
183.320 83.320
183.340 83.340
183.360 83.360
183.380 83.380
183.400 83.400
183.420 83.420
183.440 83.440
183.460 83.460
183.480 83.480
183.500 83.500
183.520 83.520
183.540 83.540
183.560 83.560
183.580 83.580
183.600 83.600
183.620 83.620
183.640 83.640
183.660 83.660
183.680 83.680
183.700 83.700
183.720 83.720
183.740 83.740
183.760 83.760
183.780 83.780
183.800 83.800
183.820 83.820
183.840 83.840
183.860 83.860
183.880 83.880
183.900 83.900
183.920 83.920
183.940 83.940
183.960 83.960
183.980 83.980
184.000 84.000
184.020 84.020
184.040 84.040
184.060 84.060
184.080 84.080
184.100 84.100
184.120 84.120
184.140 84.140
184.160 84.160
184.180 84.180
184.200 84.200
184.220 84.220
184.240 84.240
184.260 84.260
184.280 84.280
184.300 84.300
184.320 84.320
184.340 84.340
184.360 84.360
184.380 84.380
184.400 84.400
184.420 84.420
184.440 84.440
184.460 84.460
184.480 84.480
184.500 84.500
184.520 84.520
184.540 84.540
184.560 84.560
184.580 84.580
184.600 84.600
184.620 84.620
184.640 84.640
184.660 84.660
184.680 84.680
184.700 84.700
184.720 84.720
184.740 84.740
184.760 84.760
184.780 84.780
184.800 84.800
184.820 84.820
184.840 84.840
184.860 84.860
184.880 84.880
184.900 84.900
184.920 84.920
184.940 84.940
184.960 84.960
184.980 84.980
185.000 85.000
185.020 85.020
185.040 85.040
185.060 85.060
185.080 85.080
185.100 85.100
185.120 85.120
185.140 85.140
185.160 85.160
185.180 85.180
185.200 85.200
185.220 85.220
185.240 85.240
185.260 85.260
185.280 85.280
185.300 85.300
185.320 85.320
185.340 85.340
185.360 85.360
185.380 85.380
185.400 85.400
185.420 85.420
185.440 85.440
185.460 85.460
185.480 85.480
185.500 85.500
185.520 85.520
185.540 85.540
185.560 85.560
185.580 85.580
185.600 85.600
185.620 85.620
185.640 85.640
185.660 85.660
185.680 85.680
185.700 85.700
185.720 85.720
185.740 85.740
185.760 85.760
185.780 85.780
185.800 85.800
185.820 85.820
185.840 85.840
185.860 85.860
185.880 85.880
185.900 85.900
185.920 85.920
185.940 85.940
185.960 85.960
185.980 85.980
186.000 86.000
186.020 86.020
186.040 86.040
186.060 86.060
186.080 86.080
186.100 86.100
186.120 86.120
186.140 86.140
186.160 86.160
186.180 86.180
186.200 86.200
186.220 86.220
186.240 86.240
186.260 86.260
186.280 86.280
186.300 86.300
186.320 86.320
186.340 86.340
186.360 86.360
186.380 86.380
186.400 86.400
186.420 86.420
186.440 86.440
186.460 86.460
186.480 86.480
186.500 86.500
186.520 86.520
186.540 86.540
186.560 86.560
186.580 86.580
186.600 86.600
186.620 86.620
186.640 86.640
186.660 86.660
186.680 86.680
186.700 86.700
186.720 86.720
186.740 86.740
186.760 86.760
186.780 86.780
186.800 86.800
186.820 86.820
186.840 86.840
186.860 86.860
186.880 86.880
186.900 86.900
186.920 86.920
186.940 86.940
186.960 86.960
186.980 86.980
187.000 87.000
187.020 87.020
187.040 87.040
187.060 87.060
187.080 87.080
187.100 87.100
187.120 87.120
187.140 87.140
187.160 87.160
187.180 87.180
187.200 87.200
187.220 87.220
187.240 87.240
187.260 87.260
187.280 87.280
187.300 87.300
187.320 87.320
187.340 87.340
187.360 87.360
187.380 87.380
187.400 87.400
187.420 87.420
187.440 87.440
187.460 87.460
187.480 87.480
187.500 87.500
187.520 87.520
187.540 87.540
187.560 87.560
187.580 87.580
187.600 87.600
187.620 87.620
187.640 87.640
187.660 87.660
187.680 87.680
187.700 87.700
187.720 87.720
187.740 87.740
187.760 87.760
187.780 87.780
187.800 87.800
187.820 87.820
187.840 87.840
187.860 87.860
187.880 87.880
187.900 87.900
187.920 87.920
187.940 87.940
187.960 87.960
187.980 87.980
188.000 88.000
188.020 88.020
188.040 88.040
188.060 88.060
188.080 88.080
188.100 88.100
188.120 88.120
188.140 88.140
188.160 88.160
188.180 88.180
188.200 88.200
188.220 88.220
188.240 88.240
188.260 88.260
188.280 88.280
188.300 88.300
188.320 88.320
188.340 88.340
188.360 88.360
188.380 88.380
188.400 88.400
188.420 88.420
188.440 88.440
188.460 88.460
188.480 88.480
188.500 88.500
188.520 88.520
188.540 88.540
188.560 88.560
188.580 88.580
188.600 88.600
188.620 88.620
188.640 88.640
188.660 88.660
188.680 88.680
188.700 88.700
188.720 88.720
188.740 88.740
188.760 88.760
188.780 88.780
188.800 88.800
188.820 88.820
188.840 88.840
188.860 88.860
188.880 88.880
188.900 88.900
188.920 88.920
188.940 88.940
188.960 88.960
188.980 88.980
189.000 89.000
189.020 89.020
189.040 89.040
189.060 89.060
189.080 89.080
189.100 89.100
189.120 89.120
189.140 89.140
189.160 89.160
189.180 89.180
189.200 89.200
189.220 89.220
189.240 89.240
189.260 89.260
189.280 89.280
189.300 89.300
189.320 89.320
189.340 89.340
189.360 89.360
189.380 89.380
189.400 89.400
189.420 89.420
189.440 89.440
189.460 89.460
189.480 89.480
189.500 89.500
189.520 89.520
189.540 89.540
189.560 89.560
189.580 89.580
189.600 89.600
189.620 89.620
189.640 89.640
189.660 89.660
189.680 89.680
189.700 89.700
189.720 89.720
189.740 89.740
189.760 89.760
189.780 89.780
189.800 89.800
189.820 89.820
189.840 89.840
189.860 89.860
189.880 89.880
189.900 89.900
189.920 89.920
189.940 89.940
189.960 89.960
189.980 89.980
190.000 90.000
190.020 90.020
190.040 90.040
190.060 90.060
190.080 90.080
190.100 90.100
190.120 90.120
190.140 90.140
190.160 90.160
190.180 90.180
190.200 90.200
190.220 90.220
190.240 90.240
190.260 90.260
190.280 90.280
190.300 90.300
190.320 90.320
190.340 90.340
190.360 90.360
190.380 90.380
190.400 90.400
190.420 90.420
190.440 90.440
190.460 90.460
190.480 90.480
190.500 90.500
190.520 90.520
190.540 90.540
190.560 90.560
190.580 90.580
190.600 90.600
190.620 90.620
190.640 90.640
190.660 90.660
190.680 90.680
190.700 90.700
190.720 90.720
190.740 90.740
190.760 90.760
190.780 90.780
190.800 90.800
190.820 90.820
190.840 90.840
190.860 90.860
190.880 90.880
190.900 90.900
190.920 90.920
190.940 90.940
190.960 90.960
190.980 90.980
191.000 91.000
191.020 91.020
191.040 91.040
191.060 91.060
191.080 91.080
191.100 91.100
191.120 91.120
191.140 91.140
191.160 91.160
191.180 91.180
191.200 91.200
191.220 91.220
191.240 91.240
191.260 91.260
191.280 91.280
191.300 91.300
191.320 91.320
191.340 91.340
191.360 91.360
191.380 91.380
191.400 91.400
191.420 91.420
191.440 91.440
191.460 91.460
191.480 91.480
191.500 91.500
191.520 91.520
191.540 91.540
191.560 91.560
191.580 91.580
191.600 91.600
191.620 91.620
191.640 91.640
191.660 91.660
191.680 91.680
191.700 91.700
191.720 91.720
191.740 91.740
191.760 91.760
191.780 91.780
191.800 91.800
191.820 91.820
191.840 91.840
191.860 91.860
191.880 91.880
191.900 91.900
191.920 91.920
191.940 91.940
191.960 91.960
191.980 91.980
192.000 92.000
192.020 92.020
192.040 92.040
192.060 92.060
192.080 92.080
192.100 92.100
192.120 92.120
192.140 92.140
192.160 92.160
192.180 92.180
192.200 92.200
192.220 92.220
192.240 92.240
192.260 92.260
192.280 92.280
192.300 92.300
192.320 92.320
192.340 92.340
192.360 92.360
192.380 92.380
192.400 92.400
192.420 92.420
192.440 92.440
192.460 92.460
192.480 92.480
192.500 92.500
192.520 92.520
192.540 92.540
192.560 92.560
192.580 92.580
192.600 92.600
192.620 92.620
192.640 92.640
192.660 92.660
192.680 92.680
192.700 92.700
192.720 92.720
192.740 92.740
192.760 92.760
192.780 92.780
192.800 92.800
192.820 92.820
192.840 92.840
192.860 92.860
192.880 92.880
192.900 92.900
192.920 92.920
192.940 92.940
192.960 92.960
192.980 92.980
193.000 93.000
193.020 93.020
193.040 93.040
193.060 93.060
193.080 93.080
193.100 93.100
193.120 93.120
193.140 93.140
193.160 93.160
193.180 93.180
193.200 93.200
193.220 93.220
193.240 93.240
193.260 93.260
193.280 93.280
193.300 93.300
193.320 93.320
193.340 93.340
193.360 93.360
193.380 93.380
193.400 93.400
193.420 93.420
193.440 93.440
193.460 93.460
193.480 93.480
193.500 93.500
193.520 93.520
193.540 93.540
193.560 93.560
193.580 93.580
193.600 93.600
193.620 93.620
193.640 93.640
193.660 93.660
193.680 93.680
193.700 93.700
193.720 93.720
193.740 93.740
193.760 93.760
193.780 93.780
193.800 93.800
193.820 93.820
193.840 93.840
193.860 93.860
193.880 93.880
193.900 93.900
193.920 93.920
193.940 93.940
193.960 93.960
193.980 93.980
194.000 94.000
194.020 94.020
194.040 94.040
194.060 94.060
194.080 94.080
194.100 94.100
194.120 94.120
194.140 94.140
194.160 94.160
194.180 94.180
194.200 94.200
194.220 94.220
194.240 94.240
194.260 94.260
194.280 94.280
194.300 94.300
194.320 94.320
194.340 94.340
194.360 94.360
194.380 94.380
194.400 94.400
194.420 94.420
194.440 94.440
194.460 94.460
194.480 94.480
194.500 94.500
194.520 94.520
194.540 94.540
194.560 94.560
194.580 94.580
194.600 94.600
194.620 94.620
194.640 94.640
194.660 94.660
194.680 94.680
194.700 94.700
194.720 94.720
194.740 94.740
194.760 94.760
194.780 94.780
194.800 94.800
194.820 94.820
194.840 94.840
194.860 94.860
194.880 94.880
194.900 94.900
194.920 94.920
194.940 94.940
194.960 94.960
194.980 94.980
195.000 95.000
195.020 95.020
195.040 95.040
195.060 95.060
195.080 95.080
195.100 95.100
195.120 95.120
195.140 95.140
195.160 95.160
195.180 95.180
195.200 95.200
195.220 95.220
195.240 95.240
195.260 95.260
195.280 95.280
195.300 95.300
195.320 95.320
195.340 95.340
195.360 95.360
195.380 95.380
195.400 95.400
195.420 95.420
195.440 95.440
195.460 95.460
195.480 95.480
195.500 95.500
195.520 95.520
195.540 95.540
195.560 95.560
195.580 95.580
195.600 95.600
195.620 95.620
195.640 95.640
195.660 95.660
195.680 95.680
195.700 95.700
195.720 95.720
195.740 95.740
195.760 95.760
195.780 95.780
195.800 95.800
195.820 95.820
195.840 95.840
195.860 95.860
195.880 95.880
195.900 95.900
195.920 95.920
195.940 95.940
195.960 95.960
195.980 95.980
196.000 96.000
196.020 96.020
196.040 96.040
196.060 96.060
196.080 96.080
196.100 96.100
196.120 96.120
196.140 96.140
196.160 96.160
196.180 96.180
196.200 96.200
196.220 96.220
196.240 96.240
196.260 96.260
196.280 96.280
196.300 96.300
196.320 96.320
196.340 96.340
196.360 96.360
196.380 96.380
196.400 96.400
196.420 96.420
196.440 96.440
196.460 96.460
196.480 96.480
196.500 96.500
196.520 96.520
196.540 96.540
196.560 96.560
196.580 96.580
196.600 96.600
196.620 96.620
196.640 96.640
196.660 96.660
196.680 96.680
196.700 96.700
196.720 96.720
196.740 96.740
196.760 96.760
196.780 96.780
196.800 96.800
196.820 96.820
196.840 96.840
196.860 96.860
196.880 96.880
196.900 96.900
196.920 96.920
196.940 96.940
196.960 96.960
196.980 96.980
197.000 97.000
197.020 97.020
197.040 97.040
197.060 97.060
197.080 97.080
197.100 97.100
197.120 97.120
197.140 97.140
197.160 97.160
197.180 97.180
197.200 97.200
197.220 97.220
197.240 97.240
197.260 97.260
197.280 97.280
197.300 97.300
197.320 97.320
197.340 97.340
197.360 97.360
197.380 97.380
197.400 97.400
197.420 97.420
197.440 97.440
197.460 97.460
197.480 97.480
197.500 97.500
197.520 97.520
197.540 97.540
197.560 97.560
197.580 97.580
197.600 97.600
197.620 97.620
197.640 97.640
197.660 97.660
197.680 97.680
197.700 97.700
197.720 97.720
197.740 97.740
197.760 97.760
197.780 97.780
197.800 97.800
197.820 97.820
197.840 97.840
197.860 97.860
197.880 97.880
197.900 97.900
197.920 97.920
197.940 97.940
197.960 97.960
197.980 97.980
198.000 98.000
198.020 98.020
198.040 98.040
198.060 98.060
198.080 98.080
198.100 98.100
198.120 98.120
198.140 98.140
198.160 98.160
198.180 98.180
198.200 98.200
198.220 98.220
198.240 98.240
198.260 98.260
198.280 98.280
198.300 98.300
198.320 98.320
198.340 98.340
198.360 98.360
198.380 98.380
198.400 98.400
198.420 98.420
198.440 98.440
198.460 98.460
198.480 98.480
198.500 98.500
198.520 98.520
198.540 98.540
198.560 98.560
198.580 98.580
198.600 98.600
198.620 98.620
198.640 98.640
198.660 98.660
198.680 98.680
198.700 98.700
198.720 98.720
198.740 98.740
198.760 98.760
198.780 98.780
198.800 98.800
198.820 98.820
198.840 98.840
198.860 98.860
198.880 98.880
198.900 98.900
198.920 98.920
198.940 98.940
198.960 98.960
198.980 98.980
199.000 99.000
199.020 99.020
199.040 99.040
199.060 99.060
199.080 99.080
199.100 99.100
199.120 99.120
199.140 99.140
199.160 99.160
199.180 99.180
199.200 99.200
199.220 99.220
199.240 99.240
199.260 99.260
199.280 99.280
199.300 99.300
199.320 99.320
199.340 99.340
199.360 99.360
199.380 99.380
199.400 99.400
199.420 99.420
199.440 99.440
199.460 99.460
199.480 99.480
199.500 99.500
199.520 99.520
199.540 99.540
199.560 99.560
199.580 99.580
199.600 99.600
199.620 99.620
199.640 99.640
199.660 99.660
199.680 99.680
199.700 99.700
199.720 99.720
199.740 99.740
199.760 99.760
199.780 99.780
199.800 99.800
199.820 99.820
199.840 99.840
199.860 99.860
199.880 99.880
199.900 99.900
199.920 99.920
199.940 99.940
199.960 99.960
199.980 99.980
