100 3.353
101 3.354
102 3.353
103 3.354
104 3.354
105 3.353
106 3.354
107 3.353
108 3.354
109 3.352
110 3.355
111 3.352
112 3.355
113 3.351
114 3.355
115 3.351
116 3.355
117 3.350
118 3.355
119 3.349
120 3.356
121 3.349
122 3.356
123 3.348
124 3.356
125 3.348
126 3.356
127 3.347
128 3.356
129 3.347
130 3.356
131 3.346
132 3.356
133 3.346
134 3.356
135 3.345
136 3.356
137 3.345
138 3.356
139 3.345
140 3.356
141 3.345
142 3.356
143 3.345
144 3.356
145 3.345
146 3.356
147 3.346
148 3.356
149 3.346
150 3.356
151 3.346
152 3.356
153 3.347
154 3.356
155 3.347
156 3.355
157 3.347
158 3.355
159 3.348
160 3.355
161 3.348
162 3.355
163 3.348
164 3.355
165 3.349
166 3.355
167 3.349
168 3.355
169 3.349
170 3.354
171 3.349
172 3.354
173 3.350
174 3.354
175 3.350
176 3.354
177 3.350
178 3.354
179 3.350
180 3.354
181 3.351
182 3.353
183 3.351
184 3.353
185 3.351
186 3.353
187 3.351
188 3.353
189 3.351
190 3.353
191 3.352
192 3.352
193 3.352
194 3.352
195 3.352
196 3.352
197 3.352
198 3.352
199 3.352
200 3.352
201 3.352
202 3.351
203 3.352
204 3.351
205 3.353
206 3.351
207 3.353
208 3.351
209 3.353
210 3.351
211 3.353
212 3.350
213 3.353
214 3.350
215 3.353
216 3.350
217 3.353
218 3.350
219 3.353
220 3.349
221 3.353
222 3.349
223 3.353
224 3.349
225 3.353
226 3.349
227 3.353
228 3.349
229 3.353
230 3.348
231 3.353
232 3.348
233 3.353
234 3.348
235 3.353
236 3.348
237 3.353
238 3.347
239 3.353
240 3.347
241 3.353
242 3.347
243 3.353
244 3.347
245 3.353
246 3.347
247 3.353
248 3.347
249 3.353
250 3.347
251 3.353
252 3.347
253 3.353
254 3.347
255 3.353
256 3.347
257 3.353
258 3.348
259 3.353
260 3.348
261 3.353
262 3.348
263 3.353
264 3.348
265 3.353
266 3.348
267 3.353
268 3.348
269 3.353
270 3.349
271 3.353
272 3.349
273 3.353
274 3.349
275 3.353
276 3.349
277 3.353
278 3.349
279 3.353
280 3.349
281 3.353
282 3.349
283 3.353
284 3.349
285 3.353
286 3.350
287 3.352
288 3.350
289 3.352
290 3.350
291 3.352
292 3.350
293 3.352
294 3.350
295 3.352
296 3.350
297 3.352
298 3.350
299 3.352
300 3.350
301 3.352
302 3.350
303 3.352
304 3.351
305 3.352
306 3.351
307 3.352
308 3.351
309 3.352
310 3.351
311 3.352
312 3.351
313 3.351
314 3.351
315 3.351
316 3.351
317 3.351
318 3.351
319 3.351
320 3.351
321 3.351
322 3.351
323 3.351
324 3.351
325 3.351
326 3.351
327 3.351
328 3.351
329 3.351
330 3.351
331 3.351
332 3.352
333 3.351
334 3.352
335 3.350
336 3.352
337 3.350
338 3.352
339 3.350
340 3.352
341 3.350
342 3.352
343 3.350
344 3.352
345 3.350
346 3.352
347 3.350
348 3.352
349 3.350
350 3.352
351 3.350
352 3.352
353 3.349
354 3.352
355 3.349
356 3.352
357 3.349
358 3.352
359 3.349
360 3.352
361 3.349
362 3.352
363 3.349
364 3.352
365 3.349
366 3.352
367 3.349
368 3.352
369 3.349
370 3.352
371 3.348
372 3.352
373 3.348
374 3.352
375 3.348
376 3.352
377 3.348
378 3.352
379 3.348
380 3.352
381 3.348
382 3.352
383 3.348
384 3.352
385 3.348
386 3.352
387 3.348
388 3.352
389 3.348
390 3.352
391 3.348
392 3.352
393 3.348
394 3.352
395 3.348
396 3.352
397 3.348
398 3.352
399 3.348
400 3.352
