100 5.267
101 5.283
102 5.267
103 5.282
104 5.267
105 5.282
106 5.267
107 5.282
108 5.267
109 5.281
110 5.267
111 5.281
112 5.267
113 5.281
114 5.267
115 5.281
116 5.267
117 5.281
118 5.267
119 5.281
120 5.268
121 5.281
122 5.268
123 5.281
124 5.268
125 5.281
126 5.268
127 5.281
128 5.268
129 5.281
130 5.269
131 5.281
132 5.268
133 5.280
134 5.268
135 5.280
136 5.268
137 5.280
138 5.268
139 5.280
140 5.269
141 5.280
142 5.269
143 5.280
144 5.269
145 5.280
146 5.269
147 5.280
148 5.269
149 5.280
150 5.269
151 5.280
152 5.269
153 5.280
154 5.269
155 5.280
156 5.270
157 5.280
158 5.270
159 5.280
160 5.270
161 5.279
162 5.270
163 5.279
164 5.270
165 5.279
166 5.270
167 5.279
168 5.270
169 5.279
170 5.270
171 5.279
172 5.270
173 5.279
174 5.270
175 5.279
176 5.270
177 5.279
178 5.270
179 5.279
180 5.270
181 5.279
182 5.270
183 5.279
184 5.270
185 5.279
186 5.270
187 5.279
188 5.270
189 5.279
190 5.270
191 5.279
192 5.270
193 5.279
194 5.270
195 5.279
196 5.270
197 5.278
198 5.270
199 5.278
200 5.270
201 5.278
202 5.270
203 5.278
204 5.270
205 5.278
206 5.270
207 5.278
208 5.271
209 5.278
210 5.271
211 5.278
212 5.271
213 5.278
214 5.271
215 5.278
216 5.271
217 5.278
218 5.271
219 5.278
220 5.271
221 5.278
222 5.271
223 5.278
224 5.271
225 5.278
226 5.271
227 5.278
228 5.271
229 5.278
230 5.271
231 5.278
232 5.271
233 5.278
234 5.271
235 5.278
236 5.271
237 5.278
238 5.271
239 5.278
240 5.271
241 5.278
242 5.271
243 5.278
244 5.271
245 5.278
246 5.271
247 5.278
248 5.271
249 5.278
250 5.271
251 5.278
252 5.271
253 5.278
254 5.271
255 5.278
256 5.271
257 5.278
258 5.271
259 5.278
260 5.271
261 5.278
262 5.272
263 5.278
264 5.272
265 5.278
266 5.272
267 5.278
268 5.272
269 5.277
270 5.272
271 5.277
272 5.272
273 5.277
274 5.272
275 5.277
276 5.272
277 5.277
278 5.272
279 5.277
280 5.272
281 5.277
282 5.272
283 5.277
284 5.272
285 5.277
286 5.272
287 5.277
288 5.272
289 5.277
290 5.272
291 5.277
292 5.272
293 5.277
294 5.272
295 5.277
296 5.272
297 5.277
298 5.272
299 5.277
300 5.272
301 5.277
302 5.272
303 5.277
304 5.272
305 5.277
306 5.272
307 5.277
308 5.272
309 5.277
310 5.272
311 5.277
312 5.272
313 5.277
314 5.272
315 5.277
316 5.272
317 5.277
318 5.272
319 5.277
320 5.272
321 5.277
322 5.272
323 5.277
324 5.272
325 5.277
326 5.272
327 5.277
328 5.272
329 5.277
330 5.272
331 5.277
332 5.272
333 5.277
334 5.272
335 5.277
336 5.272
337 5.277
338 5.272
339 5.277
340 5.272
341 5.277
342 5.272
343 5.277
344 5.272
345 5.277
346 5.272
347 5.277
348 5.272
349 5.277
350 5.272
351 5.277
352 5.272
353 5.277
354 5.272
355 5.277
356 5.272
357 5.277
358 5.272
359 5.277
360 5.272
361 5.277
362 5.272
363 5.277
364 5.272
365 5.277
366 5.272
367 5.277
368 5.272
369 5.277
370 5.272
371 5.277
372 5.272
373 5.277
374 5.272
375 5.277
376 5.272
377 5.277
378 5.272
379 5.277
380 5.272
381 5.277
382 5.272
383 5.277
384 5.272
385 5.277
386 5.272
387 5.277
388 5.272
389 5.277
390 5.272
391 5.277
392 5.272
393 5.277
394 5.272
395 5.277
396 5.272
397 5.276
398 5.272
399 5.276
400 5.272
