100 7.847
101 7.845
102 7.847
103 7.845
104 7.848
105 7.845
106 7.848
107 7.844
108 7.849
109 7.844
110 7.849
111 7.844
112 7.849
113 7.844
114 7.849
115 7.843
116 7.849
117 7.843
118 7.849
119 7.842
120 7.849
121 7.842
122 7.849
123 7.841
124 7.849
125 7.841
126 7.848
127 7.840
128 7.848
129 7.840
130 7.848
131 7.839
132 7.848
133 7.839
134 7.848
135 7.839
136 7.848
137 7.839
138 7.849
139 7.839
140 7.849
141 7.839
142 7.849
143 7.839
144 7.849
145 7.839
146 7.849
147 7.839
148 7.849
149 7.839
150 7.849
151 7.840
152 7.849
153 7.840
154 7.849
155 7.840
156 7.849
157 7.841
158 7.848
159 7.841
160 7.848
161 7.841
162 7.848
163 7.842
164 7.847
165 7.842
166 7.847
167 7.842
168 7.847
169 7.842
170 7.847
171 7.842
172 7.847
173 7.843
174 7.847
175 7.843
176 7.846
177 7.843
178 7.846
179 7.844
180 7.846
181 7.844
182 7.846
183 7.844
184 7.846
185 7.845
186 7.846
187 7.845
188 7.846
189 7.845
190 7.846
191 7.845
192 7.846
193 7.846
194 7.846
195 7.846
196 7.846
197 7.846
198 7.846
199 7.846
200 7.846
201 7.846
202 7.845
203 7.846
204 7.845
205 7.846
206 7.845
207 7.846
208 7.845
209 7.846
210 7.844
211 7.846
212 7.844
213 7.846
214 7.844
215 7.846
216 7.844
217 7.846
218 7.844
219 7.846
220 7.843
221 7.846
222 7.843
223 7.846
224 7.843
225 7.847
226 7.843
227 7.847
228 7.843
229 7.847
230 7.843
231 7.847
232 7.843
233 7.847
234 7.843
235 7.847
236 7.843
237 7.847
238 7.843
239 7.847
240 7.843
241 7.847
242 7.843
243 7.847
244 7.842
245 7.847
246 7.842
247 7.847
248 7.842
249 7.847
250 7.842
251 7.847
252 7.842
253 7.847
254 7.842
255 7.847
256 7.842
257 7.847
258 7.842
259 7.847
260 7.842
261 7.847
262 7.841
263 7.847
264 7.841
265 7.847
266 7.841
267 7.847
268 7.841
269 7.847
270 7.841
271 7.846
272 7.842
273 7.846
274 7.842
275 7.846
276 7.842
277 7.846
278 7.842
279 7.846
280 7.842
281 7.846
282 7.843
283 7.846
284 7.843
285 7.846
286 7.843
287 7.846
288 7.843
289 7.846
290 7.843
291 7.846
292 7.843
293 7.846
294 7.844
295 7.846
296 7.844
297 7.846
298 7.844
299 7.846
300 7.844
301 7.846
302 7.844
303 7.846
304 7.844
305 7.846
306 7.844
307 7.846
308 7.845
309 7.846
310 7.845
311 7.846
312 7.845
313 7.846
314 7.845
315 7.846
316 7.845
317 7.846
318 7.845
319 7.845
320 7.845
321 7.845
322 7.845
323 7.845
324 7.845
325 7.845
326 7.845
327 7.845
328 7.845
329 7.845
330 7.845
331 7.845
332 7.845
333 7.845
334 7.845
335 7.845
336 7.845
337 7.845
338 7.845
339 7.845
340 7.845
341 7.845
342 7.845
343 7.845
344 7.846
345 7.845
346 7.846
347 7.845
348 7.846
349 7.844
350 7.846
351 7.844
352 7.846
353 7.844
354 7.846
355 7.844
356 7.846
357 7.844
358 7.846
359 7.844
360 7.846
361 7.844
362 7.846
363 7.844
364 7.846
365 7.844
366 7.846
367 7.844
368 7.846
369 7.844
370 7.846
371 7.844
372 7.846
373 7.844
374 7.846
375 7.844
376 7.846
377 7.844
378 7.846
379 7.844
380 7.846
381 7.843
382 7.846
383 7.843
384 7.846
385 7.843
386 7.846
387 7.843
388 7.846
389 7.843
390 7.846
391 7.843
392 7.846
393 7.843
394 7.846
395 7.843
396 7.846
397 7.843
398 7.846
399 7.843
400 7.846
