0.080 5.267
0.100 4.809
0.120 4.404
0.140 4.049
0.160 3.735
0.180 3.456
0.200 3.199
0.220 2.988
0.240 2.787
0.260 2.597
0.280 2.440
0.300 2.306
0.320 2.177
0.340 2.054
0.360 1.936
0.380 1.824
0.400 1.737
0.420 1.667
0.440 1.600
0.460 1.534
0.480 1.471
0.500 1.410
0.520 1.352
0.540 1.295
0.560 1.240
0.580 1.188
0.600 1.137
0.620 1.088
0.640 1.040
0.660 0.997
0.680 0.975
0.700 0.953
0.720 0.932
0.740 0.911
0.760 0.890
0.780 0.869
0.800 0.849
0.820 0.829
0.840 0.809
0.860 0.789
0.880 0.770
0.900 0.751
0.920 0.732
0.940 0.714
0.960 0.696
0.980 0.678
1.000 0.660
1.020 0.643
1.040 0.625
1.060 0.608
1.080 0.591
1.100 0.575
1.120 0.558
1.140 0.542
1.160 0.526
1.180 0.511
1.200 0.495
1.220 0.480
1.240 0.464
1.260 0.449
1.280 0.435
1.300 0.420
1.320 0.406
1.340 0.391
1.360 0.377
1.380 0.363
1.400 0.349
1.420 0.336
1.440 0.322
1.460 0.309
1.480 0.296
1.500 0.283
1.520 0.270
1.540 0.257
1.560 0.245
1.580 0.232
1.600 0.220
1.620 0.208
1.640 0.196
1.660 0.184
1.680 0.172
1.700 0.161
1.720 0.149
1.740 0.138
1.760 0.126
1.780 0.115
1.800 0.104
1.820 0.093
1.840 0.083
1.860 0.072
1.880 0.061
1.900 0.051
1.920 0.040
1.940 0.030
1.960 0.020
1.980 0.010
