1114.5
1113.4
1116.6
1118.9
1118.9
1118.9
1132.95
1132.25
1142
1137.55
1179.65
1195.4
1189.75
1110.3
1113.05
1126.95
1132.25
1152.25
1150
1153.8
1164.65
1174
1174.15
1170
1158.15
1151.5
1160.1
1160.1
1175.25
1174.55
1180.2
1177.1
1194.2
1200.9
1206.65
1199.65
1199.65
1199.65
1248.75
1241.55
1240.15
1251.2
1266.3
1275.05
1238.05
1275.1
1273.35
1272.2
1264.9
1252.65
1241.1
1241.1
1201.4
1162.15
1170.3
1129.2
1101.15
1113.45
1100.9
1119.85
1138
1144.6
1094.4
1106.45
1055.35
1055.35
1059.75
1045.45
1054.65
1088.8
1088.8
1099.4
1100
1107.2
1121.5
1097.3
1097.3
1110.85
1151.1
1150.2
1166.75
1180.95
1157.55
1161.65
1190.65
1191.95
1159.5
1184.95
1227.55
1242.6
1199.95
1190
1194.75
1181.5
1270.7
1276.6
1321.85
1307.6
1280.05
1287.45
1286.1
1327.8
1352.55
1367.05
1383.8
1376.7
1373.7
1361.65
1373.4
1386.6
1377.35
1369.8
1320.7
1313.65
1370
1409.75
1390.15
1389.9
1394.25
1412.25
1428.7
1404.75
1383.75
1393.3
1375.25
1389.65
1423.3
1395.4
1402.15
1395.45
1361.3
1328.35
1324.3
1320.9
1354.8
1366.25
1320.75
1341.05
1336.75
1327.1
1311.3
1315.35
1261.25
1264.7
1263.35
1264.75
1293.1
1301.2
1261.85
1266.05
1279.75
1266.85
1316.65
1331.75
1336.1
1342.35
1355.7
1368.35
1385.35
1397
1342.75
1340.6
1343.9
1341
1352.45
1344.05
1349.85
1322.7
1329.7
1361.25
1376.1
1368.05
1402.65
1380.8
1335.85
1335.85
1339.85
1339.95
1318
1332.75
1360.45
1362.45
1366.1
1324.6
1355.55
1382.75
1394.9
1394.45
1394.45
1354.45
1361.4
1382.85
1345.95
1344.15
1277.45
1277.45
1277.45
1260.1
1215.65
1200.65
1217.8
1196.6
1220.25
1244.5
1272.75
1280.35
1268.35
1277.45
1283.15
1318.45
1317.1
1313.2
1328.4
1339.75
1374.15
1374.15
1389.4
1389.25
1400.5
1409.65
1383.8
1419.9
1375.85
1411.95
1415.35
1423.05
1455.65
1441.75
1441.75
1375.8
1361.8
1359.8
1363.95
1268.1
1280.45
1265.45
1267.85
1264.15
1259.95
1283.9
1306.25
1333.75
1317.1
1296.4
1296.4
1275.9
1271.6
1274.3
1273.1
1276.45
1268.15
1262.5
1271.3
1267
1265.05
1288
1258.2
1276.6
1288.3
1288
1301.5
1288.3
1309.5
1226
1202.65
1198.8
1198.8
1165.85
1164.7
1169.15
1170.45
1161.5
1181.75
1163.4
1204.25
1221.4
1234.25
1226.65
1265.5
1307.7
1316.95
1165.5
1130.8
1121.65
1113.3
1091.3
1095.5
1103.85
1120.45
1101.3
1103.15
1114.2
1125.95
1119.75
1131.85
1093.1
1105.4
1119.35
1070.1
1085.55
1121.4
1121.4
1150.2
1150.2
1168.75
1169.85
1166.1
1149.95
1154.4
1103.7
1103.7
1103.7
1059.65
1034.9
992.9
1012.5
1052.85
1052.85
1071.05
1055.2
1080.2
1073.65
1085.5
1112.3
1112.3
1112.3
1112.3
1150.35
1154.7
1160.75
1151.75
1164.95
1204.4
1237
1226.95
1214.05
1223.85
1151.5
1150.35
1149.7
1150.8
1141.8
1149.75
1110.25
1078.3
1066.3
1041.65
1058.25
1084.25
985.65
985.65
975.05
993.7
993.75
1007.85
1013.05
1000.2
985.4
997.05
995.95
995.95
1003.3
1010.7
1007.35
1014.95
1025.5
1045.05
1052.4
1039.85
1031.6
1040.15
1045.35
1042.05
1042.05
1043.15
1048.8
1071.1
1108.1
1096.55
1099.8
1099.85
1093.2
1079.45
1050.85
1049.75
1062.55
1050.6
1036
1135.25
1124.4
1136.75
1150.25
1149.3
1121.1
1101.8
1084.85
1075
1066.5
1047.3
1030.2
1043.35
1047.6
1032.65
990.1
996.95
1004.35
1011.1
1016.25
1000
1010.1
949.6
909.8
935.75
929.85
905.55
914.2
902.6
893.05
921.4
928.85
937.1
935.4
926
920.8
877.95
887.9
891.85
912.4
882.4
834.9
811.95
814.6
814.35
823.85
835.9
844.5
844.5
817
826.5
825.15
820.6
820.6
823.4
832.35
848.25
848.25
831.95
815.15
823.7
823.7
840.15
840.9
820.65
820.65
833.85
839.75
858.05
849.35
853.9
818.45
823.95
824
824.65
799.4
785.4
784.55
791.05
799.3
799.05
799.05
817.55
794.4
780.3
797.25
802.25
779.6
795.85
732.2
719.65
716.9
707.9
707.9
676.8
680.05
681.9
681.45
680.9
667.25
591.25
577.55
573.9
583.1
574.45
578.85
590.1
588.05
601.75
577.3
575.15
579.9
579.15
587.45
588.4
596.65
616.85
637.25
636.75
639.8
634.35
637.2
644
648.9
649.25
645.35
652.1
660.9
663.2
661.8
669.25
666.4
672.5
686.1
693.3
694.3
689.95
691.5
678.25
678.25
675.8
666
656.6
676.15
682.25
665.3
658.25
688.25
679.65
671.75
690.55
698.85
702.1
671.85
686.4
673.8
672.85
655.7
633.8
646
612.6
595.8
595.1
608.8
604.65
589.05
583.15
583.15
585.15
591.35
605.2
621.1
627.05
644.7
627.7
626.3
626.3
629.3
615.7
623.1
605.35
616.55
632.55
626.2
612.2
582
556.5
540.45
546.45
546.45
558.8
561.25
543.05
548.4
540.3
548.2
546.3
552.25
542.95
542.95
542.45
549.1
561.2
564.9
552.8
557.4
563.15
569.05
564.9
555.2
547.1
562.45
549.25
576.9
558.9
475.95
475.95
468.85
462.75
452.5
454.9
448.45
455.55
456.25
470.2
487.45
479.35
467.3
464.35
465.5
470
476.5
486.65
486.65
494.2
498.35
494.95
494.95
477.1
467.45
475.95
484
492.5
499.85
501.15
523.95
538.65
545.7
561.2
573
578.95
581.35
583.55
577.95
598.1
601.85
612.9
594.95
589.7
594.6
589.55
596.1
603.2
606.8
618.8
621.8
612.35
581.85
578.8
582.4
584.3
610.1
589.5
616.1
616
614.6
597.1
590.15
599.55
602.75
620.75
627.05
633.5
640.85
643.55
642.1
641.1
671.6
676.8
680.9
664.9
663.3
630
646.25
660.8
664.7
659.4
545.25
520.8
518.25
517
528.65
529.95
537.4
526.35
528.75
526.25
519.45
521.2
521.2
511.85
497.65
502.7
507.3
507.3
495.9
488.4
488.4
484.95
476.5
474.9
475
477.75
473.55
479.15
486.9
489.6
495.55
503.35
506.7
511.15
488.75
488.75
488.95
488.95
491.8
507.25
522.2
531.05
549.75
558.25
574.9
586.55
591.45
611.65
624.05
601.5
590.3
579.85
575.15
575.8
571.7
574.15
581.85
569.95
587.45
585.45
583
610.65
609.85
609.4
607.3
623.55
636.2
645.8
650.1
646.05
655.85
666.9
660.1
647.6
646.85
649.1
653.7
660.2
669.4
673.85
670.2
686.55
682.25
684.3
687.55
685.9
691.9
697.45
698.7
691.85
706.45
716.55
725.55
725.65
725.7
705.2
703.3
705.5
700.75
700.65
691.2
694.75
690.5
690.5
688.35
698.95
712.55
708.5
704
699.3
704.95
712
712.15
711.9
717.25
722
724.15
723.45
718.7
713.4
704.8
705.25
705.25
701.2
710.2
707
709.15
710.35
717.15
721.45
731.05
729.35
729.35
729.35
729.1
725.9
725.45
729.35
721.95
717.25
736
737.85
737
741.6
752.8
752.8
756.2
756.2
772.1
779.6
780.6
781.9
782.1
785.45
786.4
783.2
776.6
770.7
768.85
790.75
795.15
791.5
793.55
793.55
800.65
785.55
782.1
771.8
785.35
769.45
744.35
769.95
769.95
771
747.55
733.4
737.2
746.55
736.75
731.85
717.9
715.8
723.05
719.2
713.95
709.85
729.45
734.85
741
742.9
754.45
764.4
770.75
764.65
764.65
767.95
777.1
777.1
787.85
771.25
789.6
805.35
791.05
797.8
780.05
789.35
796.55
795.95
793.25
775.55
746.65
752.45
742.25
735.25
761.45
769.3
764.35
759.35
778.25
782.8
783.1
792.15
804.1
782.95
795
802
798.4
802.45
804.65
802.15
792.05
785.65
780.1
790.25
795
798.9
782.75
766.85
750.95
771.75
770.35
774.7
772.05
754.3
759.45
747.7
742.3
719
721.6
716.25
734.15
739.8
751.05
751.5
725.1
722.5
721.65
724.4
710.3
712.8
716.7
699.8
706.9
712.1
719.65
724.8
749.5
758
779.25
770.3
793.35
801.2
816
812.8
809
810.3
782.35
805.1
805.95
820.55
822.3
830.5
833
826.35
831
836.65
823.25
816.25
818.5
840.9
840.9
840.9
856.45
845.25
840.45
853.3
825.1
821
816.2
815.9
814.5
832.3
826.95
817.7
852.35
865.4
875.95
863.9
842.6
846.45
812.65
825.15
808.7
801.45
822.75
812.65
810
819.8
834.35
828.2
875.7
864.05
878.6
890.95
890.95
869.85
861.9
854.75
849.8
873.7
869.6
868.4
863.45
884.3
890.05
860.3
820.35
816.3
805.4
797.05
799.6
799.6
779.15
756.4
736.25
726.8
714.3
738.9
718.05
705.6
678.3
639.95
620.95
600.3
582.95
594.2
596
593.5
581.7
583.3
575.7
581.15
587.05
594
591.05
571.4
564.25
544.75
550.8
562.55
575.2
591.55
596.5
585.4
605.55
613.85
641.95
636.65
636.65
618.75
604.3
596.65
599.9
612.6
612.2
585.2
585.35
607.85
608.1
620.1
620.85
639.45
667.4
685.65
698
703.05
710.3
677.3
672.85
672.9
687.85
709.95
714.3
707
705.4
679.6
697
700.65
713.55
664.75
678.4
688.7
685.4
679
661.15
664.95
665.85
670.6
680.1
681.45
693.2
702.9
738.05
752
717.15
751.5
794.85
814.4
815.35
818.95
832.9
865.95
870.35
863.8
850.9
855.55
862.4
858.1
848.25
857.95
858.8
843.7
824.45
816.35
814.85
781.7
786.5
796.15
772.9
782.95
780.95
778.85
795.25
799.3
797.45
805.55
807.05
822.25
852.1
854.95
874.5
862.55
868.9
863.45
869.45
874.65
892.15
882.5
879.25
859.65
882.25
899.6
883.8
877.8
874.9
876.6
871.2
859.2
860.05
862.05
855.35
859.4
865.65
875.55
873.4
870.85
848.8
852.4
819.4
831.5
829.8
822.7
840.05
842.6
850.65
841.9
847.4
839.65
843.75
847.4
845.85
848.65
853.8
860.05
862.35
864.4
858.65
850.1
856
860.8
857.2
851.25
857.1
852.35
855.45
863.75
859.85
863.3
862.2
891.75
864.85
874.15
891.1
869.7
875.3
849.3
858.65
854.9
875.1
853.25
835.9
827.2
826.55
832.65
816
824.15
818.7
807.4
801
804.5
805.7
802.25
788.9
791.05
785.2
796.8
812.3
814.8
791.35
783.85
777.05
748.7
745.95
742.35
749.4
735.85
741.2
739.6
745.8
734.35
742
726.2
713.05
714.65
729.75
688.55
684.45
666.65
679.75
669.9
695.15
663.65
663.1
664.45
665.35
661.25
662.55
663.65
642.95
646.95
616.95
644.15
664.8
691.15
706.65
699.7
715.6
732.35
706.25
722
743.85
738.9
744.7
743.4
737
750.6
746.35
750.05
753.2
748.1
738.35
748.7
781
799.25
796.3
809.05
811.2
795.85
781.05
801.25
796.85
804.55
806.2
803.25
776.9
764.05
766.2
775.4
777.1
787.7
778.5
763.25
759.85
792.35
803.2
803.1
805.9
805.55
795.95
766.2
747.9
763
785.45
841.6
846.65
851.55
835.15
853.6
839.4
857.05
851.8
857.5
875.45
863.4
869.3
861.1
862.35
860.25
864.1
842.65
822.2
867.8
888.4
900.85
913.2
901.9
901.3
895.8
904.1
915.35
912.5
926.85
916.8
906.8
922.05
926
935.3
923.7
922.3
932.95
925.45
921.9
939.1
948.6
908.05
880.35
873.9
872.9
856.85
864.2
845.5
814.55
801.5
790
783.3
785
783.5
784.45
782.95
780.1
780.85
781.3
779.3
779.1
760.35
772.15
757.15
764.4
778.45
773.05
772.65
773.65
768.65
775.05
782.65
782.8
776.2
784.35
800.55
801.2
787.1
788.1
800.25
803.3
811.45
848.1
838.05
809.1
827.3
838.7
848.05
848.05
857.95
852.35
872.7
870.2
869.95
870.15
865.25
861.35
862.6
861.4
863.85
861.45
861.45
860.6
862.9
861.75
863.65
873.35
882.95
872.8
871.1
869.85
861.35
865.55
861.25
862.8
861.1
858.85
858.3
855.1
852.9
858.75
858.55
859.35
854.45
854.3
859
865.1
849.5
831.25
826.65
829.05
827.7
827.5
830.95
830.5
829.05
673.4
689.7
680.8
685.8
699.7
682.8
695.65
723.7
728.45
744.65
792.4
803
815
809.4
811.4
824
853.25
852.45
859.8
850.3
845.6
833.95
842.75
845.8
847.8
825.8
835.15
841.2
845.55
829.5
830
824.65
823.55
827.65
822.95
832.4
835.45
847.4
851.6
861.1
847.15
845.9
870.4
871.9
846.25
838.6
846.2
822.2
799.85
796.95
782.5
794.6
809.75
811.05
807.3
801.35
806.85
801.05
803.05
800.7
794.15
792.3
789.9
784.6
790.75
777.8
795.05
807.5
809
812.55
813
787.45
770
841.65
828.5
811
834.25
862.45
841.65
858
850.05
852
817.65
799.65
820.55
800
788.8
763
764
767
769.55
769.55
756.45
760.1
770.5
770.5
770.5
771
757
755
761
758
759.4
749.35
752
750.3
736.35
739
746
735
736
733.1
736
743.05
741.5
734
748.95
753
759.1
767
766
761
774
760
771
762.85
770.45
770
742
750
746.5
762
729.5
732.2
765
765
760
771.9
754
777
786.1
792
815
804.9
817
817
813.9
800
790
790
778.8
802.7
790
786.1
794
789.95
789.95
784.55
776
777.1
777.1
794
789.15
800
799.5
799.5
784.3
795
764
755
741.1
738
736.9
744
760.6
753.95
727
726
738
759.05
760
743.7
733
730
717
654.4
654.4
654.4
654.4
654.4
678
686
656
658.5
655
665.95
683.85
700.4
710.85
726.75
699
686
696.8
721
748
740.2
717
714.8
735.15
735
712
700
713.8
690
652.95
676.2
716.9
706.5
752
747
788
767
777
785.1
810
791.2
756
751
718.1
735.1
745
705
750
766.2
753.9
754
759.6
763.25
736.6
685.95
705.9
714
665
690
676
650.9
627
608.5
580
630.5
630
615
662
619.8
560.15
491
466
465
468
467.1
466.05
475
480
467
472
483.55
483.55
483.55
476.95
489.3
490.75
494
503
525.05
546.1
515
485
517
495
495
460
460
455.85
447
447
442
426.95
428
405
418
409
395.5
372
377.4
369.3
370
367.2
364.15
371.3
356.5
355.65
361.55
367
351.1
354.75
353
357.2
368.05
371
374.5
383.35
403.9
392
406
406
416
439.5
458.45
466
455.25
464.45
455
438
467.45
462
451
485.9
462
487.05
466.25
447.5
441.5
434
441
455.75
462.5
463.95
464
460
478.8
489.95
478
478
492
512
497.5
475
448
452.5
439
436
447
447
458.25
466.05
470
460.35
440
440
434.8
428
451
465.15
460.25
442
438.05
420.5
419.9
420
444
442
430.4
426
429.3
422.75
420.35
418
444
458.1
466
494.1
544.05
501
508
526.95
565.05
547.95
542.4
530
530
492.9
485.05
595.1
607
671.5
650
628
671
645
701
718.8
645
682.4
710
748
785
791.7
800
767.1
816
838.05
833
831.9
834.8
840
806.25
794
817
837
858
868
899
892.5
897.8
875
875
905
892.05
877.55
862
879
865.15
881
897.55
899
900
864
860
890.9
902.8
880
875
873
856
843
858
817.1
800
772
789
767
792.75
835.5
899.85
916.3
888
889.5
889.9
875
830.1
795.85
857.15
860
904
920
874
857.15
830
802
815.15
755
790.05
854
924.8
899
880
888
925
945
960
963
968.3
954
958
968
960
966.5
974.05
976.9
975
996
1017.9
1025
995
995
1005
993
1012
1002
1028.9
1037.2
1069.95
1071
1058.8
1070
1075
1069
1090
1084
1096.55
1111
1119
1145
1135
1146
1171.05
1186.9
1176.4
1178.8
1209
1154.5
1150
1174
1123.1
1098.8
1113
1070
1082.05
1095
1138
1185
1200.1
1170.1
1201
1179
1165
1160
1116
1112
1070
1048
1145
1114.9
1145
1112.7
1112
1070
1111
1100.1
1120.1
1160
1200
1218
1195
1196.45
1193
1230
1265
1303
1344
1353
1300
1291
1274
1270
1284
1277.05
1277
1295
1245
1150.05
1113
1152.5
1199.1
1230
1260
1174.5
1256
1200
1272
1374.9
1385
1404.5
1438
1473
1461.2
1492
1492.05
1498
1498
1502
1500.95
1505.25
1515
1512.45
1486
1492.5
1488
1455
1459.9
1505
1535.5
1538.65
1603
1605
1625
1625
1614.5
1606
1602
1600
1614.9
1603
1570
1578
1579.75
1578.7
1569.45
1545
1530
1545
1597
1643
1644
1609.05
1637.1
1614.8
1545.25
1561
1572.55
1605.1
1590
1565
1600
1591.15
1570
1553
1470
1442
1435
1460.05
1467
1379.9
1415
1530
1487.15
1460
1446
1393
1425.95
1397
1384.95
1341.9
1379.9
1371.05
1319
1305
1293
1290
1315
1320
1302.9
1313
1274.25
1255
1234
1214
1224
1222
1224
1216
1217
1204
1205.15
1202
1186
1172
1121.9
1134
1115
1118.25
1107
1050
1012
1027
995
1030.5
1022
1062
1108.05
1101.75
1086.6
1124
1135.2
1115.6
1105.6
1100.2
1089.2
1079.45
1147.35
1070.45
1078.65
1131.75
1134.05
1148.45
1138.2
1072.35
1076.2
1071
1084.6
1112.95
1125.45
1116.95
1086.8
1106.5
1114.85
1132.5
1111
1121.35
1126.25
1111.2
1094.25
950.05

