1360.65
1349.8
1350.45
1330.85
1344.15
1344.15
1342.05
1348.9
1353
1349
1356.2
1349.1
1337.65
1341.8
1319.4
1324.45
1313.75
1339.2
1353.45
1334.85
1350.1
1359.85
1357.9
1344.25
1353.2
1355.95
1341.5
1341.5
1343.6
1339.75
1332.85
1334.3
1325.5
1324.45
1326.7
1322.1
1322.1
1322.1
1367.7
1384.05
1388.75
1405.7
1425.9
1398.4
1379.6
1385.4
1401.05
1385.8
1393.75
1400.2
1378.95
1378.95
1379.3
1395.95
1393.7
1371.25
1376.25
1352.2
1344.35
1347.35
1354
1352.25
1350.4
1369.7
1363.1
1363.1
1346.75
1327.45
1336.75
1343.05
1343.05
1345.65
1345
1383.4
1375.2
1377.3
1377.3
1381.3
1388.65
1366.55
1378.9
1380.05
1345.8
1344.95
1345.4
1394.55
1356.35
1341.85
1334.85
1362.8
1369.95
1362.5
1362.1
1367.15
1406.45
1411
1446.9
1387.35
1367.35
1372.05
1364.55
1366
1374.25
1385.75
1399.65
1405.35
1381.75
1377.2
1391.6
1387.4
1371.15
1369.95
1359.15
1369.25
1408.8
1424.4
1437.2
1439.6
1455.1
1486
1496.9
1496.95
1478.45
1475.05
1472.2
1485.05
1467.7
1500.1
1504.95
1480.4
1471.55
1465.75
1444.55
1411.75
1420.85
1407.75
1410.65
1447.15
1427.45
1425.15
1413.75
1410.6
1387.5
1370.25
1402.15
1407.7
1436.4
1441.1
1429.55
1434.5
1466.9
1460
1481.2
1516.35
1512.4
1470.7
1463.95
1482.1
1495.45
1519.2
1527.55
1502.9
1497.75
1509.85
1472.15
1474.85
1472.75
1449.95
1498.95
1448.5
1451.95
1413.3
1471.4
1474.6
1433.7
1433.7
1484.45
1514.5
1493.95
1531.6
1518.6
1557.3
1496.15
1529.75
1521.65
1564.2
1614.55
1596.2
1596.2
1636.05
1622.45
1636.2
1650.3
1617.4
1585.9
1585.9
1585.9
1562.75
1582.65
1549.45
1579.55
1581.7
1583.05
1586.75
1569.75
1568.5
1583.35
1613
1587.55
1616
1648
1639.7
1650.15
1660.1
1698.65
1698.65
1725.15
1758.3
1762.8
1673.45
1639.9
1655.75
1618
1615.95
1620.4
1615.15
1653.3
1614.45
1614.45
1625.05
1595.2
1552.6
1562.65
1508.85
1507.2
1504.55
1495.85
1508.6
1524.95
1560.45
1582.95
1543.8
1528.7
1542.05
1542.05
1558.8
1544.45
1544.3
1532.9
1518.35
1514.4
1478.35
1441.7
1404.6
1398.5
1391.4
1367.45
1383.55
1433.65
1425.9
1403.55
1400.15
1398
1399.2
1393.5
1393.4
1393.4
1381.6
1383.5
1380.4
1379.95
1369.6
1391.95
1435
1429.95
1428.35
1432.1
1430.6
1478.15
1497.15
1476.25
1478.2
1479
1470.95
1475.35
1437.55
1438.45
1422.2
1451.25
1464.95
1446.35
1463.05
1487
1496.6
1510.85
1501.95
1514.1
1513.2
1499.25
1508.75
1485.8
1485.8
1491.2
1491.2
1499.25
1496.95
1483.95
1469.8
1460.1
1474
1474
1474
1445.35
1424.2
1406.85
1376.3
1383.3
1383.3
1386.95
1403.3
1429.05
1380.2
1369.6
1391.65
1391.65
1391.65
1391.65
1399.55
1438.5
1435.15
1399.05
1430.2
1464.1
1493.55
1505.05
1509
1495.35
1483
1512.65
1534.25
1532.05
1532.25
1545.1
1549.65
1521.75
1525.45
1546.75
1551.9
1499.55
1492.55
1492.55
1502.75
1491.4
1531.7
1520.4
1525.6
1525.4
1523.95
1508.65
1480.85
1480.85
1452.4
1464.65
1447.95
1439.65
1473.75
1431.2
1441.5
1374.5
1375.55
1395.9
1409.25
1402.85
1402.85
1440
1463.45
1452
1489.05
1483.75
1461.2
1477
1435.6
1419.65
1398.3
1424.7
1458.5
1435.55
1418.55
1450.85
1450.95
1480.05
1498.4
1480.6
1469.25
1429.7
1450.05
1469.95
1472
1471
1438.6
1455.05
1475.2
1499.8
1486.3
1474.75
1477
1484.1
1499.55
1500.25
1438.9
1439.25
1422.7
1417.05
1382.4
1337
1362.3
1381.25
1330.55
1348.45
1380.1
1389.4
1380.45
1422
1442.45
1430.15
1377.1
1388.05
1390.15
1353.5
1341.1
1269.7
1271.7
1291.35
1277
1285.75
1293
1293
1300.3
1287.05
1310.25
1347.05
1347.05
1336.65
1350.8
1358.35
1358.35
1331.85
1361.8
1391.5
1391.5
1389.25
1373.15
1379.3
1379.3
1365.35
1351.15
1359.95
1389.1
1399.55
1362.4
1313.1
1293.45
1271.05
1282.6
1270.15
1260.3
1284.5
1258.1
1248.8
1248.8
1246.85
1231.55
1251.25
1266.9
1261.15
1212.1
1167.3
1133.35
1099.5
1104.9
1090.7
1090.7
1083.85
1070.1
1065.55
1007.9
1025.8
1019.9
1010.15
1008.85
1014.4
1037.85
1049.8
1048.45
1046.45
1018.95
1001
1001.1
1003.9
1010.85
982.6
988.3
996.15
984.2
999.45
1020
1023.65
1031.05
1029.85
1027.65
1032.35
1029.35
1019.25
1037.15
1034.25
1054
1083.35
1085.2
1085
1088.95
1097.6
1108.45
1108.75
1094.5
1122.45
1110.5
1109.65
1109.65
1104.95
1097.25
1082.25
1095.25
1090.1
1087.35
1091.85
1120
1135.65
1150.45
1166.6
1115.95
1106.5
1101.95
1100.45
1092.65
1096.6
1066.8
1065.8
1068.4
1078.65
1050.7
1030
1064.85
1056.5
1065.3
1043.9
1043.9
1041.15
1022.95
1050.1
1089.65
1116.55
1111.65
1139.35
1141.65
1141.65
1134.85
1149.55
1149.95
1112.65
1136.75
1154.45
1157.15
1136.85
1149.6
1144.7
1129.15
1132.1
1132.1
1153.6
1127
1129.85
1113
1128.6
1124.15
1132.45
1139.65
1099.4
1099.4
1111.95
1099.55
1095.3
1095.05
1098.5
1111.15
1123.25
1097.95
1064.9
1059.8
1044.4
1043.7
1027.35
1053.15
1022.55
962.3
962.3
938.7
931.6
930.5
952
964.1
958.05
944.7
942.8
1002
989.7
999.25
1006.25
1075
1124.5
1158.9
1189.55
1189.55
1160.8
1168.4
1161.4
1161.4
1159.95
1162.2
1187.85
1174.9
1148.65
1173.55
1174.35
1194.45
1211.9
1195.25
1230.55
1249
1241.05
1275.5
1275.35
1274.65
1257.75
1242.05
1241.4
1250.25
1249.9
1250.75
1256.55
1238.45
1236
1204.8
1234.3
1220.05
1222.65
1202.7
1168.3
1171.85
1164.7
1163.6
1178.05
1216.1
1214.6
1205.2
1214.85
1204.8
1211.95
1225.4
1229.1
1205
1208.3
1204.95
1218.6
1223.4
1218.75
1243.95
1236.15
1245.5
1245.45
1226.3
1206.2
1219.9
1222.8
1246.65
1269.35
1250.45
1229.75
1204.45
1206.9
1242.6
1214
1215
1224.45
1211.15
1227.3
1250
1233.3
1233.3
1240.6
1247.65
1255.05
1215.5
1215.5
1216.8
1211.7
1211.7
1188.7
1174.85
1140.8
1148.1
1143.05
1147.25
1130.8
1126.9
1129.25
1136
1162.25
1176.6
1160.9
1159.2
1159.2
1158.85
1158.85
1155.8
1147.6
1124.45
1148
1195.55
1226.15
1249.35
1259.2
1249.7
1286.35
1268.75
1263
1263.4
1254.05
1256.45
1221.35
1267.4
1272.55
1302.3
1298.35
1305.6
1300.95
1301
1311.15
1299.8
1262.2
1258.85
1246.05
1249.3
1239.2
1258.1
1303.75
1344.3
1333.1
1323.7
1300.55
1318.75
1323.1
1324.75
1304.9
1328.85
1326.75
1345.9
1355.1
1358.9
1335.5
1345.15
1358.85
1384.5
1388.4
1360.35
1361.4
1379.05
1397.7
1417.65
1417.45
1434.8
1436.3
1429.5
1431.1
1432.2
1409.45
1402.9
1415.25
1410.85
1410.85
1397.3
1402.5
1415.05
1410.65
1414.65
1404.35
1396.05
1421.05
1427.9
1413.5
1414.8
1418.35
1431.95
1426.65
1435.9
1383.9
1396.1
1390.5
1390.5
1382.8
1381.3
1391.65
1384.3
1378.9
1382.65
1378.1
1404.4
1434.45
1434.45
1434.45
1453.25
1473.4
1472.7
1473.4
1436.55
1408.4
1395.1
1379.05
1378.4
1414.75
1401.3
1401.3
1404.3
1404.3
1418.65
1407.85
1416.15
1427.65
1445.7
1489.2
1498.05
1442.55
1425.1
1429.75
1431.8
1457.65
1480.7
1463.85
1458
1458
1470.05
1447.75
1428.3
1376.6
1367.85
1379.5
1358.35
1368.75
1368.75
1371.2
1385.75
1343.5
1356.75
1351.1
1336.6
1341.15
1335.7
1301.55
1302.85
1308.6
1308.5
1326.85
1337.8
1335.45
1346.7
1338.35
1346.75
1361.05
1357.85
1326.35
1326.35
1338.45
1354.7
1354.7
1360.25
1342.05
1338.85
1341
1335
1317.95
1308.7
1317.55
1323.4
1324.2
1297.85
1293.75
1260.85
1276.2
1269.65
1253.4
1259.3
1262.85
1266.95
1257.8
1258.35
1263.95
1263.75
1264.4
1271.95
1280.4
1296.1
1296.75
1287.65
1295.4
1311.65
1268.05
1223.4
1204.4
1220.55
1208.95
1215.05
1253.7
1271.2
1227.95
1225.55
1223.25
1189.95
1180.1
1188
1149.4
1147.6
1154.6
1158.65
1129.7
1125.35
1126.85
1140.95
1162.5
1137.95
1163.95
1144.2
1155.5
1130.45
1130.2
1145.1
1159.9
1170.9
1172.45
1174.35
1173.3
1165.95
1199.05
1201.9
1221.85
1235
1208.45
1206.85
1212.85
1236.5
1237.15
1195.05
1218.85
1194.7
1214.1
1243.45
1226.9
1247.6
1297.2
1254.7
1237.75
1258.75
1279.55
1236.5
1300.05
1312.1
1344.7
1344.7
1344.7
1364.25
1342
1359.45
1322.3
1324
1324.3
1330.3
1372.05
1344.5
1390.75
1359.35
1354.95
1339.9
1343.85
1354.8
1339
1321.2
1318.75
1322.05
1304.35
1292.7
1299.65
1338.45
1322.05
1306.05
1288.65
1258.1
1267.8
1299.3
1325.3
1370.75
1366.45
1366.45
1345.4
1369.8
1339.2
1355.35
1347
1389.3
1384.6
1358.9
1334.2
1267.25
1248.85
1202
1193.2
1170.25
1191.7
1173.8
1173.8
1176.75
1165.5
1150.05
1151.35
1130.15
1139.35
1112.85
1124.45
1120.2
1116.6
1116.05
1099.65
1103.1
1112.65
1104.3
1143.7
1138.85
1136.9
1151.3
1168.3
1174.65
1159.2
1139.05
1141.15
1139.95
1101.85
1129.6
1128.75
1140.35
1140.65
1136.05
1120.75
1163.8
1202.7
1218.8
1204.25
1204.25
1214
1171.5
1144.3
1160.9
1192.75
1120.3
1114.15
1130.85
1142.5
1134.5
1150.5
1158.55
1193.35
1208.45
1217.1
1218.6
1207.55
1218.6
1223.5
1210.3
1185.65
1184.15
1195.05
1224
1193.7
1183.45
1134.35
1118.05
1115.05
1126.5
1105.35
1111.5
1119.5
1122.65
1140.5
1133.95
1131.15
1113.5
1107
1100.2
1100.55
1098.55
1089.75
1088.15
1091.4
1080.8
1069.25
1068.4
1071.7
1066.7
1049.9
1037.9
1064.85
1047.4
1054.1
1030.2
1028.75
1061.2
1066.4
1016.85
1002.1
1015.25
1011.7
1002.5
992.55
1014.75
1002.45
1002.65
998.15
998.95
1004.9
999.95
991.3
999.6
1006.3
1010.65
995.85
985.8
964.15
982.75
989.25
1007.55
1008.7
1011.6
1022.1
995.75
994.65
999.75
995.05
977.8
978.15
986.8
981.95
980.15
978.75
955.9
947.6
962.55
975.35
991.05
963.8
970.7
953.7
955.2
950.45
965.7
962.3
981.7
977.7
952.9
958.75
947.85
937.75
959.85
961.65
990.1
1008.4
1004
1003.5
1011.25
1025.05
1030.15
1040.6
1028.65
1033.15
1043.8
1027.25
996.1
1000.2
1001.6
999.9
994.95
969.2
992.75
990.5
993.65
999.2
1000.45
997.35
986.1
988.4
990.85
999.9
989.7
979.15
1023.3
1080
1100.3
1112.8
1104.5
1110.1
1124.45
1112.55
1112.5
1106.95
1101.55
1098.2
1113.4
1117
1097.1
1120.85
1128.85
1129.35
1123.35
1116
1091.85
1074.55
1078.65
1042.35
1041.8
1037.8
1033.4
1036.8
1023.65
1021.8
1021.1
1025.4
1022.1
1006.2
1009.95
992.5
1000.45
1004.45
988.3
980.15
987.25
990.15
982.2
969.35
994
998.85
1014.1
1007.85
1001.95
984.15
997.2
999.65
1003
998.4
975.3
954.2
938.9
970.5
989.25
974.7
984.15
991
976.95
991.65
992.15
1039.05
1018.6
1003.05
996.35
1016.8
1013.85
1029.15
1009.15
1003.9
1038.1
1028.35
1029.15
1016.1
1002.3
1022.55
1064.4
1073.35
1074.4
1075.6
1076.4
1083.3
1087.3
1081.3
1075.05
1073.6
1079.75
1078.45
1088.9
1075.2
1064.8
1063.5
1050.8
1075.2
990.2
1010.5
996.8
975.9
981.35
999.85
998.8
983.8
997.6
1003
1011
995.75
1006.6
1026.4
1019
1041.7
1045.85
1064.75
1079.25
1089.75
1107.05
1121.95
1115.95
1085
1088.4
1083.25
1061.85
1013.9
985.35
984.45
991.2
1013.9
1024.55
983.55
980.45
969.55
976.3
970.3
996.2
1019.35
1032.9
996.25
1015.1
1018.3
1031.05
1031.25
1029.9
1016.35
1004.05
989.85
1005.15
1021.3
1012.7
1014.6
1005.2
1006
1016.5
1021.1
997.85
965.7
960.4
970.05
990.45
980.9
993.35
961.95
902.95
896.65
895.55
885.35
870.35
875.55
872.1
868.2
868.9
865.8
874.8
871.05
883.35
840.1
837.3
833.75
844
839.8
842.35
847.4
844.6
827.85
815
820.55
829.4
834.35
831
840.9
840.65
848.45
824.05
819.95
816.15
824.8
810
811.8
814.1
809.45
805.45
819.8
825.9
832.6
842.75
854
855.85
862.9
863.05
866.6
878.1
868
871.1
861.7
871.1
871.15
861.5
882.65
862.1
865.45
863.6
879.9
862.85
861.75
868.9
858.05
842.35
851.7
841.9
841.5
826.8
817.7
818.55
826.05
818.3
830.1
841.6
855.15
863.05
844.05
842.6
861.75
866.6
892.8
891.35
877.2
886.35
891.75
861.35
876.3
885.3
878.2
903.7
905.05
895.3
908.05
901.4
910.15
903.7
919.7
931.5
922.35
920.4
932.9
939.2
939.7
951.85
955.7
964.8
976.45
951.35
949.85
949.9
951.05
954.05
951.4
939.9
934.85
957.5
970
978.6
972.9
964
967.9
980.3
999.5
999.2
1013.5
991.9
990
969.35
964.1
959.9
962
923.1
919.35
905.15
904.95
906.65
901.85
908.8
916.65
913.85
875.75
885.9
869.9
867.75
842.65
845.55
952
952
952
952
952
952
952
952
952
952
952
952
952
980.25
982
953
955
896.3
914.55
911.6
914
910.15
901
919.1
875.1
875.1
869
860
859.7
859.7
859.7
855.5
837.3
855.05
860.2
866
862.45
850.7
860
817.6
810.2
817
809.2
797
812
816.9
803.5
808.35
793.5
790
798
794.05
780.8
788
770
733.9
728.05
730
745
738.15
735.25
732.05
718.9
721
717.1
719.1
732.7
707.45
747
747
736
742
759.9
764.1
765
768
767.8
783.3
783
783
793.65
788.5
796.4
796.4
795.25
799.85
787
791.15
817
825.4
825.4
820.25
814
815.5
815.5
822.5
830.5
847.8
846
846
830
806.1
775
767.3
772.3
790
798
796.3
801.4
793.05
771
781.95
778
801.2
807.2
792.9
800.85
786.05
790.3
798.45
798.45
798.45
798.45
798.45
827.45
850
830.9
819
802.1
871
887
922
903.6
893.7
881.2
873.6
859.7
865
850
847
855.85
809.5
824
847
821
788
809
799.05
763.95
756.1
780.85
790
761.3
720
768.55
759
768.95
773.4
793
802
785
769.75
744.25
734
752
755.2
826.5
853
855
850.8
860.3
902.75
860.1
813.5
860
838.15
819
780
826
783
722
710
711
721.8
721.3
743
773
751
720.85
637
615
613
597.05
589.35
601
624
641.9
647.7
655.8
655
655
655
645.5
659.9
671
652
645
614.95
620.5
610
614
617
588
588
586
586
589.2
584
584
599.5
586
575
563
588.9
570
562
547.55
536.65
542.9
548
549
554.5
562.05
563.4
540.35
517.3
530.7
524.95
542.3
526.9
530.5
543.7
560
560.6
550.15
554.9
548.15
565.9
544
561.7
584
547.1
567.9
545
540
541
534
531
519.9
503.9
506
498
491
486.5
473.7
490.1
478
486
497
500
505.55
511.4
514
497.5
499.15
505.3
505.3
550
508.1
494.6
499
476
475.25
470
459.7
464
464
483.85
485.1
493.1
505.5
486
541.25
513
494.7
493
481.9
434
430.7
430
399
409
402.9
405
400.1
396
405
397
412
403
403
437
421
459
474
497.25
480
462
461
501
519
493
487
446.95
409.9
425
444
450.3
494.9
464
495
517
547.5
556
552
549.85
568
588.1
593
625.95
632.3
620
614
613.7
605.15
625
626.5
630
605
604
595
581.65
593
592
598
603.95
595.05
597.2
586.8
588
590
563.8
563.85
548.7
560
560.2
550
557.2
548
566
562
595
610
628
628
627
629.3
638
639
615.25
587.55
574.9
580
590
567.5
592
574.05
563.05
592
570
536.3
534
537.5
514.7
525
533.3
548.25
555.05
540
534.35
500
475
471
507.9
505.95
520
578
598.05
592
581.25
607.95
623
639.6
640
639
634.05
634
630
641
615.1
614.95
628.55
638
634
649
623.4
661
661.75
668
654
655.15
665.1
679.05
690.55
678.9
679
685
669
680
704.05
712
743
741.1
744
756.5
753.65
758.75
775.5
766.9
784
798
847
822
800
800.35
806.2
808.85
808.7
814
820
830
832
831
831.75
841
829.8
826
840
825
817
817
810
775.2
748.9
771
793
780
807.35
810
764.45
738
745
745.75
779.8
797.5
830
811.1
830.6
819.6
776
782.15
773
789.7
756
755
754
743.35
720
730
784
778.5
763
770
767
754.8
761.95
792.05
791
804
790
759
764.9
709
735
866
858.25
860
869.25
879.45
898
941.95
970
985
1000.2
1002
1007
1018
1029.9
1022
1010
1013
1005
1001.5
1001
1033
1065.8
1068.15
1106.9
1065
1076.5
1075
1061.4
1066
1080
1092
1084
1098
1090
1055.1
1082
1111.9
1127.8
1100.15
1106
1086
1081.1
1081
1041
1045
1040.2
1030
1022
1029
1050
1020.85
1020
1015
1033
1055
1079
1067
1083
1081.05
1060
1089
1055.1
1025
1000
1050.2
1203
1266.1
1290
1259
1283.95
1216.75
1184.25
1115
1165
1216.1
1225.55
1205.05
1198
1193
1168
1145.05
1140.2
1131
1136
1152
1121.4
1111.6
1109
1130.15
1100
1109.5
1090.05
1090
1102
1076.8
1097
1079.4
1063
1075
1042
1023.5
1036
1009
973.05
956.9
942.8
963
951
979.05
988.05
1013
1002.35
1000.65
1025.25
987.75
979.5
1004.35
979.85
967.1
1063.85
1027.65
1000.3
1025.5
1065.6
1116.3
1134.6
1108.9
1147.1
1131.3
1108.7
1121.4
1103.65
1075.4
1071.5
1035.75
1047.9
1040.9
1028.2
1022.15
940.35
939.85
934.95
899
830.35
846.65
860.65
852.25
854.65
849.8
844.8
824.85
822.6
825.35
799
805.85
763.3
767.15
804.4
822.05
836.15
837.55
850.85
860.35
870.2
871.5
858.05
860.9
883.75
890.55
873.05
876.45
888.45
872.15
875.8
869.35
850.55
874.9
874.5
886.05
862.25
859.5
852.35
839.2
822.45
830.85
833.05
816.95
796.05
791.95
788.75
816.3
808.7
785.3
748.3
726.35
732.45
747.3
741.65
721.8
714.35
704.3
704.45
735.25
734.75
734.7
733.6
746.3
753.7
752.75
749.2
739.35
723.15
731.8
746.95
749.35
746.7
781.15
833.15
810.5
852.5
811.4
854.45
876.3
902
960.85
942.55
914.45
959.85
1004.7
1013.8
1015.8
1017.65
1019.4
1010.35
1016.5
1035.05
1066.55
1062.3
1044.6
1040.45
1040.9
1034.65
1020.4
1042.35
1039.95
1026.7
1037.75
1115.45
1108.9
1095.9
1094.65
1101.6
1084.9
1064.85
1048.8
1019.85
1025.5
1028.65
1054.7
1071.8
1073.6
1092.95

