1466.45
1462.15
1459.85
1442.35
1436.85
1436.85
1429.75
1449.45
1449.95
1445.9
1424.45
1377.8
1392.05
1400.05
1381.15
1393.55
1361.35
1347.3
1370.6
1362.2
1360.65
1379.35
1340.45
1315.15
1332.3
1338.5
1328.7
1328.7
1349.25
1331.7
1319.2
1303.7
1321.35
1279.6
1249
1272.95
1272.95
1272.95
1324.15
1345.85
1344.15
1366.1
1348.5
1341.75
1312.75
1319.05
1344.35
1379.35
1420.4
1406
1383.1
1383.1
1410.55
1425.6
1440.15
1441.8
1441.25
1452.6
1455.55
1454.65
1445.9
1479.7
1499
1479.05
1444.35
1444.35
1441.6
1440.4
1402.85
1409.05
1409.05
1369.6
1372
1363.7
1370.35
1336.15
1336.15
1364.3
1367.65
1371.35
1410.65
1353
1314
1260.45
1312.6
1325.75
1310.15
1307
1340.2
1342.75
1300.15
1254
1279.4
1253.3
1302.35
1338.2
1376.25
1352.85
1374.45
1352.45
1336.75
1363.1
1427.95
1445.6
1436.9
1431.25
1373.9
1368.55
1378.7
1359.85
1328.25
1324.5
1331.7
1359.6
1379.1
1379.75
1367.2
1344.7
1350.4
1359.35
1369.6
1363.6
1349.2
1338
1328.55
1323.8
1314.05
1303.35
1299.3
1301.1
1319.55
1330.7
1315.95
1283.25
1309.55
1301.1
1284.05
1275.75
1298.35
1253
1189.4
1187.85
1192.35
1185.75
1178.35
1219.25
1204.15
1171.95
1210.7
1195.75
1213.9
1212.8
1207
1225.35
1212.55
1222.25
1226.85
1240.05
1277
1309.15
1296.65
1306.55
1274.9
1272.35
1248.7
1247.55
1235.6
1238.95
1250.6
1185.95
1169.05
1174.05
1200.75
1201.6
1137.15
1137.15
1165
1167.5
1177.3
1295.35
1297.6
1262.85
1223.45
1279.75
1318.3
1377.15
1387.55
1399.65
1399.65
1395.7
1369.6
1381.95
1401.6
1411.15
1390
1390
1390
1369.2
1340.55
1353.95
1387.2
1425.75
1355.15
1357.2
1414.2
1447.2
1440.85
1451.05
1423.25
1382.4
1361.35
1347.1
1358.05
1363.15
1408.5
1408.5
1417.9
1404.3
1348.1
1302.15
1299.85
1313.15
1352.9
1357.4
1335.9
1305.55
1306
1298.65
1298.65
1297.4
1295.15
1277.5
1215.25
1232.4
1263.3
1294.65
1309.5
1296.75
1349.35
1313.55
1359.35
1421.5
1349.15
1294.1
1294.1
1241.7
1224.9
1210.7
1200.25
1185.8
1147.9
1160.55
1150.1
1118.45
1124.65
1126.35
1106.5
1097.9
1131.6
1127.85
1125.9
1129.7
1138.7
1133.1
1128.8
1138.4
1138.4
1141.8
1160.7
1168.1
1175.6
1141.8
1124.35
1154.4
1145
1148.85
1131.45
1126.8
1151.05
1161.1
1181.3
1203.45
1201.25
1171.6
1166.05
1172.6
1186.4
1193.45
1164.55
1196.3
1241.9
1210.1
1145.85
1105.5
1109.4
1118.55
1142.55
1140.15
1150.1
1162.6
1160.9
1160.9
1143.7
1143.7
1115.45
1115
1109.8
1084.2
1089.15
1065.45
1065.45
1065.45
1032
1038.65
1021.55
1029.1
1073.85
1073.85
1069.1
1055.2
1069.6
1043.35
1076.65
1115.6
1115.6
1115.6
1115.6
1120.7
1098.4
1094
1044.25
1088.85
1110.25
1142.6
1154.65
1145.7
1124.85
1107.95
1157.05
1171.5
1173.35
1186.65
1202.35
1185.7
1160.75
1172.25
1183.8
1178.75
1190.15
1173.2
1173.2
1189.6
1199.05
1159
1131.4
1159.1
1174.3
1172.55
1119.9
1129.55
1129.55
1132.35
1076.7
1036.5
1014.95
987.85
962.75
975.2
978.15
999.05
1013.2
1020
1022.1
1022.1
1029.7
1083.05
1092.3
1123.1
1078.8
1086.8
1100.5
1054.95
1032.65
1017.6
1030.55
1033
1015.65
1039.7
1059.05
1061.05
1030.05
1029.3
989.25
995.05
978.4
972
963.7
960.95
959.2
984.4
997.2
990.1
1007.45
996.95
995.1
1022.6
1014.35
1018.9
956.5
961.05
958.15
947.4
928.55
923.9
907.7
914.1
927.4
919.9
904
913.95
913.95
906.5
909.6
906.3
941.2
942.95
956.65
948.7
950.1
929.05
925.65
930.45
956.85
955.35
910.8
894.35
894.35
905.35
909.95
891.75
884.65
884.65
887.35
891.75
890.15
890.15
887
890.05
896.45
896.45
893.05
889
893.6
893.6
900.05
914.4
901.25
905.45
916.45
912.3
911.6
891.1
895.05
903.95
898
875.1
882.6
874.45
863.95
863.95
858.25
863.7
854.95
872.4
887.15
898.35
907.45
899.55
902.5
920.3
908.8
908.8
912.8
909.15
900.3
907.2
928.6
925.35
920.65
910.8
930.7
936.05
942.1
945.65
945.75
945.2
935.2
930.15
937.6
930.2
921.85
905.55
916.6
934.85
941.9
940.8
941.4
946
939.4
927.4
922.05
906.6
902.3
899.1
916.6
894.4
907.65
932.1
945.7
951.95
930.55
969.3
946.4
949.7
938.9
884.85
874.85
874.85
848.4
830.6
821.45
821.95
820.5
827.45
823.85
839.3
850.4
848.95
835.1
833.4
834.4
829.7
846.45
840.8
834.1
844.4
832.95
842.35
848.1
874.05
881.85
872.85
867.35
877.95
882.1
882.1
879.85
872.65
898.5
889.35
900.7
897.1
913.15
893.4
893.4
908.85
899.9
897.35
876.7
891.65
889.7
890.35
900.85
899.6
897.05
887.65
888.2
888.2
888.2
885.65
896.9
887.7
850.05
865.2
884.05
908.55
916.55
916.55
929.65
945.7
938.15
922.65
877.25
877.8
864.55
885.6
855.9
858.35
859.3
859.95
868.35
866.65
871.6
850.4
850.4
850.7
852.4
850.2
856.1
864.55
863.3
858.65
883.35
905.55
907.2
883.8
887.15
827.3
912.45
981.3
968.7
968.7
939.25
944.2
909.9
909.9
920.6
959.25
963.95
950.35
944.55
938.15
956.25
957.4
949.35
969.7
994.8
992.15
974.05
988.15
988.15
996.95
980.25
968.5
984.4
980.6
971.2
969.95
954.8
962.85
937.5
941.3
990.15
1005.75
1053.45
981.65
944.1
952.25
970.05
972.35
979.1
976.45
989.85
991.85
994.55
924.75
929.45
956
1000.6
980.9
1004.85
1017.8
1026.25
971.4
1007.7
960.05
962.7
979.95
950.65
900.7
949.8
943.35
976.95
996.9
1066.4
1043.95
964.65
909.35
899.4
941.55
918.55
901.35
869.65
859.2
828.5
825.5
834.2
834.2
824.9
825.65
833.35
834.35
834.35
833
834.8
834.8
829.25
828.85
818.4
828.7
823.1
826.65
821.35
828.75
843.8
835
834.45
834.85
834.7
838.9
838.9
797.15
797.15
795.2
788.65
794
794.4
793.1
802.55
799
835.25
834.7
837
848.1
848.2
834.35
835.45
841.4
824.8
825.3
826.9
824.55
805.5
810.2
796.5
808
813.25
822.5
823.3
827.65
815.45
839.9
841.9
836.8
840.05
848.75
824.65
814.15
816.1
813.15
808.5
803.25
789.95
778.15
775.65
777.75
800.05
772.15
779.7
793.05
797.6
808.8
809.85
806.85
794
803.25
797.45
804
806.05
809.2
802.05
783.25
788.2
787.35
790.25
795
803.65
799.45
799.45
795.65
806.35
814.4
812.95
811.55
812.85
811.45
809.9
804.6
806.1
810.05
819.65
805.55
805.45
815.6
819
805.65
876.6
876.6
851.65
848.55
849.65
839.1
855.8
817.9
834.15
793.15
801.1
801.1
801.1
804.5
858.95
877.85
821
783.05
766.35
764.55
779.95
777.95
779.95
780.55
780.55
760
760
758.75
754.05
744.9
759.8
754.05
750
755.7
739.2
735.15
773.95
793.55
777.65
781.95
786.55
769.6
769.6
731.25
731.9
716.95
701.3
676
687.45
686.1
698.65
698.65
684.95
679.05
674.7
657.1
643.85
645.1
646.95
630.75
635.05
630.05
628.6
628.5
634.2
626.9
631.65
625.6
637.75
638.4
632.05
627.85
625.65
625.65
613.8
610.95
610.95
614.1
616.55
614.55
613.25
619.15
620.7
622.45
623.2
630.95
630.15
619.9
624.1
611.65
618.9
622.85
616.35
623.8
623.3
626.2
619.65
633.45
635.6
636.45
651.45
643.75
643.65
644.95
650
640.95
632.4
613.6
617.3
610.2
612.65
614.55
615.85
623.05
628.9
625.05
621.55
629.45
633.5
645.65
648.25
650.45
658.5
664.95
679.8
673.7
678.85
667
641.15
669.8
651.55
677.95
663.95
636.1
629.35
633.9
633.55
615.4
625.7
620.7
627.2
628.35
631.3
645.9
639.95
640.4
625.4
614.85
616.85
617.65
615.2
630.1
630.35
608.95
610.2
601.6
603.3
601.35
600.85
604.95
602.7
604.55
601.4
603.1
617.15
618.7
616.95
617.25
622.05
622.05
622.05
622.45
620.45
638.8
649.35
631
624.15
644.65
634.4
631.7
633.45
607.85
601.95
606.75
632.35
652.5
618.65
607.25
606.5
578.15
589.65
564.8
563.35
572.95
578.15
579.65
569.65
555.55
573.65
578
584.25
581.65
603.65
603.65
613.2
624.6
614.45
632.6
624
619.1
610.9
607.8
608.2
602.5
596.55
602.65
600.15
598
602.65
593.4
593.4
593.35
595.05
600.7
622.4
638.35
640.1
634.95
626.9
620.75
608.6
589.15
580.1
570.9
571.4
568.2
557.15
552.6
565.2
546.8
566.1
602.1
598.1
567.85
526.45
524.15
522.8
526.8
531.85
480.35
556.85
573.45
623.3
627.05
631.8
667.85
667
667
668.6
607.85
609.9
602.3
623.4
616.8
602.2
569.5
559.3
536.65
532.55
535.4
544.6
551.55
567.65
552.45
548.05
576.55
539.6
533
529.55
525.15
519.8
509.25
517.65
512.55
511.35
505.7
514.75
504.95
505.95
504.05
504.45
504.9
496.1
489.2
499.45
508.95
509.9
519.85
515.25
520.15
513
519.35
513.15
509.9
520.25
522.15
520.1
520.1
520.6
527.4
520.05
520.35
520.25
527.35
520.85
526.2
525.3
520.4
509.5
524
531.7
531.1
541.85
542.75
548.2
549.7
538.5
518.25
530.45
538.3
529.25
516.45
516.25
519.8
515.55
524.9
536.45
541.3
531.8
534.2
521.65
527
533.6
526.55
516.05
509.05
509.95
495.7
494.2
497.3
494.25
498.4
494.95
495.05
494.75
493.4
494
496.6
488.5
489.05
497.15
481.6
478
483.1
483.4
472
468.75
464.65
469.05
465.5
471.45
483.15
486.3
496.65
487.6
485.05
483.5
483.1
485
484.55
488.75
483.35
494.5
495.45
494.95
482.15
484.1
475.4
478.9
484.95
479.85
484.7
478.95
482.35
488.9
476.25
482.05
475.6
477.9
480.1
468.1
470.5
486.35
460.05
457.85
468.4
474.7
471.15
475.9
475.65
471.15
480
480.5
477.15
480.3
486.7
499.05
497
498.55
496
495.85
489.75
490.65
481.65
485.9
480.35
477.25
472.6
476.95
475
474.8
480.3
482.75
478
487.75
484.15
490.85
483.15
484.8
472.2
463.5
465.35
463.1
464.05
464.75
464.3
462.85
461.6
458
459.95
464.95
462.95
461
485.75
463.95
464.4
473.65
474.5
464.95
461.9
453.6
454.95
457.2
456.65
456.9
458.25
456.2
468.95
484.25
488.85
491.7
482.7
491.1
498
496.8
513.9
477.65
478.6
474.5
479.05
466.85
470.7
466.6
471.45
469.3
473.65
458.9
453.15
456.65
461.8
465.6
455.25
469.55
466.55
468
466.4
466.5
469
469.25
467
468.8
480.5
477.6
476.2
483.7
476.1
469.85
460.55
466.85
491.95
508.8
505.9
506.2
484.4
479.8
475.75
463
476
481.1
484.15
492.7
495.7
502.2
516
514.9
516.25
507.65
512.9
534.8
526.7
523.65
523
514.55
517.95
517.85
522.6
521.9
510.35
507.9
512.6
512.3
516.55
518.7
517.8
529.6
515.65
532.5
549.95
572.9
519.25
512.1
530.5
515.65
470.75
463.15
464.5
453.45
454.65
452.6
433.7
429.65
427.5
421.3
419.8
415.5
417.05
409.55
415.8
427.2
426.5
430.7
421.95
421.25
417.05
413.4
410.5
412.75
411.2
827.8
807.75
805.5
808.05
811.5
818.2
820.15
818.9
813.45
824.1
823.45
796.2
790.3
785.15
796.25
790.3
797.05
806.3
798.4
794.9
783.75
783.4
773.65
784.05
787.7
771.85
768.75
757.35
757.55
764.15
760.5
757.05
765.15
777
767.85
770.4
764.45
776.3
760.4
745.75
740.9
737.15
751
751.75
746.3
751
761.1
785
789.2
807.9
819.3
771.65
778.65
773.3
779.2
770.2
780.6
764.9
767.4
761.95
775.2
775.6
774.3
754
749.15
739.85
740.25
742.3
764
757.35
703.45
666.35
688.15
689.4
671.45
694.25
707.5
711.5
720.45
735
717.4
724.45
731.3
735.85
751.8
757.8
764.9
772.65
784.4
768.35
772.65
770.65
764.75
783.5
783.95
785.7
778.85
752.65
769.15
770.9
725.9
725.8
724.05
731.15
731.55
731.55
730.05
736.55
729.55
722.2
727.9
715
709.2
724.45
727.45
736.45
715.55
706.8
710.9
720.95
704.55
707.35
717.95
705.2
712.95
720.4
703.35
714.65
710.1
683
676.8
672.45
686.15
680.3
675.6
689.1
659.7
650.6
652.5
656.55
661.9
661.6
663.35
655.9
676.9
676.9
676.9
676.9
676.9
676.9
676.9
676.9
676.9
676.9
676.9
676.9
676.9
693
699
712.95
712.2
701.7
711.9
710
710.2
705.1
734.95
691.6
651
651
644.1
664
598
598
598
570
569
580.7
563.8
562
561.25
557
557
557.7
546
552
541.5
543
552.1
548.15
548.55
531
528.25
528
540
539.9
540.8
533.1
531
532
533
531.25
531.9
529
531
530
532
535
532.1
525
539
523.05
533
533
533
545
551
546
546.1
560
554.8
552.7
551
551
557.1
546.5
547
547
552
547
544.05
559
541.9
535
535
552
536
526.4
526.4
540
538.5
551
554
554
550.1
546
570
553.2
587.9
550.55
517.45
514.1
517
519
519.7
531.45
527
525
529
528
523
534.5
540.8
531.7
531.7
531.7
531.7
531.7
536.15
543.1
545
553
558
549
546
556
564.45
556.6
554.05
549
550
561.1
568.2
578
579
565.15
561
565
560
549
544.9
512.65
505.9
540
565
546
578.5
575
586.25
601
582.5
580
559
598.05
570
537.7
523.3
510.05
505.65
499
499
497.95
498.9
503.6
507
514
516
496
503
507.25
530
505.75
521
513
501.1
509
509
515
522
530
463
439.1
426.3
397.05
409
397.4
410
400
405
396
382.5
396
386.35
383.1
383.1
383.1
384
396.5
396
401.5
398
393
395
401
395
401
396.4
396.4
401.3
401.3
399.85
391
391
395
395
399
393.95
410
396
407
379
399
375
370
368
355
367
375
370
369
365
365
380
371.9
371
388
390.35
388.25
384
401.3
402.5
401.5
409.75
419
423
410
409
404.9
400
407.15
400
400
400
402.1
407
401
410
416.95
413
414.7
422
417.8
414.8
420.1
434.95
435
440
453.1
435.15
453
453
463.5
465.55
477
450
446.2
448
431.85
425.1
430.1
430.1
430
445
439
440
432
425
445
424
422.05
405.5
395.5
381.15
407.9
358
360
367
376
378.75
391.6
391
405
381.15
407.9
411.2
399
420
404.5
400
412
398.95
403.7
399.95
396.45
410
390
380
405
390
365
399.7
420
428.35
437.4
449
440
428
406.6
430
365
401
420
420
425.3
450
450
419.95
428
430
439
433
460
465
449.75
425.1
459.95
477
476
481
492
502
510
513
515
513
493.5
485
479
472.5
473
462.05
464
468
465
461.35
475.45
478
480.1
486.5
482
484.65
493.9
486.1
488
483.05
488
481.5
486
482.15
491
488.1
489.9
490
491.4
482
483.5
480
479
477.5
479
485
490.25
510
488
490.95
491.6
491.05
490.55
490
490
490
490.1
492.5
491.3
491
505
490
485
485
491
490
490
490
491.25
487
490
491
487
492
490
490
492.05
499.5
484.35
485
489
490
495
490
490.15
490
500
490.05
494
481.95
484.2
489
495.55
501.8
505
495.2
500
502.65
503.95
503
510.8
510.65
507
510
507.1
515
502.15
510
522.6
535
527
522
530
515.6
516.9
513
509
510.1
510
510
518.9
495
480
489.75
488.95
476.1
486.5
485
485.2
489.75
485.5
486.9
482
495.35
491.9
484.35
480
480.25
483.95
482.4
480.15
481.5
471.25
483.8
467
463.5
470
468
480
480
483
486.6
493
485.1
498.7
480
492
495
492.95
469.75
478.9
420
466
490
514.95
520.1
512.05
526.6
514.95
515
537.55
545
563.7
572
574.9
589
587.9
525
509.1
513
522.7
517
514.4
508
514
508.55
503
489
489.1
488
489
492.6
489.85
491.85
490.05
487.5
485
483.95
491
489
471
464.25
460
476
488
477
472
470
452.9
448.7
459.5
463
461
460
457.5
470
469
489.85
491
488
486.55
490
462
468.45
481
464
476.5
460
463.85
473.1
480
472
479.15
488
506.05
487.5
489
493
488
485
486.95
471
468.5
474.7
478
483
478
482
476.25
483
484
478.2
469.95
468.1
470
477
477.5
482
485.95
492
485
484
490
495
493
489
490.3
490
480.15
499.9
491
488.95
497.7
500.9
497.2
499.4
510
504.25
511.05
512.7
488.35
479.8
484.25
494.6
496.5
501.75
501.2
503.1
490.15
497.9
497.35
494.5
493.25
493.05
494.2
493.65
491.6
492.9
498.05
494.95
501.1
505.5
510.55
512.7
519.8
517.35
522.95
525.75
514.25
520.25
515.1
511.25
512
521.3
514.95
500.45
495.15
502.05
498.15
492.4
499.2
499
497.3
494.55
502.65
506.95
480.25
481.15
477.6
471.95
480.55
482.1
485.35
491.25
488.8
489.2
493.1
491.25
479.7
475.6
480.3
492.15
492.1
503.75
505.9
502
501.25
508.05
508.25
501.75
506.2
500.6
509.35
510
507.95
518.5
519.65
532.35
503.2
499.85
495.85
496.25
501.5
499.15
491.9
498.85
498
493.7
493.15
490.15
493.6
499.75
498.15
484.8
484.75
489.15
485.25
492.5
493
492.85
492.95
490.25
490.25
489.75
499.85
497.8
497.25
497.2
497.05
491.1
499.7
499.3
480.1
476.2
483.5
466.1
448
436
461.3
474.6
460.1
463.05
460.3
460.15
461.9
457.95
463.3
451.55
432.95
420.25
416.7
415.85
418.7
419.65
421.15
420.4
421.45
417.8
415.35
417.2
420.75
425.9
426.2
427.65
422.75

