114.95
115.35
116.7
117.85
117.5
117.5
117.65
116.4
117.95
117.55
117.3
115.95
115.8
115.75
115.25
116.85
116.9
118.1
121.75
123.35
125.3
127.4
130.6
131.2
130.3
126.4
124.6
124.6
128.35
129.6
128.9
128.6
131.8
133.05
130.25
131.9
131.9
131.9
133.55
134.5
132.5
133.45
133.2
132.7
131.3
133.7
134.45
137.3
137.1
138.45
138.5
138.5
142.5
141.8
142.8
142.55
141.45
142.25
143.95
144.65
145.45
145.85
141.85
139.2
134.35
134.35
135.6
137.8
135.75
135.15
135.15
135.7
136.3
143.55
140.3
138.65
138.65
137.5
136
132.1
131.8
135.3
133.5
127.25
128.7
133.45
130.9
134.9
142.15
141.55
142.75
138.45
140.9
140.35
166.5
169.65
177.1
178.75
185.75
170.2
157.5
157.95
163.65
168.9
171.3
174.2
169.95
173.1
167.05
163
157.25
149.75
154.45
163.75
171.3
172.95
172.1
170.5
173.4
179.2
180.2
178.75
181.6
183.05
180.5
184.45
180.15
184.8
184.7
180.75
178.35
179.55
171.4
172.05
177.1
183.35
179.2
184.3
183.25
177.6
175.65
173.8
174.3
171.1
173.35
173.15
176.65
175.6
174.05
180.85
183
189.75
189.2
196.5
197.2
191.85
203.85
202.15
203.25
202.15
206.5
205.75
206.75
206.9
209
211
203.5
197.9
206.25
195.85
200.65
208.35
223.05
223.9
216.6
216.6
213.5
215.7
210.7
210.1
218.4
221.9
223.05
220.75
228.35
225.05
226.9
221
221
218.95
212.7
205.9
207
206
205.75
205.75
205.75
195.85
199.9
198.55
197.35
202.8
204.6
209.1
212.6
215.85
220.55
218
216.35
216
220.05
217.9
219.45
222.5
229.25
229.25
231.35
239.9
235.9
235.6
221.75
229.05
231.95
234.75
238.65
234
234.05
235.15
235.15
235.5
227.4
241.3
236.45
232.7
247.2
249.45
257.05
261.15
273.8
266.25
280.8
291.35
291.55
294.3
294.3
298.7
302
297.05
299
300.4
300.85
290.8
294.5
298.9
293.45
296.1
288.1
291.6
307
307.75
304.35
301.8
302.35
299.4
301.5
291.2
291.2
289.75
291.3
287.15
291.35
283.65
278.55
283.9
284.15
295.4
294.25
281.35
291.3
299
297.8
291.55
291.55
285.75
288.8
273.8
273.7
271.9
283.45
276.2
272.4
280.3
288.55
288.65
285
283.8
288.7
293.7
286.4
286.5
286.55
286.55
285.95
285.95
285.35
274
273.45
272.45
271.45
267.5
267.5
267.5
267.6
260.55
257.4
250.5
255.55
255.55
247.65
238.55
242.6
231.6
226.95
232.6
232.6
232.6
232.6
232
240.45
248.65
242.05
263.7
278.05
289.2
289.9
296.2
286.4
284.9
295.5
290.6
287.3
278.25
283.3
285.9
286.1
291.5
291.95
289
288.35
277.45
277.45
281.75
281.5
284.7
292.7
289.05
277.2
278.15
279.15
274.2
274.2
265.6
277.75
277.95
267.4
274.4
274
281
279.4
271.75
274.5
281.25
283.45
283.45
285.7
299.5
287.7
285.25
287.05
289.55
289.8
285.05
278.6
268.3
261.75
280.3
281.65
284.35
301.5
304.75
303.8
304.1
304.5
301.55
284.7
290.5
290.4
291.35
284.6
281.1
290.35
290.85
300.1
289.3
289.65
309.25
313.65
321.75
328.45
325.2
319.75
322.45
317.7
323.85
309.25
325.65
315.25
317.5
328.85
344.7
322.35
307.2
307.75
299.1
280.35
263.85
273.05
252.1
246.25
242.8
233
237.8
239.6
241.7
233.05
234.15
234.15
236.45
243.85
239.85
232.15
232.15
226.75
227.7
219.6
219.6
213.25
220.6
234.15
234.15
238.1
240.2
231.15
231.15
233
232.15
235.75
223.9
228.5
227.95
211.6
208.9
206.75
205.3
202
200.9
207.3
209.75
202.05
202.05
198.6
198.95
203.2
198.9
190.75
184
182.7
176.2
170
171.35
168.1
168.1
169
170.1
167.6
166.65
171.2
174.75
172.3
173.7
172.45
180.7
181.6
181.25
183.45
181.7
184.1
184.4
182.3
191.7
185.9
208.25
208.95
210.3
227.6
240.7
246.3
242.6
237.1
234
239.1
241.65
232.1
233.4
230.1
233.7
242.05
231
232.35
240.1
236.05
243.15
237.95
235.6
236.2
228.85
226.6
226.6
220.05
215.6
210.85
216.7
205.75
206.8
209.35
215.2
215.95
220.2
226.3
220.4
217.25
211.6
210.95
219.45
217.15
208.5
209.55
205.85
217.05
209.6
213.2
225.4
234.95
240.75
223.15
223.15
212.05
212.3
216.05
219.9
220.75
230.7
238.05
221.45
221.45
209.9
172.8
179.9
176.65
181.8
186.15
186.05
176.85
175.25
172.45
168.2
174.4
174.4
186.6
185.3
186.05
184.15
177.05
176.3
174.5
174.3
166.3
166.3
157.95
163.25
164.8
163.7
163.35
171.1
184.3
191.9
176.9
171.95
172.45
170.4
165.75
167.35
151.55
145.25
145.25
145.3
136.6
134.65
144.5
142.3
133.05
131.05
137.3
146.85
147.5
146.95
145.25
151.4
153.8
162.65
180.2
180.2
179.5
176.55
169.25
169.25
172.2
165.85
175.65
169.65
179.15
184.7
174.15
180.1
183
191.6
196.6
215.2
211.15
211.5
218.3
213.9
220.9
231.25
227.85
231.05
226.7
230.55
225.65
225.3
224.6
220.2
234.9
242.05
232.4
221.1
222.2
222.55
228.95
243.8
260.35
280.1
279.65
281.25
283.65
280.1
285.65
285.4
286.85
290.4
293.7
290.1
289.65
290.5
287.75
297.15
296.15
301.1
298.2
299.3
307.55
316.4
324.85
321.6
324.75
321.7
328.45
321.35
324.25
337.2
333.15
325.55
332.35
330.75
327.6
334.35
328
328
327.65
325.85
337.35
335.25
335.25
342.15
330.35
330.35
316.1
319.5
313.85
302.75
296.5
300.35
295.65
300.05
307.15
306
306.55
318.9
308.75
302.85
302.85
290.3
290.3
288.75
292.85
285
299
312.7
326.7
322.95
321.05
313.15
322.2
323.2
319.4
314
314.65
315.2
309.2
317.9
318
337.35
327.9
338.8
343.45
340.1
344.55
349.2
343.6
339.4
337.95
336.9
341.05
346.9
341.8
343.7
349.05
341.75
340.65
353.75
353
334
340.95
355.25
363.75
348
359.2
372.55
381.15
385.5
381.85
379.45
384.85
381.05
363.9
365.8
368.8
365.05
364.3
364.6
362.1
360.3
359.6
343
339.25
336.9
340.65
328.75
328.75
333.7
331.5
327.95
321.6
312.55
309.9
303.6
308.55
305.15
305.65
293.65
293.75
290.15
283.65
280.1
280.65
275.9
272.85
272.85
271.6
270.8
268.75
266.4
266.3
272.65
273.45
278.8
283.25
283.25
283.25
283.4
291.2
288.4
278.85
279.4
283.2
279.65
276.5
272.95
279.4
297.45
297.45
298.05
298.05
301.2
301.7
302.95
295.05
298
303.2
301.95
301.4
294.6
296.25
297.55
296.9
305.3
304.9
309.6
309.6
311.2
305.05
301.5
302
299
302.45
285.75
296.5
296.5
280.9
270.1
260.35
263.1
259.25
258.35
259.25
255.2
255
262.3
255.55
255.3
256.9
259.5
265.15
266.45
272.6
281.3
279.15
277.75
276.75
276.75
278.25
275.3
275.3
271.25
271.9
279.95
284.95
288.55
287.45
289.1
296.85
297.65
297.9
296.35
290.45
308
318.1
321
320.4
324.55
325.85
329.8
329.5
333.65
337.75
340.85
345
347.8
344.85
351.95
354.6
353.5
352.5
347.9
347.05
345.4
344.2
344.6
343.05
344.65
341.45
341.6
334.5
340.6
349.75
348.1
356
358.45
349.05
353.6
349
343.1
336.75
333
333.2
340.85
319.8
331.35
329.95
320.5
315.85
311.95
307.65
318
315.05
307.8
307.5
320.8
317.05
317.25
313.65
313.6
330.4
339.2
329.1
333.95
348.5
352.6
353.5
330.7
331.3
338.85
346.6
346.2
357.6
365.75
371.8
378
377.35
369.25
368.55
363.7
365.2
364.5
372.4
372.4
372.4
366.15
367
362.65
348.75
348
362.7
353.35
361.05
355.35
370.2
359.95
354.1
359.45
376.05
392.55
372.75
371.4
365.3
367.9
350.2
352.25
354.8
368.45
367.9
372.25
374.75
341.55
372.6
376.65
365.45
396.9
380.35
380.35
385.7
392.8
374.9
368.2
364.9
369.3
368.8
341.3
344.45
348.35
349.95
340.9
344.65
336.1
352.75
342.6
342.6
339.65
319.05
319.1
306.3
301
303.2
296.4
301.65
299.8
302.9
303.25
293.65
290.9
286.65
287.95
288.15
267.1
266.35
268.7
275.7
288.05
292.9
292.8
303.7
293.7
279.2
294.8
310.05
317.95
319.4
324.4
331.85
336.75
336.95
343.45
346.65
346.65
340.55
333.9
327.25
326.45
335
328.85
345.15
326.3
328.95
320.8
336.2
337.15
335.7
333.2
334.95
331.8
325.65
327.8
341.75
334.35
333.45
336.85
332.75
325.5
318.5
314.65
323.15
324.55
333.9
341.95
335.15
339.25
338.4
330.45
328.45
326.45
316.9
312.55
306.6
305.85
312.3
315.25
320.85
317.05
311.5
301.45
300.95
308.65
317.9
318.5
312
324.15
326.55
324.55
317.85
317.7
327
334.7
332.7
326.05
320.75
312.65
308.25
313
297.5
307.15
307.5
319.55
306.2
314.05
313.95
321.15
323.45
338.4
346.9
350.2
350.5
355.7
362.3
366.7
372.4
375.85
382.75
386.1
397.75
390.6
388.85
403.3
416.2
408
407.7
410.55
410.6
405.6
402.5
403
405.2
408.15
412.9
411.85
413.1
414.4
415.6
414.2
413.8
411.95
413.9
420.25
411.05
406.9
406.15
412.55
408.2
408.95
408.35
414.5
416.25
423.25
430.4
427.7
423.45
428.35
420.6
424.55
425.2
433.1
448.15
440.8
435.75
435.15
429.65
423.2
412.65
412.7
404.3
405.55
402.1
393.4
395.9
394.05
400.25
408
413.2
422.1
401.9
392.05
394.35
420.3
457.1
481.6
487
487.05
484.55
478.8
483.15
483.3
485.85
488.1
486.95
477.2
483.55
489.5
483.35
489.35
486.9
480.15
475.35
479.05
470.65
461.35
455.65
452.3
449.95
450.55
441.8
435.55
449.35
464.5
458.8
464.05
457.25
466.3
470.2
460.6
452.5
460.35
458.35
463.1
439.55
436.9
417.85
448.9
437.15
445.4
442.85
448.2
442.75
443.4
430.45
415.75
413.5
397.9
412.1
432.85
442.2
451.3
444.45
438.3
439.1
437.8
460.55
468.4
468
460.9
432.55
429.55
437.75
437.3
417.05
427.55
443.95
441.5
439.45
450.1
443.15
439.5
438.55
451.1
451.6
436.65
431.8
426.8
435.2
443.1
441.25
445.45
451
437.8
438.4
436.15
448.9
445
428.8
425.85
437.3
440.55
459.35
481.65
494.15
483.6
467.8
454.6
429.1
418.85
448.65
473.7
487.9
468.1
481
474.4
490.55
486.5
502.8
518.55
524.55
505.85
510.9
512.8
504.3
508.05
500.5
486.55
501.4
518.6
523.65
519.8
537.45
550.7
527.3
519.25
531.75
532.7
553
555.85
548.85
559.95
558.45
575.75
574.75
553.95
536.35
525.1
517.45
523.5
515.95
497.5
496.55
499.05
503.2
495.3
496.5
498.45
486.6
498.8
496.65
500
489.45
463.05
460.3
464.45
464.4
457.95
451.6
442.35
442.8
446.8
463.9
459
464.6
463.5
459.65
467
461.6
466.4
464.35
462.95
462.3
438.05
435.9
438.65
434.7
436.9
436.85
437
439.4
410.6
411
403.2
397.35
393.85
402.95
403.15
407.95
398.6
393.05
395
390.6
381.6
376.9
369.85
374.25
368.05
368.4
373.9
364.6
357
357
349.5
345.85
346.45
344.35
348.5
339.2
340.9
340.8
333.25
326.1
330.65
336.7
332.25
329.35
331.8
329.25
324.75
328.05
334.3
332.7
327.65
322
329.65
325.1
316.5
315.05
319.8
322.9
321.75
328.95
323.45
333.8
329.3
330.05
335.4
335.7
336.15
334.45
347.75
368.55
374.25
370.7
381.95
380.8
384.35
384.95
384.9
381.7
382.2
377.4
364.6
364.4
354.65
359.85
357.9
361
366.85
360.35
358.7
371.6
360.8
355.35
346.4
340.25
342.75
326.1
321.35
313.9
310.05
317.1
326.35
326.65
327
328.95
332.3
340.05
338.7
337.3
341.05
346.9
344.3
340.8
346.1
344.2
333.35
327.3
323.15
323.3
325.5
331
335.1
335.8
328.7
326.3
339.95
338.05
343.6
346.4
337.5
385.5
385.5
385.5
366.9
385.5
385.5
385.5
385.5
385.5
385.5
385.5
385.5
385.5
392.2
385.1
389.4
389.1
387
394.8
393.3
395
398.65
396.05
393.95
385.25
385.25
384.05
384.25
378.35
378.35
378.35
368.5
366
354.1
360.25
369.3
363.5
375.5
382
388
387.5
382.4
392.95
380.3
392.5
391
392.3
390
386
377.2
393.35
393
390.1
391
390.6
379
386.6
381.85
377
366
364.65
381
379.7
384.5
366.1
354.5
350.25
342.1
332.4
332.4
355.6
408.95
414.25
432.75
438.9
449.05
441.6
457.5
457
457
461.5
439.5
411
411
394.05
399.3
398.6
392.7
395
402
402
417
407.5
403
403
399.5
398
399
396
396
403.2
382
385.4
362
346.95
343
343.5
335.65
334.7
334.25
327.5
332.55
337.3
338
326
320
317
311.5
315.1
317
317
317
317
317
318.55
321.95
312
317.1
322
326.3
326.5
338.1
334.25
337
328
325
320.5
319
333
349.9
357.35
355.1
354.95
362.8
340.9
329
331.25
328.9
315
305
314.7
306
321
328.9
351.5
347.95
345.55
354
360
343.65
342.6
344.5
340.9
345.6
338.3
315
311.5
328
315.1
315.6
324
334.6
324
312.3
344.15
344.05
339
332
348.95
338.5
325.5
331.5
324.15
325
322
328.4
325.05
312.1
290.45
247.55
234.5
234.1
240.8
234.4
232.4
236
229
236
231.3
235.5
235.5
235.5
249.7
268.6
265.5
258.2
253.85
250.65
266.35
266.35
258
271.5
251.2
251.2
241
241
231
229.3
229.3
226.4
219.55
219.8
223.75
233.9
225.5
209.35
203
206.5
197.8
204.85
197.25
193
199
194.25
182.8
181
197.35
197.4
204.5
208.4
217.55
227
221.5
222.9
220.25
222.5
227.9
222.95
220.9
237.95
251.8
250.55
250.75
254.7
249.8
244.95
239.6
242
239
239
249.2
238.5
240.4
233
229.5
244.9
240.5
252.5
256
254.8
245.9
259.8
253.05
266.05
281.5
283.1
283.1
304.5
303
296.8
295.5
286.75
294
290.6
278
286.7
286.7
282.95
302
293.95
286.2
275
276.2
267.5
272
263.5
250
247.3
246
247.5
244
242.2
241.5
252.05
242
232.55
234.95
252.35
247.5
249
249.2
260
277.6
276
274.75
282
274.5
260.9
272.4
275.15
247.6
243.8
222
213.5
203.45
229.1
258.3
270
288.65
298.2
302.15
292
290
293
280
262
273
283.1
272.5
291
289.5
287.05
272.4
276.6
281.5
282
284.8
288
282.55
281
279
291.15
274.5
285.8
288.3
292.5
286.5
292.7
284.35
293.5
284.85
274.55
266.7
250.2
252.5
258.5
259
258.05
251.1
261.5
260.8
261.1
269.95
282.3
292.6
302.85
288.4
297.4
297.1
308.3
288
286.2
275
272.9
253.3
295
285.3
280
293.25
281
275
260.9
243.95
228.7
229.2
245.65
249
256.2
257
238.95
239
229
221.5
228.25
193
216.9
224.2
243.9
238
215.2
223.9
251.9
267.35
281.8
290.25
271.5
266.1
269.4
270
256.25
255
264.7
258.3
264.4
294.8
284.95
296
290.25
301.2
304
320.75
324.05
326
331
341.5
359.5
341.45
327
319.5
326.9
326.5
324.75
338.2
354
362.1
361.1
343.15
331.5
334
338
336.4
332.05
332.05
334.75
323.5
300.5
304.4
307.1
311.5
309.6
298.9
298
275
284.75
281
263.55
252.4
275
262.5
267.5
263
247
245
253.6
253.05
284
267.4
281
268.15
267
275
288.4
309.1
326
353.2
352
356
357
341.7
344.5
354
359
373
373.3
374.05
374.5
368
344
350.05
350.15
362.5
363.9
376.15
377.8
365
353
368.3
381.5
406
394.05
364
410
388.1
380
404.8
446.55
458
436
427.3
418.1
400
397.5
374.5
374.8
378.75
386
384
373.85
366.6
366
363
369
356
352
349
353.05
358.2
370.25
373
377
361
355
356.55
358
362
350
354.2
352
330
337.4
340
338.25
336
336.3
346.2
364.25
375.5
371.25
371.5
371
363.95
343
355.05
364
373.85
370
383.15
377.9
375.75
356
373.5
315
308
293
298
319
260.5
255
275
299.15
323
334.9
312.15
314.9
300
282
261
274
277
274.55
278
279.85
262
261.95
262.25
263.25
260.4
256.55
258.6
248.65
243.6
241.7
250.2
249.75
248
250.95
247.4
249.1
240.6
247.1
248.25
246.7
236.4
238
233.7
232.7
223.85
217.1
217.7
222
236
230
227.95
253.45
242.2
239.45
245.55
252.35
245.3
241.6
245.55
242.55
239.4
258.3
259.6
253.55
263.55
255.95
260.6
260.9
256.05
264.55
267
264.9
269.75
269.2
253.55
247.45
238.35
230.4
222.15
220.1
223.9
228.9
227.8
231.7
225.3
220.3
219.35
220.35
223.6
215.9
213.75
204
190.8
191.4
191.1
183
188.55
197.2
198.55
202.35
207.55
215.15
213.55
210.65
209.15
212.8
210.65
207.8
211.75
213.35
213.1
208.75
207.3
208.1
206.95
204.4
200.4
195.9
195.4
194.05
188.6
193.3
194.35
199.8
192.4
195.7
199.75
199.15
197.15
183.75
188
186.85
187.7
183.25
185.4
180.25
172.8
168.25
172.2
164.95
161.7
157.9
162.75
154.25
167.8
166.35
171.75
171.2
173.8
176.5
156.55
151.95
143
137.85
137.15
140
148.45
148.95
152.8
157.75
146.6
153.2
160.15
163.05
165.05
163.75
167.55
163.75
157.45
163.9
172.6
175.8
178.25
178.3
169.1
177.25
178.75
187.35
192.3
192.4
192.05
194.4
194.15
196.15
191.1
194.2
195.4
196.45
196.55
204.35
203.5
205.75
202.55
201.9
203.65
206.55
192.15
190.2
191.3
199.7
204.2
209.9
207.65
208.15

