17.17
17.01
16.94
16.7
17.57
17.91
17.96
18.09
18.09
17.51
17.28
17.34
16.36
16.73
17.23
16.45
15.81
15.8
15.62
15.4
14.12
14.12
13.74
13.72
14.91
15.18
14.78
14.93
14.34
14.44
14.3
14.26
13.93
14
14.24
14.69
14.5
14.79
15.25
14.19
14.02
13.1
13.01
13.5
13.7
13.08
12.93
12.66
12.42
12.27
11.15
11.82
11.77
11.95
11.58
11.35
10.8
10.49
9.79
9.8
9.39
9.39
9.39
9.39
9.39
9.39
9.15
9.31
9.1
9.34
9.35
9.6
9.81
9.65
9.2
9.3
8.64
9.6
10.65
10.57
11.37
10.45
10.7
10.88
10.88
10.88
10.89
10.14
9.22
8.54
8.28
9.2
10.22
11.35
12.15
12.3
11.82
13.13
13.2
12.94
12.96
12.87
13.19
12.78
12.33
11.21
10.79
9.81
10.18
10.05
10.01
9.15
9.85
10.94
11.32
11.3
10.69
10.78
10.38
10.11
9.19
9.23
8.66
7.87
7.15
6.5
7.22
8.02
8.91
9.9
11
12.22
12.07
13.41
14.9
15.25
14.59
15.54
15.54
16.84
16.83
15.97
16.71
16.86
15.61
15.64
15.87
15.23
14.97
13.61
14.1
13.49
12.5
12.05
11.9
13.12
13.49
12.98
12.8
12.99
12.69
12.16
12.07
11.57
11.39
11.1
11.17
11.05
10.28
9.95
10.39
10.9
11.42
11.53
11.53
12.26
13.42
12.42
12.73
11.57
10.55
10.23
9.91
10.13
10.07
10.14
10.62
10.86
10.86
10.55
10.56
10.89
11.06
11.06
10.63
10.16
10.02
9.92
10.01
9.92
10.26
10.26
10.4
9.99
9.58
9.18
9.02
9.03
8.69
8.43
8.45
8.48
8.39
8.46
8.48
8.14
8
8.15
7.87
7.89
7.97
8.03
8.03
8.03
8.03
8.03
8.03
8.08
7.77
7.69
7.65
7.71
7.51
7.4
7.53
7.63
7.6
7.54
7.9
7.75
7.51
7.71
7.6
7.25
7.17
7.08
7.01
6.75
7
6.91
6.94
6.85
6.73
6.82
6.85
6.85
6.99
6.84
6.83
6.83
6.83
6.92
7.02
7.16
6.86
6.78
6.55
6.71
7.28
7.2
7.43
7.46
7.46
7.44
7.35
7.14
6.66
7.16
7.23
7.69
7.71
7.66
7.59
7.83
7.83
8.02
8.06
7.97
8.03
7.99
7.87
7.63
7.55
7.48
7.76
7.7
7.69
7.7
7.58
7.66
7.81
7.74
7.95
7.83
7.94
7.56
7.56
7.48
7.36
7.3
7.15
7.14
6.99
6.87
7.04
7.16
7.2
7.21
7.38
7.46
7.39
7.4
7.4
7.4
7.4
7.4
7.4
7.36
7.21
7.16
7.25
7.08
6.98
7.26
7.2
7.28
7.08
7.44
7.44
7.02
6.86
6.75
6.82
6.82
6.8
6.66
6.63
6.44
6.39
6.45
6.58
6.36
6.52
6.71
6.7
6.48
6.38
5.96
5.9
5.84
5.78
5.84
5.79
5.73
5.6
5.66
5.67
5.62
5.57
5.66
5.67
5.67
5.61
5.59
5.59
5.56
5.51
5.45
5.49
5.47
5.53
5.57
5.54
5.47
5.43
5.56
5.73
5.68
5.68
5.75
5.76
5.53
5.53
5.43
5.37
5.41
5.29
5.35
5.18
5.14
5.3
5.4
5.38
5.41
5.4
5.42
5.45
5.37
5.28
5.27
5.26
5.23
5.13
5.13
5.05
5.22
5.26
5.13
5.08
5.06
5.21
5.18
5.13
5.34
5.29
5.52
5.76
5.78
5.86
5.7
5.88
5.52
5.53
5.41
5.41
5.41
5.38
5.19
5.25
5.4
5.4
5.4
5.4
5.4
5.4
5.22
5.17
5.21
5.15
5.15
5.15
5.17
5.15
5.15
5.12
5.17
5.18
5.2
5
5.03
5.18
5.17
5.1
5.09
5
5.22
5.23
5.17
4.95
4.92
4.88
4.88
4.86
5.05
5.15
5.22
5.25
5.24
5.23
4.94
5.03
4.95
5.24
5.38
5.5
5.62
5.32
5.24
5.19
5.11
5.29
5.16
5.07
5.02
4.98
4.98
4.98
4.98
4.98
5.07
5.1
5.08
4.96
5.04
5.08
5
4.84
4.87
4.86
4.95
4.76
4.53
4.52
4.58
4.49
4.52
4.55
4.7
4.74
4.68
4.68
4.64
4.65
4.53
4.76
4.74
4.72
4.79
4.79
4.78
4.79
4.81
4.93
4.9
4.9
5
5
5.01
5
5.04
5.02
4.85
5.27
5.31
5.28
5.25
5.21
5.2
5.27
5.33
5.33
5.19
5.11
5.02
5.02
4.99
4.98
5
5.1
5.26
5.28
5.17
5.11
5.2
5.2
5.16
5.4
5.4
5.59
5.74
5.98
5.94
5.85
6.01
5.76
6.11
6.22
6.08
5.95
6.15
6.14
6.24
6.24
6.24
6.24
6.24
6.24
6.09
6.59
6.94
6.69
6.53
6.5
6.5
6.5
5.91
5.87
6.04
5.88
5.89
5.79
5.91
5.72
5.99
5.96
5.42
5.52
5.26
5.19
5.34
5.4
5.21
5.29
5.47
5.52
5.47
5.54
5.46
5.48
5.56
5.53
5.49
5.65
5.69
5.72
5.74
5.61
5.72
5.59
5.56
5.63
5.77
5.97
5.76
5.83
5.4
5.34
5.69
5.85
5.93
5.89
5.61
5.1
4.97
4.72
4.82
5.36
5.24
5.08
5.14
5.01
4.87
5.04
5.3
5.18
5.08
5.64
5.57
6.13
6.31
6.42
6.18
6.1
6.2
6.2
6.2
6.2
6.45
6.71
6.7
7.29
7.4
7.4
7.4
6.73
6.12
5.56
5.56
5.55
5.29
5.34
5.09
5.07
4.83
4.6
4.56
4.53
4.31
4.37
4.45
4.53
4.52
4.45
4.5
4.5
4.5
4.5
4.74
4.76
4.69
4.71
4.53
4.31
4.27
4.18
4.16
4.22
4.3
4.26
4.21
4.12
4.28
4.28
4.28
4.37
4.23
4.28
4.22
4.15
4.15
4.26
4.18
4.19
4.19
3.99
3.8
3.83
3.82
3.78
3.85
3.9
3.9
3.94
3.86
3.81
3.7
3.63
3.59
3.51
3.49
3.58
3.57
3.58
3.73
3.71
3.78
3.79
3.79
3.79
3.79
3.79
3.79
3.84
3.78
3.7
3.67
3.71
3.76
3.74
3.75
3.8
3.77
3.59
3.65
3.8
3.68
3.51
3.48
3.5
3.45
3.37
3.36
3.31
3.31
3.31
3.29
3.28
3.28
3.28
3.28
3.28
3.19
3.2
3.18
3.13
3.09
3.12
3.1
3.1
3.14
3.12
3.09
2.97
3.01
3.02
3.03
2.97
2.92
2.93
2.83
2.85
3
2.97
3
3.12
3.26
3.31
3.31
3.32
3.3
3.28
3.3
3.38
3.31
3.32
3.42
3.47
3.3
3.4
3.39
3.45
3.46
3.34
3.3
3.35
3.32
3.33
3.43
3.57
3.5
3.56
3.47
3.41
3.35
3.37
3.36
3.31
3.33
3.47
3.42
3.38
3.4
3.4
3.4
3.4
3.4
3.4
3.29
3.15
3.27
3.31
3.28
3.3
3.43
3.41
3.35
3.51
3.58
3.6
3.5
3.52
3.49
3.39
3.35
3.34
3.4
3.37
3.21
3.35
3.42
3.44
3.45
3.45
3.29
3.22
3.13
3.1
3.07
3.06
3.19
3.11
3.16
3.3
3.28
3.33
3.23
3.18
3.14
3.1
3.12
3.28
3.45
3.62
3.79
3.66
3.72
3.7
3.85
3.94
3.81
3.8
3.62
3.7
3.63
3.65
3.55
3.58
3.49
3.53
3.58
3.56
3.54
3.66
3.81
3.92
3.73
3.55
3.55
3.68
3.72
3.61
3.58
3.66
3.67
3.55
3.56
3.56
3.39
3.38
3.36
3.34
3.48
3.52
3.47
3.43
3.4
3.37
3.47
3.43
3.44
3.45
3.47
3.47
3.41
3.41
3.45
3.45
3.4
3.4
3.46
3.41
3.44
3.39
3.57
3.76
3.76
3.76
3.87
3.75
3.69
3.81
3.85
3.75
3.8
3.74
3.76
3.66
3.64
3.5
3.47
3.46
3.5
3.46
3.31
3.31
3.31
3.31
3.29
3.42
3.6
3.68
3.7
3.72
3.7
3.75
3.88
3.78
3.73
3.93
4.11
4.16
4.19
4.2
4.14
4.24
4.18
4.23
4.04
4.01
4.21
4.17
3.97
3.82
3.86
3.85
3.71
3.71
3.76
3.85
3.77
3.63
3.62
3.61
3.62
3.58
3.71
3.56
3.49
3.48
3.54
3.37
3.35
3.35
3.35
3.35
3.35
3.35
3.3
3.31
3.29
3.13
3.17
3.34
3.4
3.42
3.34
3.23
3.1
3.22
3.17
3.17
3.17
3.1
3.1
3.14
3.21
3.21
3.16
3.33
3.5
3.68
3.82
3.89
4.09
4.3
4.53
4.63
4.66
4.71
4.85
4.93
4.85
4.68
4.61
4.84
4.8
4.9
4.95
4.96
4.95
4.75
4.95
5.14
4.9
5.01
4.85
4.72
4.72
4.81
4.79
4.74
4.75
4.73
4.72
4.73
4.69
4.71
4.69
4.5
4.5
4.42
4.4
4.53
4.75
4.77
4.84
4.86
4.85
4.84
4.72
4.7
4.75
4.97
5.23
5.25
5.29
5.2
5.18
5.15
5.05
4.99
5.11
5.14
5.21
5.18
5.15
5.01
5.09
4.94
4.94
5.17
5.22
4.97
5.04
5.06
5.03
5.04
4.96
4.99
4.86
4.86
4.93
5.04
4.96
4.97
4.91
4.85
4.74
4.69
4.78
5.03
5.18
5.13
5.12
5.28
5.24
5.22
5.27
5.21
5.2
5.31
5.2
5.28
5.27
5.4
5.39
5.31
5.23
5.15
5.28
5.26
5.27
5.34
5.26
5.24
5.17
5.06
5
5.04
5
4.98
4.88
4.82
4.78
4.71
4.84
5.09
5.16
5.09
5.13
5.16
5.28
5.26
5.22
5.13
5.28
5.23
5.17
5.31
5.25
5.32
5.37
5.4
5.68
5.69
5.8
5.76
5.83
5.81
5.87
6.16
6.16
6.09
6.13
6.25
6.19
6.43
6.28
6.2
6.14
6.25
6.57
6.92
6.59
6.35
6.05
6.23
6.14
5.85
5.95
5.85
5.72
5.73
5.71
5.63
5.61
5.48
5.6
5.57
5.68
5.74
5.64
5.66
5.65
5.59
5.49
5.38
5.48
5.38
5.47
5.44
5.43
5.47
5.5
5.48
5.45
5.4
5.45
5.37
5.34
5.3
5.34
5.27
5.18
5.44
5.34
5.39
5.37
5.35
5.38
5.35
5.2
5.12
5.17
5.15
5.12
5.14
5.09
5.08
5.13
5.01
5
5.15
5.08
5.06
5.29
5.38
5.35
5.29
5.32
5.44
5.37
5.39
5.42
5.38
5.3
5.36
5.33
5.61
5.55
5.45
5.5
5.56
5.44
5.62
5.66
5.59
5.7
5.66
5.59
5.4
5.41
5.42
5.42
5.48
5.39
5.39
5.4
5.6
5.59
5.58
5.43
5.38
5.44
5.4
5.29
5.29
5.35
5.53
5.59
5.88
5.99
6.1
5.81
5.6
5.63
5.44
5.37
5.38
5.36
5.4
5.45
5.41
5.41
5.3
5.24
5.29
5.38
5.16
5.26
5.48
5.77
5.8
5.85
5.83
5.8
5.73
5.9
5.96
5.87
5.88
5.95
5.95
6.15
6.21
6.29
6.27
5.99
6.17
6.14
6.19
6
5.86
5.79
5.86
5.88
5.75
5.77
5.78
5.9
5.79
5.68
5.85
5.8
5.85
5.68
5.59
5.49
5.6
5.46
5.75
5.69
5.5
5.53
5.6
5.7
5.63
5.6
5.58
5.48
5.5
5.35
5.32
5.28
5.27
5.2
5.09
5.07
5.14
5.09
5.23
5.13
5.02
5.15
4.99
4.9
4.89
4.9
5.08
5.35
5.63
5.8
5.94
5.75
5.95
5.67
5.4
5.67
5.45
5.5
5.49
5.35
5.36
5.38
5.27
5.33
5.22
5.48
5.57
5.48
5.43
5.43
5.58
5.41
5.41
5.28
5.03
5.29
5.2
5.2
5.27
5.52
5.74
5.81
5.92
5.8
5.82
6.13
6.14
6.06
6.38
6.72
6.7
6.82
6.7
6.81
7.11
7.1
7.29
7.07
7.22
7.4
7.37
7.44
7.6
7.5
7.26
7.19
7.24
7.16
7.17
7.11
7.38
7.5
7.45
7.33
7.32
7.39
7.36
7.15
7.17
7.24
7.44
7.35
7.42
7.38
7.57
7.96
7.93
8.07
7.69
7.82
7.64
7.94
7.88
8.22
8.22
8.22
8.22
8.22
7.87
7.76
8.05
8.47
8.07
8.49
8.09
7.7
7.33
6.98
6.88
6.55
6.88
6.86
6.69
6.94
7.01
6.99
6.66
6.34
6.44
6.31
6.48
6.82
6.66
6.34
6.04
6.1
5.81
5.69
5.7
5.67
5.56
5.54
5.39
5.21
5.1
5.22
5.18
5.45
5.74
5.81
5.81
5.9
5.9
5.83
5.93
6.02
5.94
5.97
6.08
6.11
6.05
5.86
6.17
6.06
5.77
6.06
6.02
5.94
5.72
5.56
5.6
5.53
5.6
5.33
5.26
5.36
5.12
4.88
4.65
4.66
4.54
4.39
4.37
4.48
4.33
4.56
4.69
4.65
4.67
4.7
4.7
4.8
4.82
4.67
4.47
4.49
4.5
4.43
4.43
4.43
4.43
4.43
4.43
4.43
4.6
4.5
4.49
4.36
4.35
4.41
4.2
4.26
4.48
4.55
4.34
4.13
3.93
3.92
3.9
3.81
3.73
3.72
3.68
3.53
3.45
3.54
3.73
3.79
3.77
3.59
3.68
3.59
3.48
3.35
3.53
3.52
3.71
3.9
4
4.21
4.2
4.22
4.3
4.41
4.35
4.37
4.33
4.23
4.33
4.56
4.53
4.46
4.5
4.45
4.38
4.6
4.53
4.5
4.59
4.67
4.66
4.45
4.51
4.45
4.35
4.25
4.26
4.27
4.29
4.23
4.33
4.4
4.29
4.25
4.27
4.33
4.55
4.56
4.56
4.63
4.41
4.23
4.28
4.41
4.2
4
3.95
3.95
3.88
3.81
3.82
3.8
3.8
3.8
3.76
3.77
3.82
3.92
3.92
3.97
4.03
3.85
3.74
3.7
3.67
3.61
3.79
3.74
3.77
3.71
3.68
3.59
3.59
3.59
3.5
3.68
3.87
3.8
3.86
4.04
3.9
3.77
3.88
4.02
3.83
3.72
3.73
3.59
3.55
3.61
3.53
3.53
3.53
3.63
3.58
3.68
3.87
3.89
3.7
3.56
3.39
3.35
3.4
3.39
3.44
3.36
3.39
3.35
3.32
3.16
3.01
3.12
3.25
3.36
3.27
3.44
3.37
3.55
3.47
3.46
3.34
3.18
3.03
2.89
3.04
3.2
3.09
3.04
2.9
2.76
2.63
2.5
2.39
2.44
2.4
2.38
2.27
2.16
2.06
2.03
2.05
2.01
2.01
1.99
1.94
2
2
1.96
2.01
1.97
1.91
1.84
1.84
1.84
1.91
1.94
1.99
1.97
1.92
2.02
2.13
2.11
2.02
1.98
1.99
1.98
2.08
2.19
2.09
1.99
1.98
1.89
1.85
1.8
1.71
1.7
1.69
1.75
1.71
1.7
1.72
1.77
1.8
1.78
1.73
1.82
1.73
1.68
1.6
1.55
1.53
1.46
1.44
1.45
1.4
1.43
1.43
1.5
1.56
1.64
1.63
1.72
1.67
1.69
1.66
1.62
1.59
1.62
1.71
1.7
1.79
1.77
1.86
1.87
1.89
1.95
2.05
2.05
2.05
2.05
2.05
2.05
1.99
1.98
2
2.1
2
1.9
1.9
1.81
1.88
1.88
1.94
2.04
2.07
2.18
2.29
2.41
2.36
2.38
2.37
2.49
2.44
2.52
2.65
2.79
2.8
2.95
3.11
2.96
3.12
3.28
3.32
3.31
3.42
3.6
3.79
3.99
3.82
3.84
4.03
4.15
4.11
4.3
4.28
4.51
4.34
4.15
4.04
4.02
3.97
3.85
3.77
3.81
4.01
4.1
3.98
4.13
4.22
4.08
4.06
3.89
3.78
3.67
3.65
3.8
3.98
4.19
4.21
4.04
4.14
3.94
3.94
4.15
4.01
4.22
4.44
4.67
4.92
5.18
5.45
5.45
5.67
5.67
5.51
5.52
5.49
5.47
5.67
5.52
5.6
5.65
5.65
5.81
5.68
5.98
6
6.21
6.2
6
6.13
6.04
6.31
6.23
6.56
6.55
6.68
6.68
6.68
6.7
6.38
6.08
5.79
5.51
5.25
5.45
5.56
5.85
6.14
6.32
6.27
6.6
6.36
6.22
6.48
6.37
6.07
6.07
6.27
6.6
6.95
7.28
7.23
7.61
7.61
7.57
7.68
7.63
7.55
7.53
7.93
8.35
8.55
9
8.76
8.68
9.03
9.25
8.83
8.96
9.15
9.01
9.06
8.63
8.22
8.22
8.3
8.7
8.61
8.75
8.59
8.34
8.41
8.33
8.34
8.34
8.34
8.34
8.34
8.34
8.09
7.7
8.1
8.43
8.36
8.77
9.23
9.23
8.79
9.03
9.5
10
9.89
10.1
10.42
10.27
9.78
10.14
10.39
10.55
10.05
9.57
9.57
9.11
8.68
8.68
8.68
8.27
8.16
7.77
7.84
7.62
7.26
7.19
7.09
7.2
7.25
7.05
7.33
7.25
7.24
6.94
6.8
6.89
6.8
6.73
6.65
6.89
6.63
6.64
6.69
6.88
6.78
7.14
7.35
7.23
7.11
7.15
7.29
7.1
6.94
7.3
7.5
7.89
8.3
7.9
7.54
7.54
7.39
7.32
7.21
7.59
7.86
8.27
8.11
8.4
8.1
7.98
8.06
7.9
8
8.39
8.83
8.76
8.68
8.58
8.76
8.76
8.76
8.76
8.76
8.76
8.48
8.08
7.95
7.98
8.15
8.3
8.4
8.44
8.48
8.08
8.1
7.8
8.08
8.5
8.84
8.84
8.42
8.02
7.96
7.58
7.65
7.44
7.64
7.8
7.43
7.08
6.74
6.74
6.55
6.38
6.65
6.42
6.51
6.33
6.66
7.01
7.38
3.73
3.73
3.73
3.73
3.73
3.73
3.73
3.73
3.73
3.73
3.73
3.73
3.73
3.73
3.73
3.73
3.73
3.73
3.73
3.73
3.73
3.73
3.73
3.73
3.73
3.73
3.73
3.73
3.73
3.73
3.73
3.73
3.73
3.73
3.73
3.73
3.73
3.73
3.73
3.73
3.73
3.73
3.55
3.38
3.22
3.07
2.92
2.78
2.65
2.65
2.65
2.65
2.65
2.65
2.65
2.65
2.65
2.65
2.65
2.65
2.65
2.65
2.65
2.65
2.65
2.65
2.65
2.65
2.65
2.65
2.65
2.65
2.65
2.65
2.65
2.65
2.65
2.65
2.65
2.65
2.65
2.65
2.65
2.65
2.65
2.65
2.65
2.65
2.65
2.65
2.65
2.65
2.65
2.65
2.65
2.65
2.65
2.65
2.65
2.65
2.65
2.65
2.65
2.65
2.65
2.65
2.65
2.65
2.65
2.65
2.65
2.65
2.65
2.65
2.65
2.65
2.65
2.65
2.65
2.65
2.65
2.65
2.65
2.65
2.65
2.65
2.65
2.65
2.65
2.65
2.65
2.65
2.65
2.65
2.65
2.65
2.65
2.65
2.65
2.65
2.65
2.65
2.65
2.65
2.65
2.65
2.65
2.65
2.65
2.65
2.65
2.65
2.65
2.65
2.65
2.65

