22.25
22
22.6
21.95
22
22
21.9
22.15
22.35
21.75
22.45
22.25
22.75
23.25
21.25
22.25
19.8
21.95
22.6
22.45
23.2
20.8
20.95
20.95
20.85
21.55
20.6
20.6
20.2
19.8
19
18.95
18.7
18.7
17.45
17.4
17.4
17.4
17.8
17.65
17.7
18.55
18.95
18.3
18.65
18.8
18.9
18.9
18.75
18.25
18.45
18.45
19.1
18.1
18.25
18.35
18.5
19
17.25
16.6
16.75
17
16.5
16.25
15.8
15.8
16
15.9
16.15
15.9
15.9
16
15.85
16.45
15.9
15.45
15.45
15.55
15.7
15.5
15.55
15.95
15.05
14.8
14.8
15.3
15.15
15.1
15.7
15.35
15.45
15.15
15.45
15.75
17.2
17.8
17.85
18.1
17.9
18.25
17.9
18.65
19.25
19.75
20.15
20.9
20.95
19.6
19.65
19
19.05
19.3
19.35
18.8
19.1
19.45
19.65
19.6
20.7
19.95
19.8
19.85
20.35
19.9
18.8
19.25
19.55
20.65
20.95
19.85
16.55
16.6
15.95
15.85
16.5
17.15
16.4
17
16.15
15.65
15.25
15.3
14.9
15.1
14.95
15.15
15.45
15.65
15.85
15.85
15.6
15.75
16.55
17.05
17.05
17
17.05
17.15
17.35
17.6
17.75
17.85
18
17.85
17.65
17.8
17.95
17.75
18.65
18.2
17.45
17.9
18.55
18.5
18.15
18.15
18.1
18.15
18.3
18.3
18.85
19.1
19.15
19.35
20.1
20.25
20.95
21
21
21.4
20
19.85
19.65
19.8
18.85
18.85
18.85
18.2
18.5
17.3
16.8
16.7
17.5
18.05
19.25
20.35
21.15
20.1
21.3
22.3
22.4
21.05
26
25.5
26.6
26.6
26.6
27.05
27.35
29.15
28.4
28.95
29.05
29.55
29.9
29.05
29.65
27.55
27.55
27.35
28.25
27.5
27.3
27.25
27.6
28.8
30.4
28.35
29
28.9
28.7
28.1
26.95
27.55
27.55
27.65
27.95
28.25
28.2
27.65
28.2
28.55
28
27.4
27.3
27.7
27.1
26.75
27.35
27.55
27.65
27.3
27.15
27.2
27.45
28.55
28.55
25.45
25.85
25.4
26.15
25.3
25.15
26.65
26.8
27.6
28.25
27.75
28.55
28.55
28.6
28.95
26.65
27.1
27.75
27.6
27.7
27.45
28.55
27.85
27.95
28.5
29.3
28.1
28.45
29.55
30.1
30.25
30.25
30.65
31.05
31.05
30.15
30.15
29.8
29.8
30.35
27.25
27.15
26.75
26.75
26.75
26.65
26.65
26.15
26.25
27.15
27.15
27.4
26.1
26.9
26.2
25.95
26.6
26.6
26.6
26.6
27.05
27.4
26.5
26.45
28.25
28.9
29.95
30.35
31.3
30.1
30.25
32.65
31.55
31.6
31.5
32.5
33.3
34.65
33.8
32.05
30
29.4
28.95
28.95
29.6
29.55
30.05
31.3
30.35
30.35
30.55
30.4
29.3
29.3
28.55
30.7
29.05
28.6
30.25
30.95
32.05
29.8
29.45
30.25
31.25
30.7
30.7
31.7
33.45
33.8
34.2
35.1
32.95
32.75
33.1
32.15
31.45
31.05
33.35
34.1
34.5
38
36.4
34.7
36.35
37.45
35.7
36.4
37.35
38.15
37.3
37
37
34.05
34.75
31.85
29.4
29.15
32.35
32.95
32.45
32.7
32.95
33.15
34
32.8
33.25
31
30.2
30.35
31.15
30.7
31.85
26.7
27.05
26.15
22.15
20.3
19.4
20.55
19.8
17.75
17.15
16.75
17
17.05
17.1
17.4
17.65
17.65
18.55
18.85
18.85
17.95
17.95
17.05
16.7
16.45
16.45
16.15
16.95
17.4
17.4
16.1
16.3
15.85
15.85
15.85
15.75
16.15
15.75
15.2
14.85
14.55
14.2
14.35
14.05
14.1
14.1
14.2
14.15
14.25
14.25
14.6
14.2
14.25
14.35
14.3
14.2
14.05
14.2
13.9
14.1
14.1
14.1
14.15
14.4
14.2
14.2
14.3
14.35
14.55
14
14.1
14.45
14.55
14.7
14.75
14.95
14.95
15
15.2
15.7
14.65
14.95
15.45
16
15.4
14.7
14.85
15
14.95
14.9
15.35
15.7
15.85
16.45
16.75
17.4
17
17.6
15.95
15.3
15.15
15.1
14.6
14.85
15
15.3
14.9
14.9
14.5
13.1
13.75
13.9
13.85
14
14.1
14.35
14.35
14.5
14.5
14.75
14.8
14.85
14.7
14.75
14.7
14.8
14.85
14.1
14.3
14.25
14.4
14.75
14.95
15
15
15
15
14.85
15.2
14.95
15.25
15.85
15.5
14.95
14.95
14.5
14.2
14.5
14.35
14.6
14.75
15
15.15
14.55
14.4
14.55
14.6
14.6
14.9
15.05
15.2
15.05
15.05
15.1
15.1
15.3
15.45
15.45
14.85
15.75
16.15
16.7
15.25
13.9
13.5
14.55
14.55
14.4
15.05
15.8
15.4
12.85
11.95
10.75
10.75
10.9
10.05
10.05
10.15
9.9
9.95
10.15
10.25
10.7
10.9
10.95
10.8
11.15
10.05
10.75
12.15
12.15
12.7
13.3
13.4
13.4
13.25
12.85
12.9
13.55
13.7
13.95
14.1
14.35
14.4
14.85
15.55
16.05
16.55
16.6
16.8
17.15
16.75
17.05
17.25
17.55
17.5
17.8
17.55
17.65
17.3
17.5
18.1
18.25
17.35
16.9
16.8
17.1
17.7
17.85
18.15
19
18.35
18.05
18.2
18.15
19
19.1
19.5
18.8
18.95
18.8
18.15
18.05
18.2
19.7
20.25
21.2
21.15
20.8
20.95
21.8
22.1
22.85
21.6
22.3
22.35
22.65
23.4
24.05
23.45
23.4
23.15
22.75
20.25
20.15
20.1
20.1
20.2
20.35
20.55
20.45
20.45
20.4
19.9
19.9
20.3
20.35
20.35
20.6
20.6
20.95
20.65
21.95
21.35
20.75
20.8
21.05
19.5
18.4
18.4
18.05
18.05
18
18.15
18.05
18.9
20.15
20.2
20.35
19.75
19.9
20.55
20.7
20.7
20.45
20.6
20.05
19.8
21.2
21.65
23.15
23.05
24.6
23.45
23.2
23.15
22.9
22.65
22.1
22.65
23.15
23.3
23.55
23.45
23.75
24.05
24.25
24
24.5
24.65
24.35
24.95
25.3
25.25
24.95
25.75
26.2
26.5
26.9
26.4
26.5
27.3
26.95
26.35
26.75
27.3
27.75
27.8
27.9
27.95
26.9
26.65
26.4
26.35
26.35
27.05
27.1
27.1
27.7
26.75
26.6
26.8
26.6
26.7
26.8
27.7
28.3
28.7
28.3
27.6
26.25
25.35
25.35
25.5
25.55
25.8
25.8
25.15
24.4
24.5
24.3
25.6
26.25
26.45
27
26.8
26.8
26.8
26.8
27.45
27.3
26.55
26.65
26.65
26.6
26.3
26.6
27.45
27.9
27.9
28.5
28.5
28.7
28.55
29.2
28.25
28.5
28.85
28.9
29.3
29.1
29.35
30.15
30.3
31.6
32.15
31.9
31.9
32.35
32.65
38.8
38.05
37.95
38.05
39.3
38.8
38.8
40.25
41.3
39.4
39.8
37.25
37.75
38.55
38.8
37.7
37.7
37.7
37.1
40.3
43.15
42.45
41.2
40.5
39.15
34.95
33.4
33.2
33.2
33.4
33.25
33.25
33.4
32.7
33.65
32.8
32.9
32
32.2
31.7
31.7
30.4
30.1
29.25
30
26.8
25.7
25.9
25.2
24.8
24.6
24.45
25
25.55
24.5
25.05
25.3
24.9
25.45
25
24.6
24.45
23.9
23.6
22.55
22.55
22.65
22.6
22.75
23
22.75
22.5
22.4
22.85
22.75
23.3
23.05
22.8
22.8
22.8
22.65
22.05
22.2
22.1
23.5
22.55
22.45
22.85
22.9
21.95
21.3
21.55
22.1
21.9
21.8
21.75
22.35
22
22.7
22.85
23.1
23.65
24.35
23.9
24.8
25.6
25.05
24.9
24.55
24.9
25.6
25.95
26.4
27.6
27.45
27.65
27.8
27.5
27.5
28
27.35
27.8
27.15
28.1
28.1
28.1
28.4
28.25
27.4
26.4
27.5
28.85
28.75
29.7
29.3
30.9
30.2
29.75
30.1
31.45
32.95
33.35
31.95
32
33.75
29.95
30.3
32.4
32.25
33.75
32.15
31.75
28.75
30.95
31.85
32.05
34.1
34.25
34.25
29.2
29.35
28.7
29.05
29.3
29.15
28.9
28.5
29.35
29.8
30.1
30.1
30.8
28.9
30.35
30
30
28.5
27.45
27.1
27.8
27.8
28.9
28.55
28.55
27.95
28.6
27
26.7
25.7
24.2
24.3
24.45
23.1
22.8
22.95
23
23.95
24.3
23.85
24.35
23.55
22.9
23.85
24.2
24.75
25.05
25.15
25.1
27.1
27.7
27.1
27.5
27.5
27.25
26.7
26.6
26.55
26.6
25.45
26
24.6
25.8
25.35
26
26.4
26.75
27.35
29.2
29.9
30.3
31.05
31.05
30.5
30.45
30.45
31.35
31
30.3
29.55
29.45
29.85
30.2
30.55
29.9
30.6
31.15
30.35
30.55
31.1
31.05
30.3
29.3
30.35
30.95
31.6
32.05
32.15
33.1
32.5
33.4
34.35
35.9
35.4
34.85
34.8
35.1
34.9
34.95
34.95
35.8
37.8
37
36.25
36.7
35.85
35.4
35.7
33.15
36.65
36.8
37.6
35.95
34.95
35.85
37.25
37.55
40.65
41.5
43.55
39.8
41.1
42.45
44.65
45.3
44.5
46
47.25
47.65
47.5
46.15
48.1
44.1
43.25
43.8
44.4
43.8
43.9
44
43.8
43.3
43.75
44.4
44.85
44.5
44.6
44.8
43.95
42.95
43.05
42.9
42.55
42.05
41.1
42.15
42.55
43
44.4
44.95
45.3
45.25
45.25
44.6
44.8
45.2
45.4
45
45.15
45.35
45.75
45.4
44.55
44.15
43.05
43.7
44
43.9
45.25
45.25
46.15
44.9
45.95
44.6
45.35
44.95
44.95
45.6
45.6
44.9
45.6
45.45
47.55
48.35
47.6
48
47.85
47.85
48.05
48.05
48.15
47.9
48.7
48.5
47.5
48.4
50.3
50.1
49.3
47.95
47.8
45.35
45.45
45.15
45.4
46.1
45.95
44.65
44.1
43.9
44.05
44.3
45.2
43.9
45.3
43.7
45.15
42.35
41.95
40.85
41.8
41.25
41.35
40.35
40.45
39.15
43.45
43
44.05
42.8
45.15
44
44.15
44.1
42.45
41.35
40.8
44.1
45.95
46
47.85
46.8
46.25
48.1
48.3
49.25
51.35
51.95
51.65
51
51.15
51.55
51.05
51.5
52.65
52.9
52.05
53
55.05
56.75
56.95
57.85
57.45
55
53.3
53.45
53.35
53.15
53.9
52.65
52.9
52.95
53.1
53.4
53.15
53.2
53
51.15
50.5
53.2
53.2
53.8
53.85
54.6
54.4
52.75
50.9
51.7
55.2
55.65
55.85
57.7
57.15
60.7
59.9
61.45
62.75
65
66.3
67.2
66.4
67.45
67.65
69.7
70.5
68.45
67.5
68.7
70
69.1
70.45
67.25
67.3
66.6
67.1
66.15
67.1
67.2
69.15
67.55
65.65
65.35
66.1
66.55
66.4
64.15
63.5
61.95
63.4
63.95
63.8
63.95
63.7
63.7
63.7
64.55
64
63
64.7
63.9
63.95
64.65
65.15
63.75
63.65
63.3
63.65
62.7
61.2
62.05
62.15
62.85
64.15
65.7
65.55
64.7
64.45
63.95
63.8
64.2
64.7
66.15
65.55
66.85
67.25
67.55
68.35
68.6
67.45
66.75
67.4
67.1
69.45
67.35
66.6
67.2
66.6
65.75
64.4
64.35
64.9
64.55
64.75
65.15
66.65
67.05
65.65
65.85
65.85
64.5
65.1
65.75
66.35
64.25
65.1
64.45
63.95
64.5
64.85
63.85
64.25
64.35
61.35
55.6
54.3
53.5
53.85
53.4
53.75
55.15
56.45
56.05
55.1
53.7
55.5
55.95
55.25
56.65
55.9
56.75
56.4
56.45
56.2
60.4
61.85
64.4
65.8
66.65
68.15
69.4
68.5
69.85
70.2
70.25
71.05
71.05
71
71.2
72.35
72.55
72.6
73.25
73.05
72.95
72.5
72.9
73.55
73.65
74.35
75.75
74.8
76
77.2
74.75
73.35
73.2
73.75
73.3
72.35
72.35
72.8
73.4
75.2
72.7
72.6
73.1
71.95
72.75
72.9
74.3
73.6
75.05
75.4
74.35
73.35
72.15
71.85
71.35
71.95
73.45
74.6
75.7
74.9
75.15
72.65
71.7
73.25
72.3
74.15
73.05
71
72.1
73.7
72.4
74.75
75.8
75.55
77.95
88.5
82.3
82.7
84.95
86.45
89.25
90.05
88.05
86.05
85.6
84.15
88.6
83.6
84.65
84.2
85.75
77.6
73.75
73.7
74.45
74.3
73.8
73.8
73.85
73.55
72.25
71.65
72.25
73.3
73.35
73.05
74.55
75.95
75.55
74.4
75.05
74.65
75.1
75.6
76
75.9
73.75
72.4
73.5
75.1
75.2
75
74.95
74.8
77
76.25
77.45
76.9
77.95
78.65
72.45
71.95
71.65
72.15
70.55
66.55
68.7
68.95
69.75
73.4
74.5
78
79.7
79.65
80.9
81.45
82.2
82.1
81.25
81.25
82.5
82.45
82.6
82.25
83.05
82.9
87.3
90.75
90.6
91.5
90.85
90.6
90.5
89.7
91.1
93.25
92.4
92.4
92.1
93.7
92.7
91.95
93
92.9
93.3
94.35
94.8
93.5
93.45
93.1
93.95
95.05
96.25
95.75
95.3
95
95.15
94.25
93.75
92.9
94.85
93.95
97.9
99.45
96.65
94.45
94.85
96.2
97.25
99.9
101.3
99.45
102.6
102
103.75
107.35
106.2
101.35
97.7
96.05
97.45
96.7
95.6
93.45
94.9
90.95
87.05
88.35
90.75
91
95.2
96.2
107.3
107.15
101.85
97.45
100.8
100.4
99.2
99
97.05
95.45
100.85
98.15
103.3
109.1
106.55
109.55
116
111.15
112.1
108.45
117.65
117.8
110.9
107
108.55
104.2
101.6
105
95.3
99.3
93.3
92.15
88.45
82.6
88.8
76.2
76.2
74.3
71.15
71.45
72.05
72.7
71.95
70.25
69.25
71.9
71.9
72
72.05
73.25
73.6
73
71.8
74.15
75.1
74.7
74.45
75.85
75
74.95
73
73.15
71.45
70.7
70.15
71.05
69.75
69
69.5
72
68.3
68.95
68
65.45
64.25
64.6
65.2
65
62.9
61.4
59.6
59.7
61.25
62.6
63.7
64.1
64.15
64.3
64.1
65.55
64.7
65.2
66
66.1
67
68.25
70.05
69.15
69.65
70.75
68.15
67.95
68.4
68.35
68.4
68.75
72.3
72.7
70.9
69.15
69.5
71.15
71.35
72.45
73.35
74.35
71.95
74.3
72.8
73.75
74.9
77
77.45
81.1
82.95
81.8
80.2
79.15
79.95
78.5
79.4
79.85
79.6
80.5
80.6
80.05
79.15
77.65
78.25
81.1
74.8
76.8
75.2
73.05
73.45
73.4
71.05
70.95
73.45
74.2
72.5
71.2
69.7
69.15
69.4
72.1
71.35
73.95
71.75
69.8
70.65
74.75
70.15
68.2
69.9
71.9
69
65.95
59.6
62.4
58.55
60.15
65.05
66.9
67.35
65.95
62.9
66.4
65.75
69.75
67.75
62.85
70.5
76.95
81
83.95
85.5
84.45
84.3
86.45
89.15
91.15
89.95
89.9
90.45
86.9
90.05
92.45
91.7
96.6
97.5
98.65
99.6
98.55
97
98.3
98.9
97.5
99
97.7
101.65
102.2
101.7
101.65
100.5
103.65
104.45
104.05
107.05
109.45
106.35
108.65
108.5
109.75
105.05
107.3
107.4
107.75
103.65
107.35
101.55
103.75
102.35
103.7
96.8
93.8
93
92.35
93.2
91.1
91
92
92.05
93.6
91.05
89.85
89
87
85.1
87.85
87.45
90.3
91.55
92.2
92.7
91.35
94.1
94.55
97.3
95.5
95.6
95.25
94.5
94.45
95.15
94
94.75
96.2
94.9
93.55
96.6
94
93.05
94.5
98.4
98.3
98.85
102
103.35
104.8
104.15
104.15
103.85
101.4
101.25
101.65
102.15
104.6
106.4
108.6
111.45
111.8
110.4
114.5
114.15
112.65
108.55
111.55
112.7
109
105.5
100.2
99.8
99.7
99.4
99.95
99.95
100.85
99.05
100.8
100.7
99.85
96.6
99.95
97.75
98.9
98.3
93.75
97.55
98.95
96.8
100.35
101.4
106.2
108.85
109.95
109.7
115
113.75
115.85
119.1
119
121.85
122.05
120.4
119.3
121.5
123.45
124.45
126.6
126.5
124.75
119.65
116.55
121.35
123.7
125.3
128.25
130.4
129
123.25
118.95
123.65
132.25
132.45
132.9
124.85
129.75
118.15
141.7
170.15
182.4
183.1
189.2
193.05
189.1
187.25
196.8
197.65
204.85
208.05
211
210.65
207.9
192.4
181.4
183.4
184.4
181.4
178.4
181.4
176.6
179.3
186.25
188.75
193.2
194.55
178.75
177.55
179.6
181.7
177.85
175.35
171.85
160.2
165.35
165.45
165.2
165.5
163.35
165.2
175.9
185.6
184.2
180.4
175.4
165.7
155.25
158.65
158.7
160.15
161
165.5
167.3
168.3
179.45
190.2
192.8
180.55
179.35
179.75
180.7
176.3
171.25
166.9
164.95
169.55
168.15
161.3
163
153.1
154.7
149.25
154.25
158.7
158
161.3
160.65
164.15
163.65
157.3
154.9
155.3
151.2
150.95
149.2
146.65
145.25
144.75
145.45
145.1
144.65
145.05
147.5
144.8
142.1
141.75
141.4
138.8
137.3
135.95
137.25
134.85
130.9
133.2
132.35
134.15
133.75
135.75
142.55
142.1
140.4
145
146
142.5
139.75
143.1
142.05
142.25
150.45
148.95
150.75
160.1
158.6
157.15
159
158
161.35
162.65
162.65
168
162.8
167.2
167.75
164.6
165.2
163.45
162.9
162.75
163.2
162.45
160.65
157.15
158.55
158.55
161.75
160.55
159
160.25
154.75
153.25
153.4
154.45
152.75
152.5
152.9
155.75
158.2
160.05
165.9
162.65
163.45
152.95
154.45
155.85
154.1
153.3
154.8
154.8
154.05
154.15
154
156.1
155.55
154.25
153.5
152.05
149.9
150.1
148.45
152.2
152.45
150.6
148.3
150.65
153.1
149.9
152.35
161.85
164.35
162.5
161.9
158.8
161.75
158.4
151.8
153.2
154.15
153.65
147.9
145.25
143.1
142.35
146.75
146.05
148.45
148.8
146.05
149.25
146.55
145.15
147.85
142.05
142.5
138.9
142
139.15
142.4
150.3
143.15
141.2
134.05
135.1
133.9
133.3
139
140.8
138.75
140.4
143.1
144.85
149.15
151.8
146.25
141
143.95
157.7
164.05
164.1
164.85
167
169.1
169.5
165.85
169.15
172.25
166.95
168.6
168.05
170.05
161.3
162.35
160.95
160.6
164.1
160.9
156.15
154.6
157.8
149.05
146.55
150.7
146.85

